   15637 1407.351801140000100 2020  1  2 05:46:33.956789374352 28277258.2 6425.2 2.272731e-004
   15685 1411.671761140000200 2020  1  2 05:46:38.276741802692 28276697.4 5864.4 2.074364e-004
   15733 1415.991745860000000 2020  1  2 05:46:42.596734464169 28276140.8 5307.8 1.877483e-004
   15781 1420.311738140000000 2020  1  2 05:46:46.916727125645 28275598.9 4765.9 1.685801e-004
   15829 1424.630132999999900 2020  1  2 05:46:51.235150694847 28274960.3 4127.3 1.459915e-004
   15877 1428.951706860000100 2020  1  2 05:46:55.556712448597 28274487.2 3654.2 1.292569e-004
   15925 1433.271695710000100 2020  1  2 05:46:59.876705110073 28273918.9 3085.9 1.091549e-004
   15973 1437.591691570000000 2020  1  2 05:47:04.196697771549 28273364.9 2531.9 8.955873e-005
   16021 1441.911693140000400 2020  1  2 05:47:08.516690433025 28272796.7 1963.7 6.946028e-005
   16066 1445.961709860000200 2020  1  2 05:47:12.566718757153 28272276.4 1443.4 5.105615e-005
   16069 1446.231685000000200 2020  1  2 05:47:12.836683094501 28272231.1 1398.1 4.945380e-005
   16114 1450.281710000000000 2020  1  2 05:47:16.886711418629 28271688.7  855.7 3.026794e-005
   16117 1450.551700140000100 2020  1  2 05:47:17.156715989113 28271671.0  838.0 2.964186e-005
   16162 1454.601689140000200 2020  1  2 05:47:21.206704080105 28271128.4  295.4 1.044893e-005
   16165 1454.871676000000000 2020  1  2 05:47:21.476668417454 28271093.0  260.0 9.196758e-006
   16210 1458.921692290000000 2020  1  2 05:47:25.526696741581 28270545.2 -287.8 -1.018010e-005
   16213 1459.191693999999900 2020  1  2 05:47:25.796701312065 28270535.8 -297.2 -1.051260e-005
   16258 1463.241762570000000 2020  1  2 05:47:29.846769869328 28270029.4 -803.6 -2.842506e-005
   16261 1463.511699290000000 2020  1  2 05:47:30.116693973541 28269966.6 -866.4 -3.064643e-005
   16306 1467.561692289999900 2020  1  2 05:47:34.166682064533 28269425.0 -1408.0 -4.980398e-005
   16309 1467.831698860000000 2020  1  2 05:47:34.436686635017 28269403.0 -1430.0 -5.058217e-005
   16354 1471.881700429999900 2020  1  2 05:47:38.486714959145 28268871.9 -1961.1 -6.936831e-005
   16402 1476.201697000000200 2020  1  2 05:47:42.806707620621 28268311.2 -2521.8 -8.920147e-005
   16450 1480.521719710000100 2020  1  2 05:47:47.126700282097 28267730.7 -3102.3 -1.097350e-004
   16498 1484.841709000000000 2020  1  2 05:47:51.446692943573 28267185.0 -3648.0 -1.290376e-004
   16546 1489.161716429999800 2020  1  2 05:47:55.766725838184 28266617.5 -4215.5 -1.491113e-004
   16594 1493.481731570000000 2020  1  2 05:48:00.086718499660 28266061.1 -4771.9 -1.687923e-004
   16613 1495.192067709999900 2020  1  2 05:48:01.797069311142 28265822.0 -5011.0 -1.772498e-004
   16642 1497.801739860000000 2020  1  2 05:48:04.406751394272 28265518.7 -5314.3 -1.879782e-004
   16661 1499.511773570000100 2020  1  2 05:48:06.116780340672 28265303.9 -5529.1 -1.955761e-004
   16690 1502.121755710000100 2020  1  2 05:48:08.726744055748 28264964.5 -5868.5 -2.075814e-004
   16709 1503.831786860000000 2020  1  2 05:48:10.436773002148 28264750.7 -6082.3 -2.151440e-004
   16738 1506.441777570000100 2020  1  2 05:48:13.046776950359 28264422.8 -6410.2 -2.267425e-004
   16757 1508.151799000000000 2020  1  2 05:48:14.756805896759 28264212.5 -6620.5 -2.341813e-004
   16786 1510.761801860000100 2020  1  2 05:48:17.366809844971 28263868.2 -6964.8 -2.463599e-004
   16805 1512.471804860000000 2020  1  2 05:48:19.076798558235 28263667.7 -7165.3 -2.534520e-004
   16834 1515.081817289999900 2020  1  2 05:48:21.686802506447 28263342.4 -7490.6 -2.649586e-004
   16853 1516.791843430000000 2020  1  2 05:48:23.396831452847 28263130.9 -7702.1 -2.724398e-004
   16882 1519.401929570000000 2020  1  2 05:48:26.006915867329 28262817.6 -8015.4 -2.835219e-004
   16901 1521.111840709999800 2020  1  2 05:48:27.716824114323 28262601.9 -8231.1 -2.911517e-004
   16930 1523.721872290000000 2020  1  2 05:48:30.326868295670 28262277.5 -8555.5 -3.026264e-004
   16949 1525.431869570000100 2020  1  2 05:48:32.036857008934 28262071.2 -8761.8 -3.099237e-004
   16978 1528.041889710000100 2020  1  2 05:48:34.646901190281 28261769.9 -9063.1 -3.205813e-004
   16997 1529.751890569999900 2020  1  2 05:48:36.356889903545 28261557.7 -9275.3 -3.280873e-004
   17026 1532.361930999999900 2020  1  2 05:48:38.966934084892 28261253.7 -9579.3 -3.388404e-004
   17494 1574.482325289999800 2020  1  2 05:49:21.087325215340 28256535.5 -14297.5 -5.057332e-004
   17542 1578.802265569999900 2020  1  2 05:49:25.407277643681 28256095.3 -14737.7 -5.213041e-004
   17638 1587.442364860000000 2020  1  2 05:49:34.047383666039 28255250.4 -15582.6 -5.511900e-004
   17830 1604.722524710000000 2020  1  2 05:49:51.327515244484 28253587.9 -17245.1 -6.099962e-004
   17926 1613.362625430000000 2020  1  2 05:49:59.967621266842 28252814.7 -18018.3 -6.373459e-004
