   15587 1402.853732139999900 2020  1  2 05:46:29.458724856377 28302054.3 31221.3 1.104364e-003
   15638 1407.443163710000100 2020  1  2 05:46:34.048158824444 28301925.6 31092.6 1.099812e-003
   15971 1437.412729570000000 2020  1  2 05:47:04.017740786076 28300928.4 30095.4 1.064539e-003
   16022 1442.002522569999900 2020  1  2 05:47:08.607536852360 28300770.9 29937.9 1.058968e-003
   16070 1446.322430709999700 2020  1  2 05:47:12.927449047565 28300587.4 29754.4 1.052477e-003
   16214 1459.282166569999800 2020  1  2 05:47:25.887185633183 28300039.2 29206.2 1.033086e-003
   16406 1476.561822859999900 2020  1  2 05:47:43.166834414005 28299211.4 28378.4 1.003805e-003
   16502 1485.201638140000100 2020  1  2 05:47:51.806618571281 28298744.9 27911.9 9.873038e-004
   16550 1489.521948709999800 2020  1  2 05:47:56.126933097839 28298482.4 27649.4 9.780186e-004
   16598 1493.841497429999900 2020  1  2 05:48:00.446483194828 28298229.8 27396.8 9.690836e-004
   16646 1498.161411999999700 2020  1  2 05:48:04.766395390034 28297976.8 27143.8 9.601344e-004
   16694 1502.481340429999800 2020  1  2 05:48:09.086347818375 28297709.6 26876.6 9.506830e-004
   16742 1506.801262000000000 2020  1  2 05:48:13.406260013580 28297424.3 26591.3 9.405913e-004
   16784 1510.581254429999900 2020  1  2 05:48:17.186243534088 28297156.7 26323.7 9.311257e-004
   16790 1511.121220429999800 2020  1  2 05:48:17.726212441921 28297128.4 26295.4 9.301247e-004
   16832 1514.901141999999900 2020  1  2 05:48:21.506155729294 28296866.6 26033.6 9.208643e-004
   16838 1515.441135140000100 2020  1  2 05:48:22.046124637127 28296824.3 25991.3 9.193680e-004
   16880 1519.221078140000100 2020  1  2 05:48:25.826067924500 28296545.1 25712.1 9.094921e-004
   16886 1519.761060289999900 2020  1  2 05:48:26.366077065468 28296508.8 25675.8 9.082081e-004
   16897 1520.751209999999900 2020  1  2 05:48:27.356214523315 28296430.4 25597.4 9.054349e-004
   16908 1521.741308140000000 2020  1  2 05:48:28.346311748028 28296367.8 25534.8 9.032206e-004
   16928 1523.540997430000100 2020  1  2 05:48:30.145980119705 28296222.0 25389.0 8.980634e-004
   16934 1524.080989430000000 2020  1  2 05:48:30.685989260674 28296186.9 25353.9 8.968218e-004
   16945 1525.071032859999800 2020  1  2 05:48:31.676046252251 28296089.5 25256.5 8.933766e-004
   16956 1526.060976430000000 2020  1  2 05:48:32.665982544422 28296015.2 25182.2 8.907484e-004
   16976 1527.860924429999800 2020  1  2 05:48:34.465932548046 28295892.4 25059.4 8.864047e-004
   16982 1528.400924140000100 2020  1  2 05:48:35.005941689014 28295849.9 25016.9 8.849014e-004
   16993 1529.390915999999800 2020  1  2 05:48:35.995918214321 28295778.9 24945.9 8.823900e-004
   17004 1530.380904569999800 2020  1  2 05:48:36.985894739628 28295682.0 24849.0 8.789624e-004
   17024 1532.180860859999900 2020  1  2 05:48:38.785844743252 28295540.9 24707.9 8.739714e-004
   17030 1532.720854430000100 2020  1  2 05:48:39.325853884220 28295501.2 24668.2 8.725671e-004
   17041 1533.710853710000300 2020  1  2 05:48:40.315870642662 28295412.0 24579.0 8.694119e-004
   17047 1534.250856290000000 2020  1  2 05:48:40.855839550495 28295373.4 24540.4 8.680466e-004
   17052 1534.700964860000100 2020  1  2 05:48:41.305967867374 28295335.0 24502.0 8.666883e-004
   17072 1536.500791430000200 2020  1  2 05:48:43.105797171593 28295182.1 24349.1 8.612799e-004
   17078 1537.040793430000100 2020  1  2 05:48:43.645806312561 28295136.4 24303.4 8.596634e-004
   17089 1538.030799290000000 2020  1  2 05:48:44.635782837868 28295044.5 24211.5 8.564127e-004
   17100 1539.020898860000000 2020  1  2 05:48:45.625880062580 28294961.3 24128.3 8.534697e-004
   17120 1540.820728859999900 2020  1  2 05:48:47.425709366798 28294807.3 23974.3 8.480224e-004
   17126 1541.360743999999800 2020  1  2 05:48:47.965758740902 28294758.1 23925.1 8.462821e-004
   17137 1542.350824289999800 2020  1  2 05:48:48.955815732479 28294674.5 23841.5 8.433250e-004
   17168 1545.140668140000100 2020  1  2 05:48:51.745661795139 28294426.8 23593.8 8.345633e-004
   17174 1545.680757140000200 2020  1  2 05:48:52.285751402378 28294375.4 23542.4 8.327452e-004
   17185 1546.670670140000100 2020  1  2 05:48:53.275687694550 28294292.0 23459.0 8.297951e-004
   17196 1547.660675860000100 2020  1  2 05:48:54.265664219856 28294180.5 23347.5 8.258512e-004
   17216 1549.460605430000200 2020  1  2 05:48:56.065614223480 28294026.3 23193.3 8.203968e-004
   17222 1550.000888569999900 2020  1  2 05:48:56.605904996395 28294000.8 23167.8 8.194948e-004
   17233 1550.990612000000100 2020  1  2 05:48:57.595599889755 28293878.8 23045.8 8.151794e-004
   17264 1553.780550570000100 2020  1  2 05:49:00.385566651821 28293623.6 22790.6 8.061524e-004
   17270 1554.320702140000100 2020  1  2 05:49:00.925696492195 28293550.9 22717.9 8.035808e-004
   17281 1555.310556710000100 2020  1  2 05:49:01.915552318096 28293464.6 22631.6 8.005282e-004
   17296 1556.660623140000100 2020  1  2 05:49:03.265615403652 28293341.3 22508.3 7.961668e-004
   17312 1558.100481999999800 2020  1  2 05:49:04.705478847027 28293187.7 22354.7 7.907337e-004
   17329 1559.630486139999900 2020  1  2 05:49:06.235504746437 28293033.6 22200.6 7.852828e-004
   17335 1560.170226569999600 2020  1  2 05:49:06.775232255459 28292973.6 22140.6 7.831605e-004
   17340 1560.620616859999900 2020  1  2 05:49:07.225601971149 28292918.6 22085.6 7.812150e-004
   17344 1560.980466569999900 2020  1  2 05:49:07.585447132587 28292887.9 22054.9 7.801291e-004
   17360 1562.420428289999800 2020  1  2 05:49:09.025431275368 28292748.3 21915.3 7.751912e-004
   17377 1563.950549710000100 2020  1  2 05:49:10.555537641048 28292594.0 21761.0 7.697332e-004
   17383 1564.490524860000100 2020  1  2 05:49:11.095506548882 28292537.1 21704.1 7.677206e-004
   17388 1564.940408859999900 2020  1  2 05:49:11.545393466949 28292497.3 21664.3 7.663128e-004
   17392 1565.300398429999900 2020  1  2 05:49:11.905399560928 28292444.9 21611.9 7.644593e-004
   17408 1566.740366710000000 2020  1  2 05:49:13.345383703709 28292285.7 21452.7 7.588280e-004
   17425 1568.270508000000100 2020  1  2 05:49:14.875490069389 28292136.5 21303.5 7.535505e-004
   17431 1568.810605860000100 2020  1  2 05:49:15.415619909763 28292072.1 21239.1 7.512725e-004
   17440 1569.620338569999600 2020  1  2 05:49:16.225351989269 28291981.3 21148.3 7.480607e-004
   17456 1571.060323569999800 2020  1  2 05:49:17.665336132050 28291812.7 20979.7 7.420970e-004
   17484 1573.580379289999900 2020  1  2 05:49:20.185378789902 28291546.0 20713.0 7.326632e-004
   17485 1573.670429859999800 2020  1  2 05:49:20.275420546532 28291521.8 20688.8 7.318072e-004
   17488 1573.940288430000000 2020  1  2 05:49:20.545304417610 28291498.8 20665.8 7.309937e-004
   17504 1575.380264569999800 2020  1  2 05:49:21.985248327255 28291336.1 20503.1 7.252386e-004
   17536 1578.260235860000000 2020  1  2 05:49:24.865216612816 28291004.5 20171.5 7.135092e-004
   17552 1579.700209000000100 2020  1  2 05:49:26.305200755596 28290837.3 20004.3 7.075950e-004
   17584 1582.580166860000000 2020  1  2 05:49:29.185169041157 28290494.3 19661.3 6.954624e-004
   17600 1584.020165570000000 2020  1  2 05:49:30.625153183937 28290316.7 19483.7 6.891803e-004
   17632 1586.900122140000100 2020  1  2 05:49:33.505121469498 28289968.0 19135.0 6.768460e-004
   17646 1588.160153289999900 2020  1  2 05:49:34.765142798424 28289790.9 18957.9 6.705816e-004
   17648 1588.340117860000000 2020  1  2 05:49:34.945105612278 28289782.1 18949.1 6.702703e-004
   17680 1591.220074290000000 2020  1  2 05:49:37.825073897839 28289420.6 18587.6 6.574833e-004
   17694 1592.480289860000100 2020  1  2 05:49:39.085296392441 28289264.9 18431.9 6.519758e-004
   17696 1592.660076859999900 2020  1  2 05:49:39.265058040619 28289259.1 18426.1 6.517707e-004
   17713 1594.190161000000000 2020  1  2 05:49:40.795164406300 28289031.5 18198.5 6.437200e-004
   17728 1595.540019289999900 2020  1  2 05:49:42.145026326180 28288858.5 18025.5 6.376006e-004
   17742 1596.800015289999900 2020  1  2 05:49:43.405007421970 28288696.2 17863.2 6.318597e-004
   17744 1596.980025570000000 2020  1  2 05:49:43.585010468960 28288668.0 17835.0 6.308622e-004
   17761 1598.510057140000300 2020  1  2 05:49:45.115076601505 28288443.8 17610.8 6.229318e-004
   17776 1599.859973290000000 2020  1  2 05:49:46.464978754520 28288281.0 17448.0 6.171732e-004
   17790 1601.120117999999800 2020  1  2 05:49:47.725120782852 28288114.6 17281.6 6.112873e-004
   17820 1603.819965430000100 2020  1  2 05:49:50.424965322018 28287737.8 16904.8 5.979590e-004
   17824 1604.179931289999800 2020  1  2 05:49:50.784931182861 28287693.9 16860.9 5.964062e-004
   17838 1605.439945000000100 2020  1  2 05:49:52.044952511787 28287508.1 16675.1 5.898341e-004
   17857 1607.149944709999800 2020  1  2 05:49:53.754941225052 28287269.4 16436.4 5.813907e-004
   17872 1608.499881570000100 2020  1  2 05:49:55.104883611202 28287077.8 16244.8 5.746134e-004
   17883 1609.489998860000000 2020  1  2 05:49:56.094980835915 28286930.6 16097.6 5.694066e-004
   17886 1609.759902710000000 2020  1  2 05:49:56.364904940128 28286890.9 16057.9 5.680024e-004
   17905 1611.470033569999900 2020  1  2 05:49:58.075014352798 28286656.7 15823.7 5.597182e-004
   17916 1612.459996140000200 2020  1  2 05:49:59.064990878105 28286503.7 15670.7 5.543063e-004
   17920 1612.819839140000100 2020  1  2 05:49:59.424836039543 28286460.7 15627.7 5.527853e-004
   17931 1613.809864290000000 2020  1  2 05:50:00.414852797985 28286319.8 15486.8 5.478013e-004
   17934 1614.079846429999900 2020  1  2 05:50:00.684857368469 28286265.6 15432.6 5.458842e-004
   17953 1615.789936429999900 2020  1  2 05:50:02.394926548004 28286024.8 15191.8 5.373666e-004
   17964 1616.779909000000100 2020  1  2 05:50:03.384903073311 28285892.3 15059.3 5.326797e-004
   17968 1617.139792569999800 2020  1  2 05:50:03.744788467884 28285816.4 14983.4 5.299950e-004
   17979 1618.129792000000000 2020  1  2 05:50:04.734805226326 28285659.9 14826.9 5.244593e-004
   17982 1618.399816140000000 2020  1  2 05:50:05.004809796810 28285609.3 14776.3 5.226694e-004
   18009 1620.830415859999900 2020  1  2 05:50:07.435414195061 28285230.9 14397.9 5.092846e-004
   18012 1621.099786000000000 2020  1  2 05:50:07.704775035381 28285209.4 14376.4 5.085241e-004
   18016 1621.459761290000200 2020  1  2 05:50:08.064781129360 28285156.1 14323.1 5.066388e-004
   18027 1622.449750860000200 2020  1  2 05:50:09.054757654667 28285001.8 14168.8 5.011808e-004
   18030 1622.719768570000000 2020  1  2 05:50:09.324762225151 28284950.0 14117.0 4.993486e-004
   18046 1624.159969860000000 2020  1  2 05:50:10.764987766743 28284718.2 13885.2 4.911493e-004
   18060 1625.419741430000200 2020  1  2 05:50:12.024727463722 28284535.5 13702.5 4.846868e-004
   18064 1625.779598860000100 2020  1  2 05:50:12.384612858295 28284479.1 13646.1 4.826918e-004
   18075 1626.769718289999900 2020  1  2 05:50:13.374710083008 28284320.3 13487.3 4.770747e-004
   18078 1627.039738289999800 2020  1  2 05:50:13.644754886627 28284281.9 13448.9 4.757164e-004
   18094 1628.480025710000100 2020  1  2 05:50:15.085020661354 28284056.5 13223.5 4.677436e-004
   18108 1629.739733000000100 2020  1  2 05:50:16.344720125198 28283847.8 13014.8 4.603614e-004
   18112 1630.099688710000000 2020  1  2 05:50:16.704685986042 28283788.3 12955.3 4.582567e-004
   18123 1631.089686569999900 2020  1  2 05:50:17.694702744484 28283622.2 12789.2 4.523814e-004
   18126 1631.359711999999900 2020  1  2 05:50:17.964707314968 28283580.0 12747.0 4.508887e-004
   18156 1634.059672140000200 2020  1  2 05:50:20.664672553539 28283138.0 12305.0 4.352542e-004
   18160 1634.419670430000200 2020  1  2 05:50:21.024678647518 28283072.4 12239.4 4.329338e-004
   18171 1635.409649290000100 2020  1  2 05:50:22.014655172825 28282915.5 12082.5 4.273839e-004
   18174 1635.679658569999900 2020  1  2 05:50:22.284659743309 28282867.8 12034.8 4.256967e-004
   18204 1638.379648429999900 2020  1  2 05:50:24.984665215015 28282436.4 11603.4 4.104371e-004
   18208 1638.739349289999800 2020  1  2 05:50:25.344349443913 28282349.2 11516.2 4.073527e-004
   18219 1639.729614000000100 2020  1  2 05:50:26.334607601166 28282188.6 11355.6 4.016719e-004
   18222 1639.999628860000000 2020  1  2 05:50:26.604612171650 28282138.7 11305.7 3.999069e-004
   18252 1642.699617000000000 2020  1  2 05:50:29.304617643356 28281684.9 10851.9 3.838550e-004
   18267 1644.049582570000000 2020  1  2 05:50:30.654600262642 28281451.0 10618.0 3.755814e-004
   18270 1644.319591140000300 2020  1  2 05:50:30.924604833126 28281410.5 10577.5 3.741489e-004
   18286 1645.760152290000000 2020  1  2 05:50:32.365152239800 28281142.9 10309.9 3.646833e-004
   18300 1647.019597140000300 2020  1  2 05:50:33.624610304832 28280944.6 10111.6 3.576690e-004
   18315 1648.369558000000100 2020  1  2 05:50:34.974552690983 28280694.2 9861.2 3.488118e-004
   18318 1648.639576710000000 2020  1  2 05:50:35.244557261467 28280649.4 9816.4 3.472271e-004
   18333 1649.989830710000000 2020  1  2 05:50:36.594821512699 28280412.1 9579.1 3.388333e-004
   18348 1651.339549860000000 2020  1  2 05:50:37.944562733173 28280172.1 9339.1 3.303440e-004
   18363 1652.689539140000100 2020  1  2 05:50:39.294545352459 28279938.9 9105.9 3.220952e-004
   18366 1652.959545710000200 2020  1  2 05:50:39.564549922943 28279882.6 9049.6 3.201038e-004
   18381 1654.309534860000000 2020  1  2 05:50:40.914532542229 28279646.4 8813.4 3.117489e-004
   18382 1654.399707710000000 2020  1  2 05:50:41.004694998264 28279627.0 8794.0 3.110626e-004
   18396 1655.659545289999900 2020  1  2 05:50:42.264555394650 28279403.4 8570.4 3.031534e-004
   18411 1657.009511290000100 2020  1  2 05:50:43.614497780800 28279153.8 8320.8 2.943245e-004
   18414 1657.279511140000300 2020  1  2 05:50:43.884502351284 28279110.4 8277.4 2.927894e-004
   18429 1658.629514860000000 2020  1  2 05:50:45.234525203705 28278848.8 8015.8 2.835360e-004
   18444 1659.979513570000100 2020  1  2 05:50:46.584507822990 28278622.1 7789.1 2.755172e-004
   18448 1660.339506289999900 2020  1  2 05:50:46.944513916969 28278553.2 7720.2 2.730800e-004
   18453 1660.789612569999900 2020  1  2 05:50:47.394602000713 28278474.8 7641.8 2.703069e-004
   18456 1661.059597710000200 2020  1  2 05:50:47.664606571198 28278420.3 7587.3 2.683791e-004
   18459 1661.329496709999800 2020  1  2 05:50:47.934490442276 28278366.2 7533.2 2.664654e-004
   18462 1661.599492709999800 2020  1  2 05:50:48.204495012760 28278310.7 7477.7 2.645023e-004
   18477 1662.949489860000100 2020  1  2 05:50:49.554477632046 28278068.2 7235.2 2.559245e-004
   18492 1664.299503860000200 2020  1  2 05:50:50.904500484467 28277817.9 6984.9 2.470709e-004
   18496 1664.659485569999800 2020  1  2 05:50:51.264466345310 28277758.4 6925.4 2.449663e-004
   18507 1665.649489289999800 2020  1  2 05:50:52.254483103752 28277574.4 6741.4 2.384578e-004
   18510 1665.919473860000200 2020  1  2 05:50:52.524487674236 28277512.7 6679.7 2.362753e-004
   18525 1667.269469860000100 2020  1  2 05:50:53.874470293522 28277257.8 6424.8 2.272590e-004
   18540 1668.619523860000100 2020  1  2 05:50:55.224533379078 28277011.8 6178.8 2.185574e-004
   18544 1668.979672570000000 2020  1  2 05:50:55.584660172462 28276934.6 6101.6 2.158267e-004
   18555 1669.969464430000000 2020  1  2 05:50:56.574475765228 28276752.7 5919.7 2.093925e-004
   18558 1670.239460430000000 2020  1  2 05:50:56.844480335712 28276703.3 5870.3 2.076451e-004
   18573 1671.589446999999800 2020  1  2 05:50:58.194462954998 28276446.9 5613.9 1.985757e-004
   18574 1671.679474139999900 2020  1  2 05:50:58.284464478493 28276450.0 5617.0 1.986853e-004
   18588 1672.939459860000200 2020  1  2 05:50:59.544445574284 28276198.5 5365.5 1.897892e-004
   18592 1673.299589570000100 2020  1  2 05:50:59.904572367668 28276131.7 5298.7 1.874264e-004
   18603 1674.289455000000100 2020  1  2 05:51:00.894468426704 28275933.3 5100.3 1.804086e-004
   18606 1674.559447429999900 2020  1  2 05:51:01.164432764053 28275876.6 5043.6 1.784029e-004
   18621 1675.909434429999900 2020  1  2 05:51:02.514415383339 28275628.9 4795.9 1.696413e-004
   18636 1677.259530860000000 2020  1  2 05:51:03.864518702030 28275376.1 4543.1 1.606992e-004
   18654 1678.879432709999700 2020  1  2 05:51:05.484425425529 28275061.7 4228.7 1.495782e-004
   18669 1680.229421430000000 2020  1  2 05:51:06.834408044815 28274796.6 3963.6 1.402010e-004
   18670 1680.319818859999900 2020  1  2 05:51:06.924811899662 28274776.8 3943.8 1.395007e-004
   18702 1683.199431289999700 2020  1  2 05:51:09.804418087006 28274220.1 3387.1 1.198090e-004
   18717 1684.549411430000000 2020  1  2 05:51:11.154400706291 28273964.3 3131.3 1.107608e-004
   18741 1686.709581570000200 2020  1  2 05:51:13.314598202705 28273532.8 2699.8 9.549772e-005
   18744 1686.979443289999800 2020  1  2 05:51:13.584441840649 28273489.8 2656.8 9.397671e-005
   18747 1687.249671430000300 2020  1  2 05:51:13.854687809944 28273458.4 2625.4 9.286603e-005
   18750 1687.519417860000000 2020  1  2 05:51:14.124410748482 28273385.1 2552.1 9.027325e-005
   18762 1688.599542140000000 2020  1  2 05:51:15.204549729824 28273181.7 2348.7 8.307856e-005
   18765 1688.869400999999900 2020  1  2 05:51:15.474393367767 28273122.6 2289.6 8.098806e-005
   18777 1689.949787290000100 2020  1  2 05:51:16.554773747921 28272907.0 2074.0 7.336183e-005
   18780 1690.219495140000200 2020  1  2 05:51:16.824496686459 28272855.9 2022.9 7.155431e-005
   18789 1691.029476709999900 2020  1  2 05:51:17.634470164776 28272712.0 1879.0 6.646426e-005
   18795 1691.569794289999900 2020  1  2 05:51:18.174801170826 28272580.9 1747.9 6.182697e-005
   18798 1691.839413429999900 2020  1  2 05:51:18.444403409958 28272549.9 1716.9 6.073044e-005
   18810 1692.919459430000200 2020  1  2 05:51:19.524461925030 28272343.6 1510.6 5.343316e-005
   18813 1693.189398429999800 2020  1  2 05:51:19.794386029243 28272281.6 1448.6 5.124009e-005
   18837 1695.349420289999700 2020  1  2 05:51:21.954422593117 28271861.9 1028.9 3.639440e-005
   18843 1695.889660000000000 2020  1  2 05:51:22.494673132896 28271781.9  948.9 3.356463e-005
   18846 1696.159401999999800 2020  1  2 05:51:22.764396071434 28271700.8  867.8 3.069595e-005
   18858 1697.239423000000000 2020  1  2 05:51:23.844414353371 28271483.9  650.9 2.302373e-005
   18861 1697.509397430000000 2020  1  2 05:51:24.114378690720 28271438.0  605.0 2.140015e-005
   18876 1698.859463140000100 2020  1  2 05:51:25.464482009411 28271189.0  356.0 1.259248e-005
   18885 1699.669405999999800 2020  1  2 05:51:26.274415254593 28271011.2  178.2 6.303316e-006
   18891 1700.209423999999900 2020  1  2 05:51:26.814424395561 28270908.3   75.3 2.663523e-006
   18894 1700.479411289999900 2020  1  2 05:51:27.084428966045 28270855.3   22.3 7.887988e-007
   18906 1701.559427429999900 2020  1  2 05:51:28.164447247982 28270641.8 -191.2 -6.763154e-006
   18909 1701.829408859999800 2020  1  2 05:51:28.434411585331 28270593.5 -239.5 -8.471629e-006
   18924 1703.180285289999800 2020  1  2 05:51:29.785279333591 28270315.7 -517.3 -1.829801e-005
   18933 1703.989406429999900 2020  1  2 05:51:30.594407916069 28270165.6 -667.4 -2.360737e-005
   18939 1704.529481710000000 2020  1  2 05:51:31.134497523308 28270057.3 -775.7 -2.743817e-005
   18942 1704.799396429999900 2020  1  2 05:51:31.404381394386 28270008.6 -824.4 -2.916080e-005
   18954 1705.879426569999600 2020  1  2 05:51:32.484439909458 28269796.6 -1036.4 -3.665969e-005
   18957 1706.149418999999900 2020  1  2 05:51:32.754404246807 28269750.3 -1082.7 -3.829742e-005
   18981 1708.309405430000000 2020  1  2 05:51:34.914400577545 28269324.6 -1508.4 -5.335534e-005
   18987 1708.849494709999800 2020  1  2 05:51:35.454490184784 28269238.0 -1595.0 -5.641857e-005
   18990 1709.119404859999800 2020  1  2 05:51:35.724414288998 28269161.9 -1671.1 -5.911039e-005
   19005 1710.469833860000100 2020  1  2 05:51:37.074839472771 28268874.4 -1958.6 -6.927988e-005
   19020 1711.819754710000100 2020  1  2 05:51:38.424741625786 28268635.8 -2197.2 -7.771968e-005
   19029 1712.629344999999800 2020  1  2 05:51:39.234353005886 28268471.3 -2361.7 -8.353839e-005
   19038 1713.439410709999900 2020  1  2 05:51:40.044406950474 28268322.9 -2510.1 -8.878762e-005
   19077 1716.949417999999900 2020  1  2 05:51:43.554426133633 28267643.0 -3190.0 -1.128371e-004
   19086 1717.759427289999800 2020  1  2 05:51:44.364439845085 28267484.4 -3348.6 -1.184472e-004
   19098 1718.839708710000000 2020  1  2 05:51:45.444699525833 28267277.4 -3555.6 -1.257692e-004
   19125 1721.269423860000000 2020  1  2 05:51:47.874418795109 28266799.8 -4033.2 -1.426629e-004
   19128 1721.539650290000100 2020  1  2 05:51:48.144664764404 28266738.9 -4094.1 -1.448171e-004
   19134 1722.079429140000000 2020  1  2 05:51:48.684432506561 28266646.0 -4187.0 -1.481032e-004
   19146 1723.159438429999700 2020  1  2 05:51:49.764450788498 28266441.8 -4391.2 -1.553262e-004
   19149 1723.429445569999900 2020  1  2 05:51:50.034455358982 28266383.3 -4449.7 -1.573954e-004
   19173 1725.589432139999900 2020  1  2 05:51:52.194451689720 28265980.7 -4852.3 -1.716363e-004
   19176 1725.859444999999800 2020  1  2 05:51:52.464456260204 28265936.0 -4897.0 -1.732174e-004
   19182 1726.399440709999700 2020  1  2 05:51:53.004425168037 28265820.9 -5012.1 -1.772887e-004
   19194 1727.479446569999700 2020  1  2 05:51:54.084443449974 28265612.4 -5220.6 -1.846638e-004
   19197 1727.749447569999800 2020  1  2 05:51:54.354448020458 28265572.4 -5260.6 -1.860787e-004
   19198 1727.839478429999900 2020  1  2 05:51:54.444489777088 28265552.0 -5281.0 -1.868003e-004
   19209 1728.829585570000100 2020  1  2 05:51:55.434587001801 28265382.2 -5450.8 -1.928065e-004
   19221 1729.909460860000100 2020  1  2 05:51:56.514444351196 28265156.3 -5676.7 -2.007971e-004
   19224 1730.179469569999800 2020  1  2 05:51:56.784489154816 28265102.2 -5730.8 -2.027107e-004
   19227 1730.449484710000000 2020  1  2 05:51:57.054493725300 28265073.8 -5759.2 -2.037153e-004
   19230 1730.719456289999900 2020  1  2 05:51:57.324458062649 28265003.0 -5830.0 -2.062196e-004
   19242 1731.799455290000000 2020  1  2 05:51:58.404436111450 28264801.4 -6031.6 -2.133506e-004
   19245 1732.069509570000000 2020  1  2 05:51:58.674521148205 28264737.4 -6095.6 -2.156144e-004
   19246 1732.159644140000000 2020  1  2 05:51:58.764643371105 28264726.2 -6106.8 -2.160106e-004
   19257 1733.149490429999800 2020  1  2 05:51:59.754499197006 28264555.8 -6277.2 -2.220380e-004
   19269 1734.229468000000000 2020  1  2 05:52:00.834477245808 28264349.6 -6483.4 -2.293318e-004
   19272 1734.499485289999900 2020  1  2 05:52:01.104481816292 28264300.4 -6532.6 -2.310721e-004
   19275 1734.769913710000100 2020  1  2 05:52:01.374928951263 28264259.2 -6573.8 -2.325294e-004
   19278 1735.039475140000100 2020  1  2 05:52:01.644490957260 28264196.1 -6636.9 -2.347614e-004
   19290 1736.119468709999900 2020  1  2 05:52:02.724469006062 28263987.4 -6845.6 -2.421436e-004
   19293 1736.389494289999700 2020  1  2 05:52:02.994513809681 28263942.5 -6890.5 -2.437318e-004
   19294 1736.479518570000000 2020  1  2 05:52:03.084515333176 28263907.3 -6925.7 -2.449769e-004
   19305 1737.469506000000100 2020  1  2 05:52:04.074491858482 28263747.1 -7085.9 -2.506435e-004
   19317 1738.549508140000200 2020  1  2 05:52:05.154510140419 28263543.0 -7290.0 -2.578629e-004
   19320 1738.819522710000000 2020  1  2 05:52:05.424514710903 28263489.5 -7343.5 -2.597553e-004
   19326 1739.359499859999900 2020  1  2 05:52:05.964483618736 28263400.4 -7432.6 -2.629070e-004
   19338 1740.439496569999800 2020  1  2 05:52:07.044501900673 28263191.2 -7641.8 -2.703069e-004
   19341 1740.709528000000100 2020  1  2 05:52:07.314546704292 28263139.5 -7693.5 -2.721356e-004
   19342 1740.799617710000100 2020  1  2 05:52:07.404628694057 28263124.6 -7708.4 -2.726626e-004
   19353 1741.789515570000000 2020  1  2 05:52:08.394524753094 28262952.2 -7880.8 -2.787608e-004
   19374 1743.679525569999900 2020  1  2 05:52:10.284516513348 28262594.7 -8238.3 -2.914063e-004
   19386 1744.759512860000100 2020  1  2 05:52:11.364494562149 28262406.3 -8426.7 -2.980705e-004
   19390 1745.119553430000200 2020  1  2 05:52:11.724540889263 28262342.4 -8490.6 -3.003307e-004
   19401 1746.109544709999900 2020  1  2 05:52:12.714557647705 28262160.4 -8672.6 -3.067685e-004
   19422 1747.999536430000000 2020  1  2 05:52:14.604549407959 28261808.8 -9024.2 -3.192053e-004
   19434 1749.079542289999800 2020  1  2 05:52:15.684527456760 28261627.8 -9205.2 -3.256077e-004
   19449 1750.429555000000400 2020  1  2 05:52:17.034550309181 28261392.7 -9440.3 -3.339237e-004
   19470 1752.319564140000200 2020  1  2 05:52:18.924582302570 28261056.5 -9776.5 -3.458158e-004
   19482 1753.399559290000100 2020  1  2 05:52:20.004560351372 28260865.8 -9967.2 -3.525612e-004
   19497 1754.749601570000100 2020  1  2 05:52:21.354583203793 28260624.1 -10208.9 -3.611107e-004
   19512 1756.099608569999900 2020  1  2 05:52:22.704606056213 28260393.5 -10439.5 -3.692675e-004
   19518 1756.639604289999900 2020  1  2 05:52:23.244615197182 28260287.0 -10546.0 -3.730346e-004
   19530 1757.719588290000000 2020  1  2 05:52:24.324593245983 28260113.9 -10719.1 -3.791576e-004
   19542 1758.799680290000000 2020  1  2 05:52:25.404691994190 28259918.6 -10914.4 -3.860657e-004
   19545 1759.069607430000100 2020  1  2 05:52:25.674616098404 28259886.8 -10946.2 -3.871906e-004
   19557 1760.149651000000200 2020  1  2 05:52:26.754634380341 28259711.4 -11121.6 -3.933948e-004
   19560 1760.419627710000200 2020  1  2 05:52:27.024638950825 28259651.6 -11181.4 -3.955101e-004
   19566 1760.959629140000300 2020  1  2 05:52:27.564648091793 28259565.5 -11267.5 -3.985556e-004
   19578 1762.039617000000100 2020  1  2 05:52:28.644626140594 28259377.6 -11455.4 -4.052021e-004
   19590 1763.119657000000200 2020  1  2 05:52:29.724644422531 28259194.4 -11638.6 -4.116822e-004
   19593 1763.389647000000000 2020  1  2 05:52:29.994648993015 28259145.1 -11687.9 -4.134261e-004
   19605 1764.469871140000400 2020  1  2 05:52:31.074868440628 28258978.9 -11854.1 -4.193049e-004
   19608 1764.739641000000100 2020  1  2 05:52:31.344631612301 28258928.5 -11904.5 -4.210877e-004
   19614 1765.279754710000100 2020  1  2 05:52:31.884761452675 28258837.8 -11995.2 -4.242960e-004
   19626 1766.359653290000100 2020  1  2 05:52:32.964659035206 28258656.1 -12176.9 -4.307231e-004
   19638 1767.440200000000000 2020  1  2 05:52:34.045200347900 28258466.5 -12366.5 -4.374296e-004
   19641 1767.709690430000100 2020  1  2 05:52:34.314681887627 28258437.1 -12395.9 -4.384696e-004
   19656 1769.059674290000000 2020  1  2 05:52:35.664664506912 28258208.1 -12624.9 -4.465698e-004
   19662 1769.599689710000100 2020  1  2 05:52:36.204673647881 28258137.0 -12696.0 -4.490848e-004
   19674 1770.679687860000100 2020  1  2 05:52:37.284691929817 28257957.0 -12876.0 -4.554517e-004
   19686 1771.759707710000200 2020  1  2 05:52:38.364710211754 28257781.4 -13051.6 -4.616631e-004
   19689 1772.029721140000200 2020  1  2 05:52:38.634714782238 28257738.7 -13094.3 -4.631735e-004
   19701 1773.109853290000000 2020  1  2 05:52:39.714853763580 28257539.4 -13293.6 -4.702231e-004
   19704 1773.379703430000100 2020  1  2 05:52:39.984697401524 28257522.2 -13310.8 -4.708315e-004
   19710 1773.919783430000300 2020  1  2 05:52:40.524787008762 28257426.1 -13406.9 -4.742308e-004
   19722 1774.999728289999900 2020  1  2 05:52:41.604724824429 28257253.9 -13579.1 -4.803219e-004
   19737 1776.349832289999800 2020  1  2 05:52:42.954828143120 28257043.5 -13789.5 -4.877642e-004
   19752 1777.699742289999700 2020  1  2 05:52:44.304730296135 28256834.1 -13998.9 -4.951711e-004
   19758 1778.239783860000200 2020  1  2 05:52:44.844779670238 28256761.3 -14071.7 -4.977462e-004
   19770 1779.319890569999900 2020  1  2 05:52:45.924878418446 28256576.4 -14256.6 -5.042865e-004
   19785 1780.669808859999900 2020  1  2 05:52:47.274820804596 28256376.9 -14456.1 -5.113433e-004
   19800 1782.019779000000200 2020  1  2 05:52:48.624763190746 28256175.5 -14657.5 -5.184672e-004
   19806 1782.559820859999900 2020  1  2 05:52:49.164812564850 28256092.0 -14741.0 -5.214208e-004
   19833 1784.990207860000100 2020  1  2 05:52:51.595215797424 28255726.4 -15106.6 -5.343528e-004
   19848 1786.339823000000000 2020  1  2 05:52:52.944836318493 28255528.7 -15304.3 -5.413459e-004
   19854 1786.879843999999800 2020  1  2 05:52:53.484845459461 28255439.3 -15393.7 -5.445082e-004
   19881 1789.310227569999800 2020  1  2 05:52:55.915208458900 28255079.1 -15753.9 -5.572492e-004
   19896 1790.659860140000100 2020  1  2 05:52:57.264869213104 28254890.3 -15942.7 -5.639275e-004
   19902 1791.199885569999900 2020  1  2 05:52:57.804878354073 28254828.0 -16005.0 -5.661312e-004
   19929 1793.629907999999900 2020  1  2 05:53:00.234919488430 28254466.7 -16366.3 -5.789111e-004
   19944 1794.979902140000100 2020  1  2 05:53:01.584902107716 28254274.3 -16558.7 -5.857167e-004
   19950 1795.519930569999800 2020  1  2 05:53:02.124911248684 28254198.8 -16634.2 -5.883873e-004
   19971 1797.409963290000200 2020  1  2 05:53:04.014943242073 28253908.9 -16924.1 -5.986417e-004
   19974 1797.679960709999900 2020  1  2 05:53:04.284947812557 28253907.5 -16925.5 -5.986912e-004
   19977 1797.950000000000000 2020  1  2 05:53:04.554992616177 28253861.6 -16971.4 -6.003148e-004
   19992 1799.299951710000200 2020  1  2 05:53:05.904935002327 28253676.4 -17156.6 -6.068657e-004
   19998 1799.839979140000200 2020  1  2 05:53:06.444984376431 28253607.5 -17225.5 -6.093029e-004
