   361  32.54735871  28285940.20  
   372  33.53715957  28285841.90  
   409  36.86720000  28285547.90  
   420  37.85714914  28285429.90  
   457  41.18717900  28285103.90  
   468  42.17709343  28284975.60  
   516  46.49707829  28284549.20  
   564  50.81694414  28284085.70  
   612  55.13691229  28283633.40  
   660  59.45688086  28283165.20  
   700  63.05940871  28304510.10  
   708  63.77684714  28282681.80  
   748  67.37965614  28304428.10  
   756  68.09685286  28282206.20  
   796  71.69922500  28304364.80  
   804  72.41689357  28281715.40  
   844  76.01914214  28304307.30  
   852  76.73700143  28281216.50  
   892  80.33923000  28304235.60  
   900  81.05674143  28280715.30  
   940  84.65935643  28304172.60  
   948  85.37672286  28280204.70  
   988  88.97917500  28304086.70  
  1084  97.61869814  28303927.80  
  1132  101.93866500  28303826.40  
  1180  106.25851100  28303749.70  
  1228  110.57842443  28303656.20  
  1276  114.89832357  28303565.00  
  1324  119.21823986  28303453.70  
  1372  123.53816086  28303345.00  
  1420  127.85806771  28303250.50  
  1468  132.17797514  28303133.20  
  1494  134.51650186  28274083.90  
  1516  136.49788857  28303022.70  
  1542  138.83649571  28273518.50  
  1564  140.81780643  28302897.10  
  1566  140.99686171  28273243.00  
  1590  143.15650271  28272953.40  
  1612  145.13771857  28302770.50  
  1614  145.31651386  28272682.20  
  1638  147.47649714  28272392.30  
  1660  149.45763257  28302642.30  
  1662  149.63649143  28272108.10  
  1683  151.52682629  28271852.80  
  1686  151.79648071  28271836.40  
  1710  153.95648743  28271550.00  
  1734  156.11648814  28271289.60  
  1758  158.27647986  28270982.20  
  1782  160.43649871  28270701.30  
  1806  162.59650329  28270416.10  
  1830  164.75649486  28270137.90  
  1854  166.91649800  28269866.70  
  1878  169.07649143  28269572.20  
  1902  171.23648429  28269293.40  
  1950  175.55649800  28268740.20  
  1998  179.87650629  28268177.90  
  2046  184.19651000  28267612.00  
  2094  188.51652400  28267056.10  
  2115  190.40670371  28266802.80  
  2142  192.83652029  28266495.00  
  2190  197.15653357  28265950.60  
  2211  199.04656057  28265720.00  
  2238  201.47655029  28265407.00  
  2259  203.36656714  28265173.80  
  2286  205.79657243  28264852.80  
  2307  207.68655957  28264625.30  
  2334  210.11662057  28264331.20  
  2355  212.00660029  28264079.90  
  2382  214.43662243  28263775.40  
  2403  216.32659971  28263555.00  
  2430  218.75663986  28263260.80  
  2451  220.64662714  28263021.50  
  2478  223.07716057  28262747.90  
  2499  224.96666057  28262506.80  
  2547  229.28666571  28261992.10  
  2595  233.60671386  28261482.10  
  2643  237.92671743  28260967.40  
  2691  242.24686143  28260477.30  
  2739  246.56678557  28259982.70  
  2787  250.88680571  28259495.80  
  2817  253.58686486  28259182.60  
  2822  254.03577829  28297288.20  
  2835  255.20684971  28259026.10  
  2870  258.35572100  28296954.20  
  2883  259.52697914  28258540.70  
  2913  262.22694614  28258244.80  
  2918  262.67560843  28296575.40  
  2931  263.84689514  28258084.90  
  2961  266.54694443  28257801.00  
  2966  266.99556571  28296189.70  
  2979  268.16704586  28257628.20  
  3009  270.86697243  28257350.80  
  3014  271.31547886  28295796.90  
  3027  272.48699600  28257168.50  
  3057  275.18701329  28256881.60  
  3062  275.63541071  28295395.70  
  3075  276.80701671  28256712.90  
  3105  279.50704000  28256449.50  
  3110  279.95534214  28294963.60  
  3153  283.82711629  28256015.00  
  3158  284.27528243  28294537.40  
  3201  288.14711371  28255597.30  
  3206  288.59521157  28294082.30  
  3249  292.46716443  28255175.60  
  3254  292.91516271  28293598.10  
  3297  296.78720871  28254764.00  
  3302  297.23510186  28293114.30  
  3331  299.84578186  28292773.70  
  3345  301.10724971  28254368.00  
  3350  301.55504100  28292606.40  
  3379  304.16532757  28292302.20  
  3393  305.42728729  28253984.90  
  3398  305.87497643  28292078.70  
  3427  308.48494814  28291751.00  
  3441  309.74734414  28253580.80  
  3446  310.19492900  28291540.30  
  3475  312.80490171  28291189.20  
  3489  314.06737486  28253215.70  
  3494  314.51507257  28290970.80  
  3515  316.40484529  28290729.50  
  3523  317.12483643  28290620.90  
  3535  318.20533771  28290470.40  
  3537  318.38744000  28252843.00  
  3542  318.83483429  28290406.80  
  3563  320.72483271  28290116.20  
  3571  321.44477871  28290022.60  
  3590  323.15475829  28289776.50  
  3597  323.78482100  28289684.50  
  3611  325.04474900  28289521.60  
  3619  325.76472886  28289402.00  
  3633  327.02753257  28252111.10  
  3638  327.47481014  28289159.50  
  3645  328.10553757  28289047.00  
  3659  329.36470529  28288880.70  
  3663  329.72779314  28251909.80  
  3667  330.08469500  28288772.90  
  3681  331.34758714  28251773.60  
  3686  331.79473643  28288516.20  
  3707  333.68464629  28288219.70  
  3711  334.04762300  28251547.50  
  3715  334.40462757  28288113.30  
  3755  338.00459671  28287560.70  
  3763  338.72460143  28287438.70  
  3777  339.98772614  28251116.00  
  3803  342.32467414  28286844.70  
  3807  342.68781743  28250899.00  
  3811  343.04454614  28286742.50  
  3851  346.64451257  28286144.20  
  3855  347.00776886  28250573.90  
  3859  347.36450129  28286019.90  
  3871  348.44452800  28285846.70  
  3899  350.96447986  28285401.70  
  3903  351.32791414  28250263.90  
  3907  351.68446929  28285288.10  
  3921  352.94818686  28250133.60  
  3947  355.28443343  28284661.60  
  3951  355.64788300  28249949.50  
  3955  356.00442900  28284524.10  
  3967  357.08464157  28284343.60  
  3995  359.60442557  28283883.10  
  3999  359.96799643  28249660.90  
  4003  360.32440443  28283741.10  
  4015  361.40484729  28283565.40  
  4043  363.92438971  28283076.40  
  4047  364.28800514  28249351.80  
  4051  364.64436486  28282956.40  
  4091  368.24432543  28282273.60  
  4095  368.60818557  28249062.40  
  4099  368.96432900  28282138.00  
  4139  372.56430900  28281443.60  
  4147  373.28429900  28281310.80  
  4187  376.88427543  28280604.20  
  4191  377.24820400  28248512.30  
  4195  377.60427129  28280451.20  
  4199  377.96425700  28280380.20  
  4235  381.20423943  28279735.80  
  4243  381.92424243  28279591.60  
  4247  382.28446086  28279534.40  
  4270  384.35447471  28279097.30  
  4283  385.52422114  28278862.20  
  4291  386.24422514  28278716.90  
  4295  386.60443071  28278653.10  
  4318  388.67422314  28278207.50  
  4331  389.84420086  28277970.10  
  4334  390.11486514  28277913.90  
  4339  390.56420843  28277821.80  
  4343  390.92434271  28277748.50  
  4366  392.99420529  28277317.00  
  4379  394.16418729  28277066.10  
  4382  394.43460771  28276993.00  
  4387  394.88419671  28276920.50  
  4391  395.24462957  28276863.10  
  4411  397.04457000  28276471.70  
  4414  397.31417329  28276397.20  
  4427  398.48416229  28276153.70  
  4435  399.20417614  28275993.20  
  4462  401.63415914  28275478.70  
  4475  402.80415686  28275230.70  
  4510  405.95414757  28274542.10  
  4523  407.12413971  28274301.30  
  4529  407.66416500  28274192.00  
  4558  410.27414414  28273607.30  
  4571  411.44413557  28273363.70  
  4577  411.98415671  28273225.90  
  4591  413.24424957  28272958.00  
  4606  414.59412971  28272668.40  
  4619  415.76412857  28272413.90  
  4622  416.03417329  28272365.30  
  4625  416.30417243  28272291.80  
  4627  416.48453586  28272282.80  
  4639  417.56415071  28272021.00  
  4651  418.64414357  28271795.00  
  4654  418.91413814  28271726.00  
  4667  420.08412686  28271467.30  
  4670  420.35414414  28271401.00  
  4673  420.62418000  28271347.50  
  4675  420.80416200  28271327.80  
  4687  421.88448200  28271060.60  
  4699  422.96414686  28270840.90  
  4702  423.23412514  28270772.20  
  4715  424.40412343  28270525.80  
  4718  424.67414114  28270461.00  
  4721  424.94445900  28270398.10  
  4723  425.12440929  28270363.50  
  4735  426.20415843  28270127.30  
  4747  427.28413557  28269893.10  
  4750  427.55415157  28269832.40  
  4763  428.72412186  28269576.10  
  4766  428.99415129  28269516.80  
  4769  429.26426671  28269457.20  
  4771  429.44420843  28269411.90  
  4795  431.60413657  28268949.20  
  4798  431.87417771  28268884.80  
  4811  433.04413229  28268633.50  
  4814  433.31415386  28268554.20  
  4817  433.58432314  28268504.70  
  4819  433.76453271  28268508.20  
  4843  435.92414086  28268003.30  
  4859  437.36414014  28267694.20  
  4865  437.90444643  28267594.40  
  4891  440.24415671  28267068.20  
  4907  441.68415071  28266757.40  
  4913  442.22417829  28266659.00  
  4927  443.48430900  28266377.90  
  4939  444.56416129  28266137.00  
  4955  446.00416357  28265831.50  
  4958  446.27434829  28265764.60  
  4961  446.54417586  28265713.20  
  4975  447.80422643  28265447.00  
  4987  448.88418786  28265212.30  
  5003  450.32417829  28264922.80  
  5006  450.59418886  28264849.40  
  5009  450.86418800  28264800.00  
  5023  452.12419643  28264524.30  
  5035  453.20421071  28264306.20  
  5051  454.64419329  28264008.70  
  5054  454.91419471  28263953.10  
  5057  455.18420800  28263899.20  
  5071  456.44421457  28263626.30  
  5083  457.52421929  28263418.20  
  5099  458.96421700  28263111.10  
  5102  459.23421971  28263051.90  
  5105  459.50422714  28262996.50  
  5111  460.04463286  28262918.30  
  5119  460.76425357  28262731.70  
  5131  461.84431729  28262511.10  
  5147  463.28423157  28262221.90  
  5150  463.55423629  28262168.80  
  5153  463.82424386  28262118.40  
  5159  464.36495057  28262017.80  
  5167  465.08426400  28261845.40  
  5195  467.60426271  28261367.10  
  5198  467.87425557  28261302.70  
  5201  468.14427429  28261255.20  
  5207  468.68428514  28261141.00  
  5215  469.40461843  28260993.90  
  5243  471.92428800  28260494.50  
  5246  472.19429286  28260452.00  
  5249  472.46428943  28260400.10  
  5291  476.24432414  28259672.10  
  5294  476.51432300  28259623.00  
  5297  476.78432071  28259572.90  
  5303  477.32545386  28259431.50  
  5311  478.04435586  28259340.00  
  5339  480.56435729  28258847.50  
  5342  480.83434943  28258805.40  
  5345  481.10435671  28258755.20  
  5359  482.36439443  28258515.30  
  5377  483.98462371  28258201.40  
  5387  484.88439200  28258056.10  
  5390  485.15439171  28257994.10  
  5393  485.42439043  28257952.70  
  5407  486.68439014  28257725.50  
  5435  489.20443829  28257278.20  
  5438  489.47443571  28257230.70  
  5441  489.74442614  28257174.70  
  5455  491.00442514  28256951.00  
  5483  493.52460229  28256505.20  
  5486  493.79447757  28256471.60  
  5489  494.06445971  28256409.90  
  5503  495.32446629  28256197.40  
  5531  497.84451471  28255767.00  
  5534  498.11460043  28255727.10  
  5537  498.38450971  28255680.80  
  5551  499.64450129  28255461.10  
  5557  500.18474943  28255387.60  
  5579  502.16455229  28255045.60  
  5582  502.43480200  28254971.70  
  5585  502.70455114  28254954.80  
  5599  503.96454714  28254748.20  
  5605  504.50475957  28254667.10  
  5627  506.48459743  28254355.60  
  5633  507.02459157  28254249.20  
  5647  508.28458543  28254053.90  
  5653  508.82504171  28253973.40  
  5675  510.80469957  28253662.80  
  5681  511.34466257  28253605.90  
  5695  512.60463243  28253383.30  
  5701  513.14472457  28253290.20  
  5713  514.22479657  28253135.00  
  5723  515.12467843  28253006.40  
  5729  515.66479271  28252917.30  
  5743  516.92467900  28252723.60  
  5749  517.46471314  28252647.70  
  5761  518.54471414  28252480.40  
  5771  519.44474143  28252347.10  
  5777  519.98490200  28252272.50  
  5791  521.24473157  28252093.90  
  5797  521.78475971  28252018.70  
  5809  522.86475286  28251870.20  
  5839  525.56478700  28251481.20  
  5845  526.10497271  28251413.80  
  5857  527.18480243  28251260.60  
  5873  528.62490229  28251058.90  
  5887  529.88483614  28250884.60  
  5893  530.42485771  28250825.90  
  5905  531.50485243  28250673.30  
  5921  532.94491257  28250476.40  
  5935  534.20489543  28250323.50  
  5941  534.74493386  28250267.00  
  5953  535.82490957  28250115.30  
  5983  538.52498429  28249780.40  
  5989  539.06509700  28249682.50  
  6001  540.14496429  28249566.20  
  6017  541.58541571  28249406.40  
  6031  542.84501571  28249237.60  
  6037  543.38502229  28249169.50  
  6049  544.46501571  28249034.50  
  6079  547.16508757  28248738.00  
  6085  547.70514557  28248649.00  
  6097  548.78508029  28248523.70  
  6125  551.30532586  28248241.10  
  6127  551.48515114  28248222.70  
  6133  552.02513729  28248156.10  
  6145  553.10513814  28248036.20  
  6173  555.62534500  28247771.70  
  6181  556.34520800  28247680.80  
  6193  557.42520186  28247560.00  
  6221  559.94523343  28247306.10  
  6229  560.66526129  28247229.20  
  6241  561.74526686  28247099.90  
  6269  564.26575529  28246853.30  
  6277  564.98548071  28246793.50  
  6289  566.06533129  28246662.50  
  6317  568.58540114  28246418.60  
  6325  569.30542086  28246358.40  
  6337  570.38540657  28246240.40  
  6365  572.90544271  28246011.10  
  6373  573.62554029  28245931.40  
  6385  574.70546586  28245838.70  
  6413  577.22550000  28245616.30  
  6421  577.94562443  28245548.70  
  6433  579.02553043  28245437.30  
  6461  581.54558514  28245224.20  
  6481  583.34574671  28245062.10  
  6509  585.86563700  28244851.00  
  6529  587.66568343  28244707.60  
  6557  590.18571229  28244497.30  
  6577  591.98576300  28244356.10  
  6605  594.50577629  28244158.80  
  6625  596.30583329  28244011.10  
  6653  598.82585214  28243832.50  
  6673  600.62617243  28243703.10  
  6674  600.71967114  28305346.10  
  6701  603.14592057  28243510.70  
  6721  604.94598700  28243380.00  
  6722  605.03926529  28305335.90  
  6749  607.46599657  28243206.50  
  6797  611.78606714  28242923.10  
  6818  613.67928657  28305230.80  
  6845  616.10614071  28242628.30  
  6866  617.99914914  28305183.10  
  6893  620.42621229  28242359.20  
  6914  622.31971486  28305140.40  
  6941  624.74630000  28242104.00  
  6989  629.06637714  28241847.40  
  7010  630.95872600  28305021.60  
  7037  633.38647643  28241611.60  
  7085  637.70655129  28241378.90  
  7108  639.77658114  28241283.60  
  7133  642.02661271  28241160.50  
  7181  646.34672043  28240941.70  
  7202  648.23855643  28304729.00  
  7228  650.57832900  28304709.90  
  7229  650.66677843  28240737.40  
  7250  652.55827057  28304677.90  
  7252  652.73689257  28240640.00  
  7276  654.89821700  28304641.10  
  7277  654.98723743  28240534.80  
  7298  656.87817029  28304600.70  
  7324  659.21811700  28304566.90  
  7346  661.19808443  28304510.10  
  7372  663.53803571  28304470.10  
  7373  663.62701714  28240173.90  
  7394  665.51798771  28304436.40  
  7396  665.69705386  28240078.30  
  7420  667.85793486  28304388.10  
  7421  667.94785214  28240007.00  
  7442  669.83789429  28304337.10  
  7468  672.17785457  28304303.70  
  7469  672.26749571  28239814.70  
  7490  674.15781400  28304257.50  
  7516  676.49775829  28304205.30  
  7517  676.58725957  28239663.90  
  7538  678.47785600  28304161.20  
  7540  678.65759229  28239579.20  
  7564  680.81768343  28304111.60  
  7565  680.90749800  28239522.00  
  7586  682.79766029  28304060.70  
  7612  685.13758243  28304007.50  
  7634  687.11757457  28303951.70  
  7660  689.45750057  28303912.50  
  7708  693.77740714  28303779.60  
  7732  695.93828643  28238988.90  
  7756  698.09731600  28303671.70  
  7778  700.07729000  28303617.40  
  7780  700.25781943  28238846.30  
  7826  704.39751929  28303499.50  
  7874  708.71716486  28303375.80  
  7876  708.89789329  28238622.80  
  7922  713.03720257  28303240.80  
  8018  721.67714829  28302957.90  
  8020  721.85815300  28238271.70  
  8068  726.17825529  28238166.90  
  8116  730.49836286  28238056.70  
  8164  734.81847043  28237948.60  
  8212  739.13850043  28237847.70  
  8260  743.45913943  28237780.20  
  8308  747.77867529  28237687.00  
  8356  752.09877471  28237600.60  
  8404  756.41886929  28237519.20  
  8452  760.73893829  28237445.50  
  8500  765.05923343  28237362.80  
  8534  768.11596229  28300967.00  
  8582  772.43632657  28300742.00  
  8611  775.04613386  28300562.60  
  8630  776.75584743  28300480.50  
  8644  778.01931986  28237140.70  
  8678  781.07574329  28300223.90  
  8704  783.41581400  28300057.90  
  8726  785.39569686  28299951.30  
  8752  787.73607943  28299787.90  
  8755  788.00599086  28299773.30  
  8774  789.71557243  28299657.60  
  8800  792.05558643  28299496.50  
  8803  792.32554229  28299487.40  
  8822  794.03549143  28299358.40  
  8848  796.37573129  28299209.10  
  8851  796.64569857  28299158.40  
  8870  798.35542229  28299037.60  
  8899  800.96579886  28298849.40  
  8918  802.67546229  28298740.50  
  8966  806.99538600  28298395.70  
  9014  811.31520386  28298054.80  
  9062  815.63511886  28297675.30  
  9091  818.24517300  28297452.10  
  9110  819.95401371  28297334.90  
  9139  822.56521457  28297030.90  
  9158  824.27497643  28296885.90  
  9206  828.59491629  28296480.00  
  9235  831.20509200  28296210.00  
  9254  832.91483671  28296028.30  
  9283  835.52526543  28295754.80  
  9302  837.23477500  28295570.40  
  9321  838.94494229  28295392.60  
  9331  839.84477214  28295290.50  
  9350  841.55470129  28295097.50  
  9369  843.26507786  28294894.70  
  9379  844.16474971  28294791.00  
  9398  845.87464357  28294601.30  
  9427  848.48460729  28294281.80  
  9446  850.19457929  28294080.30  
  9465  851.90457086  28293836.40  
  9472  852.53490757  28293780.10  
  9475  852.80457000  28293763.00  
  9494  854.51451586  28293538.50  
  9513  856.22450486  28293319.60  
  9520  856.85451143  28293237.70  
  9523  857.12449471  28293200.80  
  9542  858.83445143  28292975.00  
  9561  860.54447671  28292729.20  
  9568  861.17453871  28292656.20  
  9571  861.44443200  28292631.10  
  9590  863.15439929  28292383.50  
  9609  864.86441043  28292141.70  
  9619  865.76437771  28292021.40  
  9638  867.47434386  28291778.00  
  9657  869.18434557  28291540.20  
  9667  870.08431829  28291395.80  
  9686  871.79428529  28291134.70  
  9705  873.50444543  28290856.40  
  9715  874.40425686  28290738.10  
  9734  876.11423771  28290476.60  
  9753  877.82431471  28290204.10  
  9755  878.00445814  28290204.70  
  9763  878.72420457  28290054.00  
  9782  880.43418000  28289779.50  
  9789  881.06418800  28289680.20  
  9801  882.14419914  28289505.70  
  9803  882.32417457  28289488.90  
  9811  883.04415029  28289355.90  
  9830  884.75414314  28289075.10  
  9837  885.38465886  28288970.50  
  9849  886.46413814  28288798.30  
  9851  886.64412771  28288755.30  
  9859  887.36410357  28288631.00  
  9863  887.72430271  28288570.90  
  9878  889.07413757  28288336.00  
  9885  889.70437814  28288210.20  
  9897  890.78483957  28288033.50  
  9899  890.96408829  28287995.60  
  9907  891.68405914  28287871.40  
  9911  892.04429729  28287803.00  
  9926  893.39423371  28287557.30  
  9945  895.10449800  28287255.90  
  9947  895.28405629  28287213.90  
  9955  896.00401129  28287089.50  
  9985  898.70434257  28286563.80  
  9993  899.42402971  28286461.20  
  9995  899.60399014  28286421.40  
 10003  900.32397129  28286281.30  
 10007  900.68411743  28286238.40  
 10029  902.66396514  28285816.60  
 10033  903.02468643  28285786.40  
 10041  903.74397229  28285618.70  
 10043  903.92395043  28285590.80  
 10051  904.64392929  28285447.70  
 10055  905.00434457  28285364.60  
 10063  905.72414886  28285223.90  
 10089  908.06395829  28284768.30  
 10091  908.24391629  28284715.50  
 10099  908.96389243  28284586.90  
 10137  912.38388471  28283893.10  
 10139  912.56388229  28283841.80  
 10147  913.28385186  28283702.50  
 10185  916.70410043  28282980.20  
 10187  916.88391114  28282948.40  
 10195  917.60382557  28282793.30  
 10233  921.02427600  28282077.30  
 10235  921.20381243  28282014.00  
 10243  921.92379343  28281857.70  
 10247  922.28397314  28281751.70  
 10283  925.52377971  28281053.20  
 10291  926.24376471  28280902.40  
 10295  926.60386029  28280838.10  
 10331  929.84375743  28280093.30  
 10339  930.56374157  28279929.60  
 10343  930.92375171  28279824.80  
 10379  934.16372157  28279097.00  
 10385  934.70414443  28278924.30  
 10387  934.88371771  28278932.30  
 10391  935.24372743  28278842.50  
 10414  937.31410529  28278373.20  
 10425  938.30421529  28278140.20  
 10427  938.48369586  28278090.20  
 10433  939.02373914  28277968.60  
 10435  939.20369943  28277912.10  
 10439  939.56371629  28277840.80  
 10447  940.28373714  28277660.00  
 10462  941.63392043  28277312.50  
 10473  942.62407957  28277077.90  
 10475  942.80368443  28277060.60  
 10481  943.34369243  28276920.40  
 10483  943.52368029  28276885.60  
 10487  943.88370643  28276793.50  
 10510  945.95369743  28276291.70  
 10521  946.94367414  28276068.20  
 10523  947.12366086  28276020.30  
 10529  947.66368300  28275885.00  
 10531  947.84366800  28275844.60  
 10535  948.20372486  28275752.60  
 10558  950.27367314  28275239.20  
 10569  951.26422114  28274983.90  
 10571  951.44365414  28274965.40  
 10577  951.98367529  28274825.50  
 10579  952.16366771  28274774.20  
 10583  952.52368457  28274691.10  
 10606  954.59366771  28274190.00  
 10617  955.58367043  28273945.80  
 10619  955.76363729  28273901.10  
 10625  956.30367857  28273768.10  
 10631  956.84370729  28273640.80  
 10654  958.91365471  28273142.90  
 10657  959.18373700  28273048.20  
 10665  959.90367529  28272885.60  
 10667  960.08363671  28272835.60  
 10673  960.62395671  28272671.70  
 10675  960.80395357  28272637.20  
 10679  961.16365371  28272561.50  
 10687  961.88367886  28272380.60  
 10699  962.96367143  28272106.60  
 10702  963.23365471  28272048.20  
 10705  963.50397757  28271972.40  
 10713  964.22426600  28271807.00  
 10715  964.40363229  28271760.40  
 10721  964.94381514  28271612.30  
 10723  965.12365200  28271579.20  
 10727  965.48363943  28271491.70  
 10735  966.20370400  28271300.80  
 10747  967.28372071  28271053.30  
 10750  967.55365129  28270975.00  
 10763  968.72362943  28270677.30  
 10766  968.99392829  28270595.30  
 10769  969.26363971  28270539.70  
 10771  969.44364000  28270496.70  
 10775  969.80365300  28270403.90  
 10783  970.52367586  28270225.20  
 10795  971.60366800  28269966.50  
 10798  971.87365200  28269889.50  
 10811  973.04363057  28269602.90  
 10814  973.31383700  28269525.10  
 10817  973.58364543  28269462.40  
 10819  973.76365043  28269424.00  
 10823  974.12364186  28269326.00  
 10843  975.92384229  28268886.90  
 10846  976.19376843  28268806.40  
 10859  977.36363400  28268522.70  
 10865  977.90364857  28268391.60  
 10867  978.08366229  28268345.30  
 10871  978.44365300  28268261.90  
 10891  980.24368186  28267815.90  
 10897  980.78375343  28267654.50  
 10907  981.68364686  28267457.40  
 10913  982.22365600  28267324.20  
 10915  982.40368143  28267272.90  
 10919  982.76366571  28267197.80  
 10939  984.56367386  28266747.10  
 10945  985.10367857  28266627.40  
 10955  986.00365843  28266398.50  
 10961  986.54365700  28266266.80  
 10967  987.08367171  28266138.90  
 10975  987.80416871  28265943.20  
 10987  988.88367786  28265698.30  
 10993  989.42368986  28265543.30  
 11003  990.32367729  28265350.30  
 11009  990.86367014  28265216.10  
 11015  991.40369371  28265076.70  
 11023  992.12369671  28264902.00  
 11035  993.20375686  28264655.40  
 11051  994.64368714  28264307.10  
 11054  994.91379786  28264225.00  
 11057  995.18369471  28264185.50  
 11063  995.72370186  28264054.40  
 11071  996.44371000  28263879.30  
 11083  997.52374386  28263617.60  
 11089  998.06414143  28263511.10  
 11099  998.96370871  28263281.30  
 11102  999.23374114  28263233.60  
 11105  999.50371071  28263155.50  
 11111  1000.04372643  28263029.60  
 11119  1000.76374729  28262858.70  
 11131  1001.84417429  28262631.10  
 11147  1003.28372886  28262284.90  
 11150  1003.55375757  28262227.00  
 11153  1003.82373257  28262157.10  
 11155  1004.00376100  28262123.90  
 11159  1004.36376086  28262041.60  
 11167  1005.08378257  28261866.10  
 11195  1007.60376029  28261295.80  
 11201  1008.14375471  28261165.40  
 11207  1008.68391729  28261049.20  
 11215  1009.40395029  28260876.90  
 11243  1011.92378000  28260320.90  
 11249  1012.46378157  28260202.50  
 11251  1012.64435614  28260182.20  
 11255  1013.00379771  28260083.00  
 11281  1015.34383614  28259580.40  
 11291  1016.24381457  28259374.10  
 11297  1016.78381114  28259264.00  
 11303  1017.32383229  28259150.50  
 11311  1018.04390129  28259006.60  
 11329  1019.66386400  28258650.90  
 11339  1020.56385386  28258454.70  
 11345  1021.10384300  28258343.10  
 11351  1021.64387429  28258236.60  
 11359  1022.36386414  28258075.50  
 11377  1023.98388300  28257739.20  
 11387  1024.88389986  28257551.30  
 11393  1025.42388014  28257440.00  
 11399  1025.96389414  28257347.60  
 11407  1026.68390129  28257181.60  
 11425  1028.30391886  28256866.50  
 11435  1029.20408271  28256670.90  
 11441  1029.74391257  28256568.50  
 11447  1030.28408314  28256462.10  
 11455  1031.00393471  28256318.80  
 11457  1031.18438971  28256314.10  
 11461  1031.54415343  28256216.30  
 11473  1032.62397471  28256007.50  
 11480  1033.25397471  28255914.60  
 11483  1033.52401786  28255842.50  
 11489  1034.06395157  28255725.50  
 11495  1034.60398500  28255613.80  
 11503  1035.32396786  28255488.50  
 11509  1035.86473686  28255382.30  
 11528  1037.57490586  28255071.20  
 11531  1037.84402371  28255022.10  
 11534  1038.11410457  28254954.70  
 11537  1038.38399857  28254907.40  
 11551  1039.64401443  28254678.90  
 11557  1040.18420571  28254571.30  
 11579  1042.16432686  28254218.90  
 11585  1042.70404500  28254121.20  
 11599  1043.96406143  28253887.80  
 11605  1044.50406914  28253794.20  
 11617  1045.58435500  28253605.00  
 11633  1047.02409700  28253344.30  
 11647  1048.28415986  28253137.10  
 11653  1048.82412529  28253022.40  
 11665  1049.90413029  28252838.10  
 11681  1051.34414429  28252600.70  
 11693  1052.42419871  28252427.60  
 11695  1052.60415757  28252393.60  
 11701  1053.14416286  28252305.50  
 11713  1054.22416200  28252129.00  
 11729  1055.66418514  28251889.50  
 11741  1056.74421171  28251709.70  
 11743  1056.92430086  28251692.70  
 11749  1057.46420943  28251603.20  
 11761  1058.54422043  28251428.00  
 11777  1059.98424786  28251200.20  
 11797  1061.78425857  28250926.30  
 11809  1062.86427500  28250759.70  
 11825  1064.30428757  28250535.10  
 11845  1066.10431829  28250269.80  
 11857  1067.18432957  28250112.60  
 11873  1068.62436143  28249893.00  
 11893  1070.42436143  28249645.20  
 11905  1071.50437700  28249492.00  
 11921  1072.94441429  28249285.50  
 11924  1073.21481529  28249246.40  
 11941  1074.74441900  28249033.90  
 11953  1075.82443357  28248895.70  
 11969  1077.26448171  28248696.70  
 11972  1077.53459943  28248663.40  
 11981  1078.34459114  28248555.50  
 11989  1079.06449171  28248464.90  
 12001  1080.14450086  28248318.90  
 12017  1081.58453600  28248135.60  
 12020  1081.85454629  28248096.50  
 12029  1082.66454657  28247992.60  
 12037  1083.38454371  28247896.50  
 12049  1084.46455871  28247766.30  
 12065  1085.90526743  28247604.50  
 12068  1086.17460457  28247547.20  
 12077  1086.98460314  28247449.30  
 12085  1087.70460229  28247366.30  
 12097  1088.78462057  28247237.50  
 12116  1090.49512471  28247045.90  
 12125  1091.30465914  28246944.00  
 12133  1092.02467943  28246858.30  
 12145  1093.10469471  28246731.10  
 12164  1094.81474386  28246526.90  
 12173  1095.62472286  28246452.00  
 12181  1096.34474114  28246378.50  
 12193  1097.42476443  28246250.20  
 12212  1099.13485771  28246057.80  
 12221  1099.94478586  28245978.50  
 12229  1100.66480700  28245902.70  
 12241  1101.74482414  28245793.60  
 12257  1103.18488629  28245620.60  
 12260  1103.45496243  28245600.30  
 12269  1104.26484714  28245519.50  
 12277  1104.98487229  28245454.40  
 12289  1106.06507714  28245349.10  
 12317  1108.58491786  28245085.90  
 12325  1109.30494371  28245022.40  
 12365  1112.90499429  28244672.50  
 12373  1113.62502186  28244583.90  
 12401  1116.14515129  28244407.20  
 12413  1117.22505129  28244274.10  
 12421  1117.94518443  28244209.10  
 12449  1120.46512929  28243968.10  
 12461  1121.54512414  28243887.80  
 12469  1122.26517429  28243792.90  
 12497  1124.78558071  28243619.60  
 12509  1125.86520014  28243523.10  
 12517  1126.58539557  28243484.60  
 12532  1127.93556457  28243344.10  
 12557  1130.18527814  28243172.00  
 12565  1130.90543200  28243121.10  
 12580  1132.25533386  28243021.40  
 12605  1134.50534886  28242842.00  
 12613  1135.22541014  28242795.30  
 12628  1136.57544200  28242689.30  
 12641  1137.74614457  28242615.10  
 12653  1138.82542729  28242520.90  
 12661  1139.54547471  28242469.10  
 12676  1140.89548057  28242365.30  
 12701  1143.14549257  28242214.20  
 12709  1143.86555129  28242172.40  
 12724  1145.21554114  28242079.40  
 12749  1147.46557829  28241922.10  
 12757  1148.18565643  28241863.00  
 12772  1149.53561557  28241780.80  
 12797  1151.78566600  28241627.10  
 12820  1153.85572957  28241513.20  
 12845  1156.10573571  28241367.00  
 12853  1156.82577871  28241313.90  
 12868  1158.17577771  28241248.60  
 12893  1160.42581743  28241115.20  
 12901  1161.14585657  28241071.30  
 12916  1162.49585014  28240987.10  
