    33  2.98879271  28253958.30  
    81  7.30882543  28253488.40  
   129  11.62889443  28253043.30  
   207  18.64989686  28252362.80  
   225  20.26898900  28252204.20  
   495  44.56947500  28250009.00  
   591  53.20945200  28249298.40  
   639  57.52944386  28248963.70  
   879  79.12976329  28247400.90  
   927  83.44979714  28247122.50  
   975  87.76993057  28246833.30  
  1263  113.69026371  28245297.90  
  1342  120.79747671  28276999.90  
  1390  125.11743229  28276250.90  
  1403  126.28749457  28276048.60  
  1438  129.43742200  28275486.30  
  1486  133.75741314  28274719.80  
  1499  134.92750857  28274497.70  
  1534  138.07740300  28273946.90  
  1581  142.31077843  28243894.10  
  1582  142.39739957  28273162.30  
  1595  143.56740257  28272942.00  
  1630  146.71739043  28272373.80  
  1675  150.76763957  28271655.10  
  1678  151.03740386  28271601.00  
  1691  152.20742271  28271383.60  
  1723  155.08738614  28270858.10  
  1726  155.35738257  28270813.70  
  1771  159.40738471  28270073.70  
  1774  159.67738743  28270025.80  
  1787  160.84740757  28269817.80  
  1790  161.11741057  28269779.10  
  1819  163.72739700  28269282.20  
  1822  163.99739486  28269242.80  
  1867  168.04738400  28268506.50  
  1870  168.31740386  28268455.30  
  1883  169.48739786  28268240.70  
  1886  169.75744271  28268213.00  
  1915  172.36739786  28267730.60  
  1931  173.80741043  28267479.10  
  1963  176.68740186  28266952.60  
  1979  178.12742229  28266693.90  
  2011  181.00741500  28266181.60  
  2027  182.44746457  28265931.20  
  2030  182.71756543  28265879.40  
  2059  185.32742786  28265418.80  
  2075  186.76745514  28265163.50  
  2078  187.03746157  28265117.20  
  2107  189.64745200  28264662.70  
  2123  191.08756071  28264417.30  
  2126  191.35745729  28264359.70  
  2153  193.79116814  28295030.50  
  2155  193.96746986  28263912.10  
  2171  195.40750829  28263648.90  
  2174  195.67747529  28263619.70  
  2203  198.28749743  28263169.00  
  2219  199.72749757  28262907.30  
  2222  199.99748957  28262872.90  
  2249  202.43058786  28294551.90  
  2251  202.60753229  28262435.00  
  2267  204.04752814  28262186.70  
  2270  204.31751443  28262143.00  
  2318  208.63754200  28261416.00  
  2363  212.68758643  28260757.00  
  2366  212.95756000  28260713.30  
  2411  217.00761043  28260050.90  
  2414  217.27759186  28260012.20  
  2462  221.59762400  28259332.60  
  2507  225.64776529  28258700.80  
  2510  225.91765086  28258663.50  
  2558  230.23768729  28257997.40  
  2575  231.76772657  28257774.70  
  2606  234.55772500  28257352.10  
  2623  236.08773786  28257123.50  
  2633  236.99016200  28292284.20  
  2654  238.87776257  28256713.80  
  2665  239.87008200  28292073.00  
  2671  240.40778843  28256494.00  
  2681  241.31007086  28291947.40  
  2702  243.19781300  28256092.70  
  2713  244.19006514  28291751.50  
  2719  244.72781429  28255872.70  
  2750  247.51784071  28255488.60  
  2767  249.04785843  28255281.10  
  2798  251.83791857  28254909.90  
  2809  252.82990857  28291088.50  
  2815  253.36789043  28254692.90  
  2825  254.26990129  28290974.90  
  2843  255.88827043  28254368.70  
  2846  256.15835329  28254321.00  
  2857  257.14984529  28290741.10  
  2863  257.68793714  28254117.90  
  2873  258.58986471  28290630.20  
  2905  261.46981014  28290376.50  
  2911  262.00798300  28253553.60  
  2953  265.78978157  28290041.60  
  2959  266.32804543  28253021.30  
  3007  270.64809929  28252468.90  
  3049  274.42963814  28289290.90  
  3055  274.96813629  28251964.60  
  3073  276.58821514  28251761.00  
  3097  278.74960329  28288910.70  
  3103  279.28817814  28251458.40  
  3121  280.90824357  28251261.30  
  3145  283.06954743  28288515.50  
  3151  283.60823429  28250964.90  
  3199  287.92841286  28250493.20  
  3217  289.54832629  28250320.70  
  3241  291.70945671  28287701.90  
  3247  292.24834943  28250021.00  
  3265  293.86837229  28249849.90  
  3289  296.02941529  28287297.40  
  3313  298.18841929  28249414.70  
  3337  300.34938343  28286878.10  
  3343  300.88845757  28249153.80  
  3348  301.33947271  28286769.10  
  3361  302.50855857  28248996.10  
  3385  304.66933000  28286447.10  
  3391  305.20878843  28248712.20  
  3396  305.65933757  28286331.30  
  3409  306.82854000  28248573.40  
  3433  308.98930629  28286000.90  
  3439  309.52921143  28248306.60  
  3444  309.97929086  28285901.70  
  3457  311.14859071  28248157.70  
  3492  314.29924657  28285448.60  
  3505  315.46865214  28247770.50  
  3553  319.78872114  28247390.00  
  3629  326.62920457  28246812.80  
  3649  328.42886286  28246644.60  
  3697  332.74891171  28246309.30  
  3745  337.06898929  28245963.60  
  3793  341.38903986  28245644.80  
  3889  350.02918443  28245020.80  
  3942  354.79898643  28280842.30  
  3965  356.86931686  28244567.90  
  3990  359.11891586  28280351.50  
  4013  361.18979400  28244267.30  
  4014  361.27906943  28280059.30  
  4038  363.43890343  28279803.50  
  4061  365.50947314  28244012.00  
  4086  367.75886571  28279264.40  
  4110  369.91911914  28278982.40  
  4129  371.62955471  28243648.30  
  4134  372.07884371  28278725.80  
  4182  376.39881729  28278166.90  
  4205  378.47048457  28243229.30  
  4230  380.71879814  28277602.90  
  4278  385.03877357  28277046.80  
  4326  389.35875843  28276481.10  
  4374  393.67874714  28275915.80  
  4422  397.99873443  28275344.60  
  4470  402.31872257  28274762.20  
  4518  406.63871686  28274193.10  
  4566  410.95824200  28273600.10  
  4590  413.11894114  28273325.70  
  4614  415.27869929  28273018.70  
  4638  417.43872143  28272727.10  
  4662  419.59868729  28272439.50  
  4686  421.75870386  28272147.10  
  4707  423.64873629  28271896.20  
  4710  423.91869000  28271853.90  
  4734  426.07869143  28271548.60  
  4755  427.96925543  28271313.40  
  4758  428.23868514  28271267.90  
  4782  430.39868114  28270973.50  
  4806  432.55870043  28270681.20  
  4830  434.71868629  28270379.00  
  4878  439.03869371  28269801.30  
  4926  443.35868586  28269211.60  
  4974  447.67870229  28268625.30  
  5022  451.99870871  28268052.00  
  5070  456.31871057  28267463.50  
  5118  460.63873286  28266883.90  
  5139  462.52881371  28266630.50  
  5166  464.95874943  28266294.40  
  5214  469.27875014  28265743.70  
  5283  475.48884543  28264927.60  
  5331  479.80879600  28264376.50  
  5427  488.44884000  28263252.30  
  5475  492.76886486  28262701.50  
  5523  497.08944700  28262160.10  
  5667  510.04894914  28260580.20  
  5811  523.00903671  28259056.10  
  6177  555.94958114  28255512.40  
  6225  560.26946029  28255058.10  
  6417  577.54955029  28253437.60  
  6513  586.18981914  28252647.00  
  6705  603.47030371  28251213.80  
  7438  669.43687071  28276810.60  
  7451  670.60685100  28276565.40  
  7483  673.48723757  28276002.90  
  7486  673.75683714  28275953.60  
  7499  674.92683700  28275719.00  
  7534  678.07682914  28275072.80  
  7547  679.24683229  28274835.00  
  7582  682.39681957  28274191.00  
  7595  683.56681329  28273959.50  
  7630  686.71681143  28273309.20  
  7643  687.88680471  28273070.60  
  7678  691.03680143  28272419.40  
  7691  692.20680014  28272179.10  
  7694  692.47683514  28272120.50  
  7723  695.08683314  28271576.60  
  7726  695.35680043  28271523.50  
  7739  696.52679129  28271278.80  
  7742  696.79683343  28271236.70  
  7771  699.40680271  28270685.30  
  7774  699.67679743  28270627.20  
  7787  700.84679600  28270394.30  
  7790  701.11681743  28270325.50  
  7819  703.72679743  28269794.70  
  7822  703.99682371  28269742.90  
  7835  705.16678857  28269493.90  
  7838  705.43680786  28269438.40  
  7867  708.04680429  28268906.60  
  7870  708.31689371  28268838.80  
  7883  709.48681243  28268597.80  
  7886  709.75720857  28268533.70  
  7915  712.36681314  28268010.20  
  7931  713.80681614  28267713.00  
  7963  716.68681014  28267127.50  
  7979  718.12681686  28266828.60  
  8011  721.00681714  28266246.20  
  8027  722.44682886  28265957.00  
  8030  722.71742471  28265907.20  
  8047  724.24686043  28265584.60  
  8059  725.32683971  28265381.20  
  8075  726.76684943  28265089.40  
  8078  727.03685714  28265035.70  
  8081  727.30697000  28264989.90  
  8095  728.56737286  28264728.60  
  8107  729.64685486  28264517.30  
  8123  731.08686257  28264228.90  
  8126  731.35686429  28264179.20  
  8129  731.62692200  28264123.50  
  8143  732.88696000  28263869.70  
  8155  733.96688100  28263655.40  
  8171  735.40690071  28263379.60  
  8174  735.67688014  28263321.00  
  8177  735.94689214  28263276.50  
  8191  737.20690971  28263020.50  
  8203  738.28689257  28262822.60  
  8219  739.72691571  28262540.80  
  8222  739.99689986  28262482.60  
  8225  740.26706286  28262433.10  
  8239  741.52701071  28262188.80  
  8251  742.60694014  28261988.40  
  8267  744.04692371  28261716.80  
  8270  744.31692000  28261668.00  
  8273  744.58693043  28261611.50  
  8287  745.84776043  28261380.00  
  8299  746.92713000  28261173.80  
  8315  748.36696629  28260894.10  
  8318  748.63695043  28260854.90  
  8321  748.90697000  28260806.50  
  8363  752.68697957  28260115.80  
  8366  752.95697429  28260056.30  
  8369  753.22699343  28260010.10  
  8411  757.00700914  28259319.30  
  8414  757.27700643  28259278.30  
  8417  757.54710043  28259236.20  
  8431  758.80750657  28259004.10  
  8462  761.59707714  28258516.30  
  8465  761.86743471  28258472.10  
  8479  763.12706086  28258246.90  
  8507  765.64713314  28257810.90  
  8510  765.91707400  28257764.20  
  8513  766.18709100  28257720.40  
  8527  767.44709257  28257504.70  
  8555  769.96724500  28257083.70  
  8558  770.23711600  28257023.40  
  8561  770.50713243  28256981.90  
  8575  771.76711643  28256782.00  
  8585  772.67095500  28292187.60  
  8603  774.28715371  28256355.60  
  8606  774.55715171  28256318.30  
  8609  774.82718886  28256275.00  
  8617  775.55092143  28292015.50  
  8623  776.08716414  28256069.70  
  8629  776.62741457  28255996.20  
  8651  778.60720814  28255665.10  
  8654  778.87719914  28255622.60  
  8657  779.14745714  28255579.00  
  8671  780.40720129  28255375.40  
  8677  780.94758800  28255285.10  
  8699  782.92725357  28254992.80  
  8705  783.46724071  28254895.80  
  8713  784.19111286  28291434.60  
  8719  784.72723971  28254704.50  
  8725  785.26733500  28254622.50  
  8747  787.24728300  28254321.20  
  8753  787.78749829  28254263.90  
  8761  788.51067929  28291116.50  
  8767  789.04727486  28254055.80  
  8773  789.58730386  28253962.30  
  8795  791.56735457  28253679.90  
  8809  792.83100000  28290825.70  
  8815  793.36732457  28253419.70  
  8821  793.90735600  28253332.90  
  8843  795.88739171  28253045.40  
  8857  797.15054400  28290509.20  
  8863  797.68737500  28252796.90  
  8869  798.22739957  28252733.90  
  8881  799.30741257  28252571.60  
  8891  800.20749414  28252433.30  
  8905  801.47050457  28290204.20  
  8911  802.00742286  28252199.50  
  8917  802.54744743  28252134.30  
  8929  803.62745100  28251982.30  
  8939  804.52747129  28251843.10  
  8953  805.79098643  28289869.90  
  8959  806.32746914  28251617.60  
  8965  806.86753600  28251552.80  
  8977  807.94749471  28251406.80  
  8987  808.84776986  28251287.10  
  9001  810.11094100  28289549.50  
  9007  810.64752657  28251062.40  
  9013  811.18756743  28250997.50  
  9025  812.26754814  28250849.40  
  9049  814.43035486  28289193.10  
  9055  814.96758514  28250514.80  
  9061  815.50810371  28250446.30  
  9073  816.58760457  28250311.40  
  9097  818.75029057  28288862.10  
  9103  819.28764086  28249983.30  
  9109  819.82827757  28249904.80  
  9121  820.90765171  28249784.00  
  9137  822.34771543  28249605.70  
  9145  823.07025657  28288498.70  
  9151  823.60770543  28249462.20  
  9157  824.14779471  28249399.50  
  9169  825.22770771  28249282.40  
  9185  826.66827286  28249132.70  
  9193  827.39019600  28288148.50  
  9199  827.92776243  28248971.90  
  9205  828.46779200  28248934.30  
  9217  829.54776686  28248794.90  
  9233  830.98783771  28248649.30  
  9241  831.71014529  28287783.70  
  9247  832.24782000  28248493.90  
  9253  832.78783971  28248442.00  
  9265  833.86783014  28248323.10  
  9281  835.30810286  28248155.20  
  9289  836.03015086  28287424.90  
  9295  836.56866243  28248012.90  
  9301  837.10795014  28247989.40  
  9313  838.18788243  28247865.20  
  9337  840.35026600  28287028.20  
  9349  841.42797171  28247536.20  
  9361  842.50794143  28247428.90  
  9385  844.67003943  28286643.00  
  9397  845.74801443  28247096.70  
  9409  846.82801329  28247001.80  
  9444  849.98001614  28286166.80  
  9445  850.06808757  28246689.60  
  9457  851.14808100  28246584.60  
  9485  853.66815829  28246352.20  
  9492  854.29996629  28285773.80  
  9493  854.38895071  28246293.10  
  9505  855.46815357  28246183.40  
  9533  857.98818743  28245970.70  
  9540  858.61989771  28285367.20  
  9553  859.78821014  28245816.30  
  9581  862.30825186  28245597.90  
  9588  862.93986500  28284943.90  
  9601  864.10830843  28245439.20  
  9629  866.62832257  28245232.30  
  9649  868.42835857  28245081.30  
  9677  870.94838243  28244893.50  
  9713  874.18882414  28244622.40  
  9725  875.26845086  28244550.50  
  9793  881.38856457  28244097.10  
  9821  883.90860929  28243913.80  
  9857  887.14869257  28243691.40  
  9869  888.22866671  28243616.20  
  9917  892.54875057  28243326.90  
  9965  896.86881229  28243042.60  
