    16  1.46572129  28249735.60  
    40  3.62732200  28287717.60  
    46  4.16576186  28249456.90  
    64  5.78576414  28249272.00  
    88  7.94726229  28287308.40  
    94  8.48580986  28249007.00  
   100  9.02594071  28248913.70  
   112  10.10582971  28248822.60  
   136  12.26725543  28286900.00  
   142  12.80588829  28248557.90  
   147  13.25759043  28286814.50  
   160  14.42589086  28248384.60  
   184  16.58727971  28286500.80  
   195  17.57732243  28286372.90  
   208  18.74596814  28247970.20  
   232  20.90714857  28286073.50  
   243  21.89713086  28285961.20  
   256  23.06601771  28247559.70  
   280  25.22710600  28285640.50  
   291  26.21712457  28285529.60  
   304  27.38606929  28247164.70  
   328  29.54720671  28285209.60  
   332  29.90723786  28246995.20  
   339  30.53712543  28285093.30  
   340  30.62615614  28246909.30  
   352  31.70613471  28246787.70  
   376  33.86711200  28284756.40  
   380  34.22685100  28246553.00  
   387  34.85700929  28284655.00  
   388  34.94651957  28246518.50  
   400  36.02619729  28246423.80  
   428  38.54634629  28246205.00  
   435  39.17705371  28284194.10  
   436  39.26632057  28246157.30  
   448  40.34626586  28246057.80  
   476  42.86633229  28245856.20  
   483  43.49694571  28283743.30  
   484  43.58645386  28245793.20  
   524  47.18640486  28245526.50  
   531  47.81698314  28283275.40  
   532  47.90671357  28245446.90  
   572  51.50692943  28245188.50  
   579  52.13687700  28282803.40  
   619  55.73967086  28304397.90  
   620  55.82651329  28244859.40  
   627  56.45684086  28282315.80  
   667  60.05954743  28304331.50  
   668  60.14659429  28244572.50  
   675  60.77681143  28281838.90  
   716  64.46664371  28244275.20  
   723  65.09678429  28281331.50  
   763  68.69914514  28304172.00  
   764  68.78672743  28243980.00  
   771  69.41676514  28280833.60  
   811  73.01905371  28304092.40  
   812  73.10679257  28243705.40  
   819  73.73672286  28280318.90  
   837  75.35674286  28280128.20  
   859  77.33894743  28304029.40  
   860  77.42687471  28243438.80  
   867  78.05671329  28279816.90  
   885  79.67686014  28279620.60  
   907  81.65885843  28303946.80  
   915  82.37669271  28279293.90  
   933  83.99665814  28279094.70  
   955  85.97877457  28303856.90  
   963  86.69665657  28278760.30  
   981  88.31666086  28278573.70  
  1003  90.29867900  28303773.90  
  1011  91.01664257  28278229.70  
  1029  92.63663514  28278036.20  
  1051  94.61859571  28303686.90  
  1059  95.33664186  28277696.90  
  1077  96.95661343  28277504.70  
  1099  98.93850071  28303588.60  
  1107  99.65661600  28277169.90  
  1125  101.27659600  28276962.80  
  1147  103.25842514  28303500.20  
  1155  103.97669671  28276633.10  
  1173  105.59657343  28276411.00  
  1195  107.57833314  28303406.00  
  1221  109.91656343  28275867.20  
  1243  111.89827086  28303283.60  
  1269  114.23655771  28275314.20  
  1291  116.21816271  28303181.60  
  1317  118.55653343  28274760.90  
  1339  120.53807500  28303079.10  
  1365  122.87652986  28274207.00  
  1387  124.85798114  28302962.20  
  1413  127.19652214  28273647.40  
  1435  129.17789957  28302834.30  
  1437  129.35689314  28273353.20  
  1459  131.33822314  28240762.00  
  1461  131.51651643  28273072.70  
  1483  133.49781186  28302712.60  
  1485  133.67653900  28272799.40  
  1507  135.65791014  28240591.20  
  1509  135.83651243  28272523.60  
  1531  137.81773443  28302581.50  
  1533  137.99653029  28272238.10  
  1555  139.97799943  28240434.30  
  1557  140.15650886  28271945.50  
  1579  142.13765886  28302452.30  
  1581  142.31651357  28271659.60  
  1602  144.20692700  28271431.70  
  1603  144.29810871  28240288.80  
  1605  144.47650414  28271385.20  
  1627  146.45635600  28302212.40  
  1629  146.63650957  28271107.90  
  1651  148.61822929  28240126.20  
  1653  148.79650814  28270820.20  
  1677  150.95650114  28270539.80  
  1701  153.11653871  28270273.40  
  1725  155.27650686  28269975.50  
  1749  157.43662671  28269710.40  
  1773  159.59650543  28269407.70  
  1781  160.31744286  28301825.30  
  1797  161.75668114  28269125.30  
  1821  163.91651414  28268844.00  
  1829  164.63737857  28301626.80  
  1841  165.71723271  28301571.10  
  1869  168.23651414  28268279.80  
  1873  168.59891914  28239482.10  
  1877  168.95721143  28301464.90  
  1917  172.55652186  28267725.10  
  1921  172.91911900  28239354.80  
  1965  176.87654057  28267170.80  
  1986  178.76654514  28266926.70  
  2013  181.19655286  28266611.70  
  2034  183.08668986  28266366.40  
  2061  185.51655557  28266057.30  
  2082  187.40657171  28265814.40  
  2085  187.67677571  28265765.50  
  2109  189.83657400  28265509.80  
  2117  190.55709357  28300516.40  
  2130  191.72659400  28265274.10  
  2133  191.99670457  28265238.80  
  2157  194.15658129  28264959.40  
  2165  194.87668657  28300276.70  
  2178  196.04659729  28264733.80  
  2181  196.31697114  28264695.10  
  2205  198.47660657  28264417.00  
  2213  199.19660171  28300074.70  
  2226  200.36661186  28264189.80  
  2229  200.63709986  28264157.80  
  2253  202.79662000  28263888.10  
  2274  204.68662229  28263653.80  
  2277  204.95703029  28263632.10  
  2301  207.11665500  28263358.60  
  2322  209.00664914  28263126.50  
  2325  209.27679743  28263126.10  
  2349  211.43667986  28262827.20  
  2370  213.32666271  28262600.70  
  2397  215.75678686  28262331.00  
  2418  217.64668429  28262084.60  
  2466  221.96671714  28261570.30  
  2514  226.28673914  28261065.40  
  2562  230.60676857  28260566.60  
  2610  234.92680300  28260068.20  
  2640  237.62686657  28259755.80  
  2658  239.24683100  28259581.20  
  2688  241.94693643  28259274.60  
  2706  243.56686886  28259093.80  
  2736  246.26714086  28258803.20  
  2741  246.71610486  28296902.40  
  2754  247.88690829  28258619.20  
  2784  250.58693157  28258321.70  
  2789  251.03575100  28296568.60  
  2802  252.20693386  28258153.60  
  2832  254.90697743  28257878.10  
  2837  255.35567657  28296174.00  
  2850  256.52696557  28257702.10  
  2880  259.22698586  28257398.50  
  2885  259.67557114  28295791.40  
  2898  260.84701057  28257231.50  
  2928  263.54701800  28256957.00  
  2933  263.99555700  28295402.00  
  2946  265.16704743  28256794.50  
  2976  267.86705629  28256526.50  
  2981  268.31562814  28294986.20  
  2994  269.48708471  28256357.80  
  3024  272.18707800  28256091.80  
  3029  272.63538571  28294557.00  
  3042  273.80713757  28255937.20  
  3072  276.50711943  28255661.20  
  3077  276.95532957  28294099.40  
  3090  278.12729171  28255522.40  
  3120  280.82717029  28255235.80  
  3125  281.27524486  28293629.30  
  3168  285.14720929  28254834.50  
  3173  285.59518757  28293137.30  
  3202  288.20568329  28292853.50  
  3216  289.46724900  28254434.00  
  3221  289.91514657  28292638.60  
  3264  293.78729386  28254032.70  
  3269  294.23508229  28292128.30  
  3270  294.32757371  28253996.40  
  3294  296.48752714  28253792.70  
  3298  296.84506114  28291805.50  
  3312  298.10733457  28253648.80  
  3317  298.55520043  28291597.50  
  3342  300.80739800  28253409.90  
  3346  301.16540529  28291277.20  
  3360  302.42739286  28253274.40  
  3394  305.48494714  28290695.20  
  3408  306.74744343  28252905.00  
  3413  307.19511400  28290476.10  
  3434  309.08496286  28290209.20  
  3442  309.80487586  28290120.50  
  3461  311.51492314  28289875.30  
  3468  312.14498257  28289776.20  
  3482  313.40491371  28289601.30  
  3490  314.12482529  28289508.50  
  3530  317.72487000  28288975.60  
  3538  318.44476971  28288875.30  
  3557  320.15478014  28288631.90  
  3578  322.04474229  28288345.30  
  3586  322.76474114  28288229.80  
  3626  326.36469514  28287675.30  
  3634  327.08476300  28287563.60  
  3674  330.68465543  28286986.20  
  3682  331.40465986  28286894.20  
  3722  335.00462029  28286304.30  
  3730  335.72464229  28286194.50  
  3770  339.32458914  28285582.10  
  3778  340.04458029  28285465.90  
  3818  343.64453129  28284824.70  
  3826  344.36453671  28284705.50  
  3866  347.96464186  28284077.90  
  3874  348.68449057  28283951.50  
  3886  349.76449343  28283739.60  
  3914  352.28448229  28283310.20  
  3922  353.00447057  28283173.50  
  3962  356.60443400  28282523.80  
  3970  357.32442343  28282377.50  
  4010  360.92439714  28281697.90  
  4018  361.64439871  28281547.20  
  4058  365.24437886  28280874.70  
  4066  365.96437486  28280724.60  
  4106  369.56433700  28280019.70  
  4114  370.28434143  28279871.10  
  4154  373.88392414  28279139.90  
  4162  374.60432529  28279007.00  
  4166  374.96463300  28278927.60  
  4186  376.76448229  28278585.80  
  4189  377.03441914  28278500.50  
  4202  378.20429629  28278284.50  
  4210  378.92430014  28278131.00  
  4214  379.28478700  28278068.00  
  4234  381.08432629  28277677.00  
  4237  381.35429943  28277630.90  
  4250  382.52427386  28277382.20  
  4253  382.79438214  28277323.50  
  4258  383.24429186  28277256.00  
  4262  383.60430586  28277150.50  
  4282  385.40480143  28276807.30  
  4285  385.67427771  28276728.10  
  4298  386.84426171  28276487.80  
  4306  387.56450143  28276364.90  
  4310  387.92443200  28276241.90  
  4330  389.72458414  28275894.70  
  4333  389.99424757  28275821.00  
  4346  391.16424029  28275585.20  
  4352  391.70433500  28275452.60  
  4354  391.88433157  28275448.30  
  4358  392.24427257  28275355.70  
  4381  394.31424257  28274903.60  
  4394  395.48423357  28274658.70  
  4400  396.02426714  28274560.60  
  4429  398.63422771  28273989.10  
  4442  399.80422957  28273746.00  
  4448  400.34424571  28273618.60  
  4477  402.95422414  28273059.60  
  4490  404.12421229  28272811.30  
  4496  404.66468314  28272701.80  
  4510  405.92437614  28272425.00  
  4522  407.00427657  28272204.70  
  4525  407.27421543  28272125.40  
  4538  408.44421329  28271870.20  
  4541  408.71424014  28271824.50  
  4544  408.98425000  28271758.00  
  4558  410.24434086  28271488.10  
  4570  411.32421686  28271243.40  
  4573  411.59421400  28271193.00  
  4586  412.76421471  28270939.90  
  4589  413.03422471  28270870.60  
  4592  413.30427143  28270798.10  
  4594  413.48455571  28270797.50  
  4606  414.56438043  28270560.10  
  4618  415.64422714  28270324.30  
  4621  415.91422629  28270259.80  
  4634  417.08421329  28270007.40  
  4637  417.35421586  28269946.20  
  4666  419.96422014  28269388.40  
  4669  420.23422057  28269319.70  
  4682  421.40421229  28269077.60  
  4685  421.67425057  28269006.30  
  4714  424.28421957  28268449.70  
  4717  424.55453886  28268401.80  
  4730  425.72422271  28268145.30  
  4762  428.60423171  28267519.00  
  4778  430.04423800  28267218.60  
  4784  430.58430371  28267111.20  
  4810  432.92423586  28266600.70  
  4826  434.36424286  28266299.60  
  4829  434.63450443  28266247.80  
  4832  434.90428314  28266182.90  
  4846  436.16435729  28265917.00  
  4858  437.24424800  28265683.90  
  4874  438.68425800  28265385.10  
  4877  438.95430229  28265326.00  
  4880  439.22431500  28265266.10  
  4894  440.48429400  28265017.20  
  4906  441.56427243  28264782.10  
  4922  443.00427514  28264488.50  
  4925  443.27427743  28264419.10  
  4928  443.54428929  28264362.30  
  4942  444.80428471  28264094.40  
  4954  445.88429100  28263897.00  
  4970  447.32428643  28263589.70  
  4973  447.59429814  28263537.70  
  4976  447.86431157  28263484.30  
  4990  449.12432600  28263223.40  
  5002  450.20452871  28263007.00  
  5018  451.64432057  28262716.20  
  5021  451.91431800  28262660.00  
  5024  452.18432329  28262608.90  
  5038  453.44448029  28262342.60  
  5050  454.52452257  28262158.20  
  5066  455.96433571  28261860.00  
  5069  456.23433143  28261785.10  
  5072  456.50434543  28261735.00  
  5086  457.76434500  28261489.90  
  5114  460.28436329  28260995.60  
  5117  460.55435543  28260944.50  
  5120  460.82437071  28260888.70  
  5162  464.60438043  28260165.90  
  5165  464.87438743  28260106.10  
  5168  465.14438857  28260053.90  
  5210  468.92441586  28259344.30  
  5213  469.19440357  28259293.20  
  5216  469.46441943  28259251.10  
  5230  470.72456229  28259010.80  
  5258  473.24445629  28258544.90  
  5261  473.51444671  28258494.20  
  5264  473.78447800  28258440.10  
  5278  475.04446557  28258205.00  
  5306  477.56450486  28257755.60  
  5309  477.83448314  28257702.30  
  5312  478.10449743  28257670.80  
  5326  479.36449743  28257431.80  
  5354  481.88453886  28256985.50  
  5357  482.15452586  28256943.00  
  5360  482.42453043  28256885.30  
  5374  483.68453514  28256688.60  
  5402  486.20473543  28256252.90  
  5405  486.47459343  28256195.40  
  5408  486.74465800  28256157.50  
  5422  488.00456957  28255944.20  
  5450  490.52486314  28255533.80  
  5453  490.79471871  28255482.00  
  5456  491.06462971  28255449.10  
  5470  492.32460400  28255222.60  
  5498  494.84467271  28254819.50  
  5504  495.38466200  28254724.30  
  5518  496.64464543  28254525.60  
  5546  499.16475400  28254134.60  
  5552  499.70476257  28254029.40  
  5566  500.96469000  28253843.90  
  5572  501.50488314  28253763.00  
  5614  505.28473843  28253185.30  
  5620  505.82552514  28253107.40  
  5662  509.60478843  28252558.80  
  5680  511.22484629  28252332.60  
  5690  512.12489371  28252171.80  
  5710  513.92483957  28251931.80  
  5728  515.54485986  28251706.70  
  5744  516.98513057  28251489.40  
  5752  517.70859500  28289808.50  
  5758  518.24489114  28251331.30  
  5776  519.86491271  28251119.60  
  5806  522.56417486  28250800.10  
  5812  523.10498729  28250670.90  
  5824  524.18495871  28250540.50  
  5840  525.62538786  28250337.40  
  5854  526.88500014  28250186.60  
  5860  527.42518900  28250124.40  
  5872  528.50501086  28249984.10  
  5896  530.66824300  28288845.80  
  5902  531.20508086  28249642.20  
  5908  531.74513429  28249590.40  
  5920  532.82507600  28249452.30  
  5950  535.52520529  28249127.10  
  5956  536.06515914  28249060.00  
  5968  537.14512871  28248930.30  
  5998  539.84552614  28248584.60  
  6004  540.38524243  28248541.80  
  6016  541.46518443  28248435.30  
  6046  544.16551414  28248119.20  
  6052  544.70536843  28248067.70  
  6064  545.78524571  28247953.40  
  6092  548.30531157  28247685.00  
  6100  549.02532714  28247613.60  
  6112  550.10531229  28247493.50  
  6140  552.62536943  28247221.00  
  6148  553.34541457  28247143.40  
  6160  554.42537100  28247042.00  
  6188  556.94542814  28246796.00  
  6196  557.66561300  28246696.10  
  6208  558.74543986  28246614.40  
  6236  561.26603214  28246338.60  
  6256  563.06485886  28246200.10  
  6284  565.58562843  28245961.90  
  6304  567.38557886  28245795.60  
  6332  569.90489286  28245586.00  
  6340  570.62614657  28245512.40  
  6352  571.70563571  28245413.20  
  6380  574.22568214  28245189.00  
  6388  574.94607100  28245120.00  
  6400  576.02570886  28245039.40  
  6416  577.46590457  28244896.40  
  6428  578.54574286  28244836.80  
  6448  580.34577843  28244671.20  
  6476  582.86581457  28244483.20  
  6496  584.66587086  28244349.40  
  6497  584.76003800  28305379.90  
  6524  587.18589371  28244139.30  
  6544  588.98601629  28244006.90  
  6572  591.50596571  28243818.80  
  6592  593.30606614  28243672.80  
  6620  595.82603257  28243513.50  
  6641  597.71925486  28305236.20  
  6656  599.06639214  28243259.60  
  6668  600.14610557  28243210.20  
  6688  601.94632957  28243085.90  
  6689  602.03918086  28305189.00  
  6704  603.38621857  28242992.90  
  6716  604.46616957  28242919.30  
  6737  606.35907800  28305120.60  
  6763  608.69917543  28305095.30  
  6764  608.78625300  28242648.00  
  6785  610.67897843  28305085.30  
  6811  613.01895929  28305053.00  
  6812  613.10632371  28242378.10  
  6833  614.99892100  28305014.50  
  6859  617.33884971  28304992.30  
  6860  617.42640514  28242116.30  
  6881  619.31881286  28304960.20  
  6907  621.65873314  28304942.50  
  6908  621.74648471  28241865.80  
  6929  623.63872714  28304893.50  
  6955  625.97867743  28304864.80  
  6956  626.06655557  28241632.60  
  6977  627.95861643  28304827.30  
  6979  628.13691686  28241520.00  
  7003  630.29859171  28304796.70  
  7004  630.38663929  28241397.60  
  7025  632.27860514  28304781.50  
  7027  632.45669343  28241292.40  
  7051  634.61849071  28304716.90  
  7052  634.70671000  28241175.20  
  7073  636.59842229  28304705.40  
  7075  636.77684143  28241088.10  
  7077  636.95732643  28278772.60  
  7099  638.93844471  28304656.40  
  7100  639.02679857  28240966.80  
  7123  641.09699043  28240874.50  
  7125  641.27726343  28278285.30  
  7147  643.25866200  28304584.50  
  7148  643.34688243  28240765.80  
  7169  645.23827057  28304545.60  
  7171  645.41695029  28240652.40  
  7173  645.59725414  28277792.20  
  7195  647.57826200  28304485.80  
  7196  647.66695057  28240567.50  
  7217  649.55821629  28304473.30  
  7219  649.73699757  28240481.80  
  7221  649.91723557  28277313.40  
  7243  651.89813200  28304417.50  
  7244  651.98703886  28240376.90  
  7265  653.87809714  28304385.10  
  7267  654.05711414  28240292.90  
  7269  654.23720986  28276835.40  
  7291  656.21802986  28304331.60  
  7292  656.30711771  28240191.50  
  7313  658.19799786  28304285.00  
  7315  658.37720300  28240108.20  
  7317  658.55719171  28276330.70  
  7339  660.53793529  28304246.30  
  7340  660.62719029  28240026.60  
  7361  662.51789700  28304211.30  
  7363  662.69723929  28239943.50  
  7365  662.87717000  28275840.80  
  7387  664.85784857  28304157.50  
  7388  664.94727571  28239844.50  
  7409  666.83780743  28304082.80  
  7411  667.01731971  28239770.90  
  7413  667.19716571  28275335.10  
  7435  669.17776171  28304066.90  
  7436  669.26737857  28239698.10  
  7457  671.15775014  28304011.00  
  7459  671.33740414  28239613.30  
  7461  671.51714729  28274835.00  
  7483  673.49771600  28303969.80  
  7484  673.58744629  28239539.40  
  7507  675.65749071  28239460.30  
  7509  675.83714457  28274336.10  
  7531  677.81759657  28303852.60  
  7532  677.90754157  28239397.50  
  7553  679.79787886  28303809.70  
  7555  679.97769043  28239303.30  
  7557  680.15714229  28273828.20  
  7579  682.13750957  28303745.80  
  7601  684.11752071  28303684.90  
  7603  684.29766286  28239157.70  
  7605  684.47712114  28273319.80  
  7627  686.45741086  28303627.40  
  7628  686.54771757  28239104.30  
  7629  686.63713729  28273051.50  
  7649  688.43740014  28303549.30  
  7651  688.61773286  28239027.30  
  7653  688.79712043  28272815.40  
  7675  690.77730686  28303510.70  
  7676  690.86775243  28238966.60  
  7677  690.95713557  28272563.90  
  7697  692.75729200  28303436.00  
  7699  692.93782143  28238900.60  
  7723  695.09722757  28303383.70  
  7724  695.18804671  28238836.30  
  7725  695.27712214  28272050.00  
  7745  697.07734043  28303341.40  
  7747  697.25789900  28238773.50  
  7772  699.50796443  28238699.90  
  7773  699.59616371  28271377.10  
  7795  701.57799143  28238648.50  
  7820  703.82806014  28238587.20  
  7821  703.91711086  28271017.00  
  7843  705.89807543  28238537.00  
  7869  708.23711343  28270515.40  
  7891  710.21817357  28238408.10  
  7917  712.55711243  28270000.30  
  7965  716.87711057  28269491.00  
  7987  718.85834157  28238191.20  
  8013  721.19711729  28268979.70  
  8035  723.17842229  28238107.00  
  8061  725.51711871  28268485.50  
  8083  727.49851886  28238009.30  
  8109  729.83713371  28267969.40  
  8131  731.81860229  28237909.90  
  8157  734.15713471  28267466.00  
  8179  736.13868343  28237820.40  
  8205  738.47714586  28266960.90  
  8226  740.36727071  28266730.20  
  8227  740.45877800  28237736.10  
  8253  742.79715971  28266455.00  
  8274  744.68749086  28266241.60  
  8275  744.77896043  28237638.80  
  8287  745.85634314  28301493.00  
  8301  747.11716929  28265953.10  
  8309  747.83627171  28301381.90  
  8322  749.00718200  28265752.70  
  8323  749.09894714  28237578.00  
  8335  750.17630314  28301229.50  
  8349  751.43718814  28265463.00  
  8357  752.15616600  28301136.70  
  8370  753.32720314  28265244.70  
  8397  755.75719357  28264978.50  
  8405  756.47611943  28300936.40  
  8418  757.64721057  28264760.80  
  8419  757.73946957  28237415.50  
  8445  760.07722343  28264479.10  
  8453  760.79617529  28300699.00  
  8466  761.96722771  28264270.40  
  8493  764.39724971  28263996.20  
  8501  765.11591100  28300443.50  
  8514  766.28653543  28263783.50  
  8541  768.71726071  28263521.90  
  8549  769.43599357  28300184.90  
  8562  770.60726286  28263311.80  
  8589  773.03728600  28263044.50  
  8597  773.75574186  28299904.30  
  8610  774.92728071  28262835.80  
  8623  776.09646029  28299767.70  
  8626  776.36626729  28299724.00  
  8637  777.35730457  28262563.90  
  8645  778.07568571  28299645.30  
  8658  779.24730686  28262368.00  
  8671  780.41591757  28299490.50  
  8674  780.68564243  28299441.40  
  8693  782.39568357  28299342.00  
  8706  783.56732514  28261899.10  
  8741  786.71564871  28299035.40  
  8754  787.88736371  28261441.00  
  8789  791.03549014  28298709.40  
  8802  792.20737186  28260968.20  
  8818  793.64577357  28298523.60  
  8837  795.35539043  28298369.80  
  8850  796.52740900  28260535.40  
  8885  799.67530229  28298042.40  
  8898  800.84745357  28260075.80  
  8914  802.28541600  28297800.10  
  8933  803.99521671  28297659.10  
  8946  805.16746600  28259652.50  
  8962  806.60527557  28297458.30  
  8981  808.31516286  28297301.60  
  8994  809.48752657  28259203.10  
  9024  812.18755143  28258946.60  
  9029  812.63507729  28296899.60  
  9042  813.80753200  28258793.10  
  9072  816.50787086  28258529.60  
  9077  816.95500714  28296483.30  
  9090  818.12758286  28258365.40  
  9120  820.82776243  28258116.10  
  9125  821.27494043  28296050.50  
  9138  822.44762843  28257953.80  
  9154  823.88497757  28295789.60  
  9168  825.14761157  28257686.40  
  9173  825.59485886  28295600.30  
  9186  826.76762529  28257538.90  
  9202  828.20541671  28295322.20  
  9213  829.19769443  28257304.40  
  9216  829.46764543  28257289.50  
  9221  829.91480414  28295124.90  
  9234  831.08766429  28257128.90  
  9240  831.62487757  28294947.50  
  9250  832.52498271  28294853.80  
  9264  833.78768857  28256886.60  
  9269  834.23473700  28294639.20  
  9282  835.40786271  28256739.40  
  9288  835.94471300  28294459.50  
  9298  836.84487271  28294334.60  
  9312  838.10686071  28256489.50  
  9317  838.55467957  28294137.20  
  9346  841.16509900  28293829.70  
  9360  842.42785829  28256082.50  
  9365  842.87461157  28293597.00  
  9384  844.58490286  28293363.80  
  9391  845.21472814  28293313.60  
  9394  845.48459914  28293263.70  
  9408  846.74780714  28255713.70  
  9413  847.19454214  28293044.10  
  9432  848.90466100  28292795.50  
  9442  849.80452843  28292699.10  
  9461  851.51448629  28292466.00  
  9480  853.22473057  28292248.90  
  9487  853.85451200  28292141.20  
  9490  854.12446343  28292114.80  
  9509  855.83443800  28291864.40  
  9528  857.54455586  28291607.70  
  9538  858.44441157  28291490.50  
  9557  860.15438229  28291236.80  
  9586  862.76435257  28290845.60  
  9605  864.47434086  28290585.60  
  9626  866.36441543  28290260.80  
  9634  867.08429443  28290182.50  
  9653  868.79428443  28289917.60  
  9660  869.42447257  28289833.20  
  9672  870.50436371  28289627.70  
  9674  870.68431200  28289605.40  
  9682  871.40424300  28289493.60  
  9701  873.11423586  28289205.90  
  9708  873.74424186  28289099.70  
  9720  874.82423529  28288904.00  
  9722  875.00420743  28288889.10  
  9730  875.72419300  28288773.60  
  9749  877.43424143  28288482.30  
  9756  878.06502557  28288406.70  
  9768  879.14419486  28288166.40  
  9770  879.32416914  28288161.20  
  9778  880.04414514  28288034.90  
  9797  881.75427271  28287727.60  
  9804  882.38436943  28287608.00  
  9816  883.46483600  28287430.90  
  9818  883.64411871  28287395.00  
  9826  884.36410914  28287272.50  
  9866  887.96409343  28286600.60  
  9874  888.68406014  28286481.80  
  9912  892.10405743  28285826.60  
  9914  892.28411929  28285802.30  
  9922  893.00402143  28285657.40  
  9948  895.34403214  28285224.00  
  9960  896.42414457  28285000.00  
  9962  896.60399657  28284951.70  
  9970  897.32397814  28284812.70  
  9982  898.40464900  28284597.70  
  9996  899.66432871  28284340.70  
 10008  900.74398714  28284127.60  
 10010  900.92397571  28284096.60  
 10018  901.64393986  28283949.90  
 10056  905.06398614  28283238.40  
 10058  905.24393557  28283201.20  
 10066  905.96391129  28283054.30  
 10104  909.38389629  28282332.80  
 10106  909.56391857  28282296.00  
 10114  910.28388243  28282139.10  
 10118  910.64471029  28282062.40  
 10152  913.70404686  28281394.40  
 10154  913.88386100  28281363.00  
 10162  914.60385514  28281204.30  
 10202  918.20383257  28280399.90  
 10210  918.92382500  28280244.40  
 10214  919.28384671  28280150.20  
 10250  922.52381357  28279428.10  
 10258  923.24380143  28279266.10  
 10262  923.60393943  28279180.30  
 10298  926.84378043  28278441.10  
 10304  927.38380714  28278312.50  
 10306  927.56377686  28278261.90  
 10310  927.92380900  28278191.30  
 10318  928.64400757  28278021.50  
 10344  930.98382971  28277496.40  
 10346  931.16376343  28277423.80  
 10352  931.70378614  28277293.30  
 10354  931.88376157  28277251.20  
 10358  932.24336086  28277183.30  
 10366  932.96375400  28277004.80  
 10392  935.30430157  28276468.10  
 10394  935.48374786  28276401.30  
 10400  936.02377986  28276282.70  
 10402  936.20374743  28276229.60  
 10406  936.56428614  28276154.00  
 10429  938.63416957  28275658.50  
 10440  939.62375329  28275396.50  
 10442  939.80226971  28275338.50  
 10448  940.34377057  28275231.80  
 10450  940.52380643  28275198.80  
 10454  940.88411286  28275083.80  
 10477  942.95384357  28274604.10  
 10488  943.94386914  28274375.20  
 10490  944.12372571  28274319.00  
 10496  944.66415671  28274175.30  
 10502  945.20379043  28274038.00  
 10525  947.27387143  28273545.40  
 10528  947.54447314  28273455.80  
 10538  948.44371443  28273258.90  
 10544  948.98389286  28273134.80  
 10550  949.52382514  28273003.80  
 10558  950.24401871  28272801.10  
 10573  951.59379157  28272503.50  
 10576  951.86384986  28272424.30  
 10586  952.76370657  28272203.90  
 10592  953.30392329  28272091.10  
 10594  953.48373971  28272011.10  
 10598  953.84374443  28271931.20  
 10606  954.56374186  28271746.70  
 10621  955.91427743  28271450.00  
 10634  957.08370700  28271139.70  
 10637  957.35415814  28271076.60  
 10640  957.62372557  28271006.40  
 10642  957.80374457  28270958.90  
 10646  958.16373129  28270869.70  
 10654  958.88375057  28270696.60  
 10669  960.23376414  28270377.30  
 10682  961.40370800  28270068.00  
 10688  961.94371771  28269939.30  
 10690  962.12373543  28269896.40  
 10694  962.48372729  28269801.90  
 10702  963.20423829  28269625.40  
 10717  964.55436371  28269314.60  
 10730  965.72371186  28269007.50  
 10736  966.26372743  28268874.40  
 10738  966.44373914  28268832.10  
 10742  966.80373800  28268732.50  
 10778  970.04371614  28267950.80  
 10784  970.58372957  28267814.70  
 10790  971.12449329  28267674.10  
 10826  974.36373414  28266900.90  
 10832  974.90373086  28266760.30  
 10838  975.44379629  28266624.70  
 10874  978.68374514  28265857.10  
 10880  979.22374600  28265721.50  
 10886  979.76378614  28265584.20  
 10894  980.48324500  28265376.40  
 10922  983.00375614  28264815.60  
 10925  983.27419700  28264747.20  
 10928  983.54376443  28264696.50  
 10934  984.08328957  28264571.20  
 10942  984.80377986  28264391.40  
 10970  987.32377386  28263807.00  
 10973  987.59426529  28263740.50  
 10976  987.86377286  28263677.70  
 10982  988.40380200  28263548.30  
 10990  989.12384686  28263385.60  
 11018  991.64379600  28262795.30  
 11021  991.91382000  28262748.80  
 11024  992.18379971  28262676.80  
 11030  992.72381543  28262542.80  
 11038  993.44381943  28262386.60  
 11066  995.96381829  28261810.70  
 11069  996.23392171  28261759.10  
 11072  996.50381414  28261689.90  
 11074  996.68416257  28261655.20  
 11078  997.04383914  28261580.60  
 11086  997.76387786  28261405.40  
 11114  1000.28384029  28260848.30  
 11117  1000.55385886  28260784.70  
 11120  1000.82384371  28260728.50  
 11122  1001.00427829  28260692.50  
 11126  1001.36386529  28260607.40  
 11152  1003.70424357  28260090.80  
 11162  1004.60386943  28259896.90  
 11168  1005.14387286  28259779.00  
 11174  1005.68389314  28259658.60  
 11200  1008.02402957  28259182.90  
 11210  1008.92391086  28258975.30  
 11216  1009.46390557  28258862.40  
 11222  1010.00393586  28258745.50  
 11230  1010.72400857  28258594.30  
 11248  1012.34398157  28258244.90  
 11258  1013.24396929  28258080.00  
 11264  1013.78394271  28257961.00  
 11270  1014.32384000  28257833.80  
 11278  1015.04395700  28257702.20  
 11296  1016.66400214  28257382.60  
 11306  1017.56399657  28257185.40  
 11312  1018.10397243  28257089.10  
 11318  1018.64434000  28256991.40  
 11326  1019.36398971  28256846.20  
 11332  1019.90423929  28256745.00  
 11344  1020.98404171  28256524.10  
 11354  1021.88408486  28256345.00  
 11360  1022.42401671  28256235.50  
 11374  1023.68402686  28255997.70  
 11392  1025.30457586  28255670.30  
 11402  1026.20418271  28255490.00  
 11408  1026.74405386  28255406.90  
 11422  1028.00407100  28255175.00  
 11428  1028.54431029  28255084.50  
 11447  1030.25412786  28254731.00  
 11450  1030.52421757  28254705.80  
 11456  1031.06409843  28254620.10  
 11470  1032.32411757  28254381.50  
 11476  1032.86416629  28254281.50  
 11498  1034.84436657  28253903.40  
 11504  1035.38413014  28253835.30  
 11518  1036.64415686  28253608.70  
 11524  1037.18419600  28253512.40  
 11536  1038.26420743  28253320.00  
 11546  1039.16447814  28253195.70  
 11552  1039.70418729  28253082.90  
 11566  1040.96421700  28252864.70  
 11572  1041.50421500  28252785.50  
 11584  1042.58423171  28252604.70  
 11600  1044.02423471  28252354.80  
 11614  1045.28426186  28252161.20  
 11620  1045.82427671  28252066.00  
 11632  1046.90386957  28251901.10  
 11648  1048.34429900  28251665.60  
 11662  1049.60430486  28251453.60  
 11668  1050.14431629  28251377.90  
 11680  1051.22431543  28251216.00  
 11696  1052.66440571  28250978.90  
 11716  1054.46435414  28250717.40  
 11728  1055.54436043  28250553.00  
 11744  1056.98439400  28250344.50  
 11764  1058.78441614  28250089.10  
 11776  1059.86442171  28249925.90  
 11792  1061.30446186  28249721.60  
 11812  1063.10447186  28249456.70  
 11824  1064.18447900  28249314.00  
 11840  1065.62453257  28249121.20  
 11860  1067.42454143  28248879.40  
 11872  1068.50453857  28248737.30  
 11888  1069.94458500  28248546.60  
 11900  1071.02474971  28248410.90  
 11908  1071.74458814  28248298.50  
 11920  1072.82459486  28248172.50  
 11936  1074.26519314  28247986.60  
 11939  1074.53468143  28247964.40  
 11948  1075.34465129  28247861.10  
 11956  1076.06466471  28247752.90  
 11968  1077.14466000  28247634.50  
 11987  1078.85471186  28247444.50  
 11996  1079.66472514  28247340.80  
 12004  1080.38471429  28247247.00  
 12016  1081.46472086  28247120.40  
 12035  1083.17530729  28246907.50  
 12044  1083.98476586  28246825.20  
 12052  1084.70478400  28246744.10  
 12064  1085.78479829  28246623.40  
 12092  1088.30485729  28246355.60  
 12100  1089.02485700  28246259.60  
 12112  1090.10487200  28246130.40  
 12140  1092.62488986  28245877.70  
 12148  1093.34491486  28245809.30  
 12160  1094.42493586  28245690.50  
 12176  1095.86530500  28245555.30  
 12179  1096.13569029  28245491.10  
 12188  1096.94495386  28245439.70  
 12196  1097.66497771  28245370.50  
 12208  1098.74500814  28245247.60  
 12224  1100.18509500  28245087.50  
 12236  1101.26501314  28245013.60  
 12244  1101.98530000  28244936.20  
 12256  1103.06510043  28244842.70  
 12284  1105.58509014  28244598.40  
 12292  1106.30538457  28244544.70  
 12320  1108.82517171  28244285.50  
 12332  1109.90516386  28244211.90  
 12340  1110.62519814  28244150.50  
 12368  1113.14529543  28243923.50  
 12380  1114.22522971  28243844.30  
 12388  1114.94544371  28243779.00  
 12416  1117.46559357  28243587.10  
 12428  1118.54530429  28243479.70  
 12436  1119.26584400  28243446.30  
 12451  1120.61560129  28243311.40  
 12464  1121.78537314  28243207.40  
 12476  1122.86538257  28243127.20  
 12484  1123.58540800  28243058.50  
 12499  1124.93543229  28242984.00  
 12512  1126.10565857  28242894.50  
 12524  1127.18546014  28242808.30  
 12547  1129.25551686  28242659.60  
 12572  1131.50553557  28242490.90  
 12595  1133.57578286  28242342.20  
 12620  1135.82560514  28242194.90  
 12628  1136.54583071  28242118.60  
 12641  1137.71923600  28305950.30  
 12643  1137.89566671  28242060.90  
 12668  1140.14568657  28241898.60  
 12675  1140.77819329  28283049.50  
 12676  1140.86583229  28241854.20  
 12689  1142.03969600  28305936.60  
 12691  1142.21572729  28241768.70  
 12716  1144.46575757  28241623.00  
 12724  1145.18597300  28241579.10  
 12737  1146.35938700  28305879.90  
 12739  1146.53580614  28241504.20  
 12764  1148.78583700  28241361.20  
 12769  1149.23622186  28241341.20  
 12771  1149.41812629  28282267.90  
 12772  1149.50595957  28241310.60  
 12785  1150.67906286  28305842.00  
 12787  1150.85587743  28241232.70  
 12812  1153.10592171  28241109.40  
 12819  1153.73808614  28281871.40  
 12820  1153.82648886  28241106.00  
 12833  1154.99887757  28305812.10  
 12835  1155.17595200  28240987.90  
 12860  1157.42600471  28240859.80  
 12867  1158.05805571  28281463.40  
 12881  1159.31875829  28305772.10  
 12883  1159.49603843  28240749.20  
 12908  1161.74608700  28240636.40  
 12915  1162.37827771  28281042.00  
 12929  1163.63866300  28305728.50  
 12931  1163.81612457  28240528.90  
 12956  1166.06617671  28240410.40  
 12963  1166.69803557  28280639.90  
 12977  1167.95857214  28305679.60  
 12979  1168.13619143  28240306.60  
 13004  1170.38627971  28240197.00  
 13011  1171.01797043  28280236.40  
 13025  1172.27848757  28305627.00  
 13027  1172.45628529  28240093.80  
 13052  1174.70634386  28239991.30  
 13059  1175.33796329  28279803.60  
 13073  1176.59837929  28305583.20  
 13075  1176.77638186  28239894.20  
 13107  1179.65817800  28279369.30  
 13121  1180.91830000  28305516.90  
 13123  1181.09644700  28239699.80  
 13155  1183.97791929  28278948.00  
 13169  1185.23821629  28305468.70  
 13171  1185.41652529  28239510.30  
 13173  1185.59795571  28278776.40  
 13203  1188.29803243  28278502.70  
 13217  1189.55811729  28305419.20  
 13219  1189.73660414  28239340.20  
 13221  1189.91788586  28278339.60  
 13251  1192.61812186  28278074.90  
 13265  1193.87800700  28305353.90  
 13267  1194.05668714  28239172.10  
 13269  1194.23799143  28277918.40  
 13313  1198.19790614  28305283.90  
 13315  1198.37586886  28238995.00  
 13317  1198.55785629  28277482.90  
