    96  8.64184071  28250156.10  
   110  9.90189857  28249999.50  
   116  10.44189329  28249929.10  
   144  12.96226143  28249602.30  
   164  14.76190086  28249362.70  
   192  17.28183743  28249047.00  
   212  19.08190086  28248816.50  
   260  23.40189157  28248298.50  
   288  25.92191229  28247997.30  
   300  27.00204657  28247863.80  
   308  27.72189529  28247777.40  
   336  30.24192457  28247498.60  
   348  31.32183729  28247372.60  
   356  32.04189743  28247290.10  
   392  35.28558486  28287533.40  
   396  35.64183700  28246899.90  
   404  36.36189686  28246826.10  
   416  37.44189600  28246707.40  
   432  38.88239600  28246556.00  
   435  39.15238986  28246509.90  
   440  39.60510114  28287173.90  
   444  39.96183700  28246443.50  
   452  40.68189029  28246369.10  
   464  41.76189614  28246261.50  
   480  43.20227900  28246112.20  
   492  44.28183757  28246008.30  
   528  47.52197871  28245689.30  
   540  48.60183757  28245593.10  
   576  51.84203957  28245270.10  
   588  52.92183700  28245188.90  
   624  56.16207814  28244901.20  
   636  57.24185614  28244796.60  
   672  60.48225986  28244507.20  
   684  61.56192914  28244425.70  
   720  64.80200443  28244165.10  
   732  65.88199471  28244070.00  
   780  70.20208943  28243725.80  
   816  73.44223986  28243488.30  
   828  74.52213357  28243400.90  
   876  78.84222286  28243082.50  
   912  82.08270100  28242845.00  
   924  83.16229257  28242776.60  
   972  87.48236986  28242488.80  
  1020  91.80245114  28242200.20  
  1068  96.12251786  28241941.60  
  1116  100.44259443  28241680.70  
  1164  104.76267157  28241431.00  
  1212  109.08275043  28241192.60  
  1260  113.40283500  28240966.00  
  1308  117.72292071  28240747.30  
  1356  122.04299671  28240533.90  
  1404  126.36343029  28240343.20  
  1452  130.68317729  28240135.20  
  1477  132.93422086  28278414.30  
  1525  137.25404129  28277954.30  
  1548  139.32333114  28239779.10  
  1573  141.57429843  28277476.40  
  1621  145.89422943  28277011.20  
  1644  147.96357671  28239471.00  
  1717  154.53402114  28276071.50  
  1813  163.17455343  28275111.50  
  1909  171.81388086  28274158.80  
  1957  176.13409343  28273668.30  
  2005  180.45441614  28273160.00  
  2509  225.81387657  28268079.80  
