      33 2.988792710000000 2020  9  2 09:28:05.819797217846 28253958.3 -16874.7 -5.968943e-004
      81 7.308825430000000 2020  9  2 09:28:10.139830112457 28253488.4 -17344.6 -6.135157e-004
     129 11.628894429999999 2020  9  2 09:28:14.459903240204 28253043.3 -17789.7 -6.292598e-004
     207 18.649896860000002 2020  9  2 09:28:21.480907201767 28252362.8 -18470.2 -6.533306e-004
     225 20.268988999999998 2020  9  2 09:28:23.099969029427 28252204.2 -18628.8 -6.589406e-004
     495 44.569475000000004 2020  9  2 09:28:47.400460839272 28250009.0 -20824.0 -7.365895e-004
     591 53.209452000000006 2020  9  2 09:28:56.040446162224 28249298.4 -21534.6 -7.617250e-004
     639 57.529443860000001 2020  9  2 09:29:00.360438823700 28248963.7 -21869.3 -7.735640e-004
     879 79.129763290000000 2020  9  2 09:29:21.960764229298 28247400.9 -23432.1 -8.288436e-004
     927 83.449797140000001 2020  9  2 09:29:26.280797123909 28247122.5 -23710.5 -8.386912e-004
     975 87.769930570000000 2020  9  2 09:29:30.600910484791 28246833.3 -23999.7 -8.489209e-004
    1263 113.690263710000010 2020  9  2 09:29:56.521268785000 28245297.9 -25535.1 -9.032313e-004
    1342 120.797476710000000 2020  9  2 09:30:03.628492355347 28276999.9 6166.9 2.181365e-004
    1390 125.117432290000000 2020  9  2 09:30:07.948444783688 28276250.9 5417.9 1.916427e-004
    1403 126.287494570000010 2020  9  2 09:30:09.118504822254 28276048.6 5215.6 1.844870e-004
    1438 129.437422000000030 2020  9  2 09:30:12.268437445164 28275486.3 4653.3 1.645972e-004
    1486 133.757413140000010 2020  9  2 09:30:16.588430106640 28274719.8 3886.8 1.374845e-004
    1499 134.927508570000010 2020  9  2 09:30:17.758490145206 28274497.7 3664.7 1.296283e-004
    1534 138.077403000000000 2020  9  2 09:30:20.908422768116 28273946.9 3113.9 1.101453e-004
    1581 142.310778430000000 2020  9  2 09:30:25.141793489456 28243894.1 -26938.9 -9.528867e-004
    1582 142.397399570000030 2020  9  2 09:30:25.228415429592 28273162.3 2329.3 8.239234e-005
    1595 143.567402570000010 2020  9  2 09:30:26.398395001888 28272942.0 2109.0 7.459985e-005
    1630 146.717390429999990 2020  9  2 09:30:29.548408091068 28272373.8 1540.8 5.450140e-005
    1675 150.767639570000000 2020  9  2 09:30:33.598637580872 28271655.1  822.1 2.907944e-005
    1678 151.037403860000010 2020  9  2 09:30:33.868400752544 28271601.0  768.0 2.716581e-005
    1691 152.207422710000000 2020  9  2 09:30:35.038420557976 28271383.6  550.6 1.947590e-005
    1723 155.087386140000040 2020  9  2 09:30:37.918388843536 28270858.1   25.1 8.878408e-007
    1726 155.357382570000030 2020  9  2 09:30:38.188393414021 28270813.7  -19.3 -6.826824e-007
    1771 159.407384710000000 2020  9  2 09:30:42.238381505013 28270073.7 -759.3 -2.685807e-005
    1774 159.677387430000010 2020  9  2 09:30:42.508386075497 28270025.8 -807.2 -2.855240e-005
    1787 160.847407570000030 2020  9  2 09:30:43.678405880928 28269817.8 -1015.2 -3.590980e-005
    1790 161.117410570000000 2020  9  2 09:30:43.948410451412 28269779.1 -1053.9 -3.727870e-005
    1819 163.727397000000020 2020  9  2 09:30:46.558414399624 28269282.2 -1550.8 -5.485512e-005
    1822 163.997394860000010 2020  9  2 09:30:46.828378736973 28269242.8 -1590.2 -5.624878e-005
    1867 168.047383999999990 2020  9  2 09:30:50.878366827965 28268506.5 -2326.5 -8.229330e-005
    1870 168.317403860000010 2020  9  2 09:30:51.148411631584 28268455.3 -2377.7 -8.410435e-005
    1883 169.487397860000040 2020  9  2 09:30:52.318391203880 28268240.7 -2592.3 -9.169521e-005
    1886 169.757442710000020 2020  9  2 09:30:52.588436007500 28268213.0 -2620.0 -9.267502e-005
    1915 172.367397860000040 2020  9  2 09:30:55.198399722576 28267730.6 -3102.4 -1.097385e-004
    1931 173.807410430000030 2020  9  2 09:30:56.638424098492 28267479.1 -3353.9 -1.186346e-004
    1963 176.687401860000020 2020  9  2 09:30:59.518392384052 28266952.6 -3880.4 -1.372581e-004
    1979 178.127422290000000 2020  9  2 09:31:00.958416759968 28266693.9 -4139.1 -1.464088e-004
    2011 181.007415000000010 2020  9  2 09:31:03.838425278664 28266181.6 -4651.4 -1.645300e-004
    2027 182.447464569999990 2020  9  2 09:31:05.278449654579 28265931.2 -4901.8 -1.733872e-004
    2030 182.717565429999950 2020  9  2 09:31:05.548574924469 28265879.4 -4953.6 -1.752195e-004
    2059 185.327427860000060 2020  9  2 09:31:08.158417940140 28265418.8 -5414.2 -1.915119e-004
    2075 186.767455139999980 2020  9  2 09:31:09.598442316055 28265163.5 -5669.5 -2.005424e-004
    2078 187.037461570000000 2020  9  2 09:31:09.868446886539 28265117.2 -5715.8 -2.021801e-004
    2107 189.647451999999990 2020  9  2 09:31:12.478450834751 28264662.7 -6170.3 -2.182567e-004
    2123 191.087560709999990 2020  9  2 09:31:13.918555676937 28264417.3 -6415.7 -2.269371e-004
    2126 191.357457290000010 2020  9  2 09:31:14.188439548016 28264359.7 -6473.3 -2.289745e-004
    2153 193.791168140000000 2020  9  2 09:31:16.622182130814 28295030.5 24197.5 8.559175e-004
    2155 193.967469860000020 2020  9  2 09:31:16.798483729362 28263912.1 -6920.9 -2.448071e-004
    2171 195.407508289999980 2020  9  2 09:31:18.238508105278 28263648.9 -7184.1 -2.541170e-004
    2174 195.677475289999960 2020  9  2 09:31:18.508472442627 28263619.7 -7213.3 -2.551499e-004
    2203 198.287497430000030 2020  9  2 09:31:21.118516623974 28263169.0 -7664.0 -2.710921e-004
    2219 199.727497570000030 2020  9  2 09:31:22.558500766754 28262907.3 -7925.7 -2.803490e-004
    2222 199.997489570000030 2020  9  2 09:31:22.828505337238 28262872.9 -7960.1 -2.815658e-004
    2249 202.430587860000000 2020  9  2 09:31:25.261604189873 28294551.9 23718.9 8.389884e-004
    2251 202.607532289999970 2020  9  2 09:31:25.438549518585 28262435.0 -8398.0 -2.970553e-004
    2267 204.047528140000000 2020  9  2 09:31:26.878533661366 28262186.7 -8646.3 -3.058382e-004
    2270 204.317514429999990 2020  9  2 09:31:27.148497998714 28262143.0 -8690.0 -3.073839e-004
    2318 208.637542000000000 2020  9  2 09:31:31.468530893326 28261416.0 -9417.0 -3.330995e-004
    2363 212.687586430000010 2020  9  2 09:31:35.518599450588 28260757.0 -10076.0 -3.564097e-004
    2366 212.957560000000000 2020  9  2 09:31:35.788563787937 28260713.3 -10119.7 -3.579555e-004
    2411 217.007610430000000 2020  9  2 09:31:39.838592112064 28260050.9 -10782.1 -3.813860e-004
    2414 217.277591859999970 2020  9  2 09:31:40.108596682549 28260012.2 -10820.8 -3.827549e-004
    2462 221.597624000000000 2020  9  2 09:31:44.428629577160 28259332.6 -11500.4 -4.067938e-004
    2507 225.647765289999940 2020  9  2 09:31:48.478778600693 28258700.8 -12132.2 -4.291419e-004
    2510 225.917650859999980 2020  9  2 09:31:48.748662471771 28258663.5 -12169.5 -4.304613e-004
    2558 230.237687289999970 2020  9  2 09:31:53.068695366383 28257997.4 -12835.6 -4.540227e-004
    2575 231.767726570000010 2020  9  2 09:31:54.598721265793 28257774.7 -13058.3 -4.619001e-004
    2606 234.557725000000000 2020  9  2 09:31:57.388728260994 28257352.1 -13480.9 -4.768483e-004
    2623 236.087737860000030 2020  9  2 09:31:58.918754160404 28257123.5 -13709.5 -4.849344e-004
    2633 236.990162000000000 2020  9  2 09:31:59.821143150330 28292284.2 21451.2 7.587750e-004
    2654 238.877762569999990 2020  9  2 09:32:01.708761155605 28256713.8 -14119.2 -4.994264e-004
    2665 239.870082000000000 2020  9  2 09:32:02.701071202755 28292073.0 21240.0 7.513044e-004
    2671 240.407788430000010 2020  9  2 09:32:03.238787055016 28256494.0 -14339.0 -5.072012e-004
    2681 241.310070860000000 2020  9  2 09:32:04.141055345535 28291947.4 21114.4 7.468616e-004
    2702 243.197813000000000 2020  9  2 09:32:06.028794050217 28256092.7 -14740.3 -5.213960e-004
    2713 244.190065139999970 2020  9  2 09:32:07.021063864231 28291751.5 20918.5 7.399322e-004
    2719 244.727814289999970 2020  9  2 09:32:07.558819949627 28255872.7 -14960.3 -5.291779e-004
    2750 247.517840710000000 2020  9  2 09:32:10.348826944828 28255488.6 -15344.4 -5.427643e-004
    2767 249.047858429999990 2020  9  2 09:32:11.878852844238 28255281.1 -15551.9 -5.501041e-004
    2798 251.837918570000030 2020  9  2 09:32:14.668900072575 28254909.9 -15923.1 -5.632342e-004
    2809 252.829908570000010 2020  9  2 09:32:15.660928487778 28291088.5 20255.5 7.164805e-004
    2815 253.367890430000020 2020  9  2 09:32:16.198885738850 28254692.9 -16140.1 -5.709100e-004
    2825 254.269901289999950 2020  9  2 09:32:17.100912630558 28290974.9 20141.9 7.124622e-004
    2843 255.888270430000030 2020  9  2 09:32:18.719290494919 28254368.7 -16464.3 -5.823776e-004
    2846 256.158353289999980 2020  9  2 09:32:18.989335298538 28254321.0 -16512.0 -5.840649e-004
    2857 257.149845290000090 2020  9  2 09:32:19.980840682983 28290741.1 19908.1 7.041922e-004
    2863 257.687937139999970 2020  9  2 09:32:20.518918633461 28254117.9 -16715.1 -5.912489e-004
    2873 258.589864710000030 2020  9  2 09:32:21.420865058899 28290630.2 19797.2 7.002694e-004
    2905 261.469810139999990 2020  9  2 09:32:24.300793111324 28290376.5 19543.5 6.912955e-004
    2911 262.007983000000020 2020  9  2 09:32:24.838991761208 28253553.6 -17279.4 -6.112094e-004
    2953 265.789781570000000 2020  9  2 09:32:28.620785772800 28290041.6 19208.6 6.794494e-004
    2959 266.328045429999970 2020  9  2 09:32:29.159064888954 28253021.3 -17811.7 -6.300380e-004
    3007 270.648099290000000 2020  9  2 09:32:33.479097783566 28252468.9 -18364.1 -6.495776e-004
    3049 274.429638139999950 2020  9  2 09:32:37.260650396347 28289290.9 18457.9 6.528955e-004
    3055 274.968136289999900 2020  9  2 09:32:37.799130678177 28251964.6 -18868.4 -6.674158e-004
    3073 276.588215139999930 2020  9  2 09:32:39.419198334217 28251761.0 -19072.0 -6.746175e-004
    3097 278.749603290000040 2020  9  2 09:32:41.580602824688 28288910.7 18077.7 6.394470e-004
    3103 279.288178139999900 2020  9  2 09:32:42.119163572788 28251458.4 -19374.6 -6.853212e-004
    3121 280.908243569999970 2020  9  2 09:32:43.739231228828 28251261.3 -19571.7 -6.922930e-004
    3145 283.069547430000000 2020  9  2 09:32:45.900555253029 28288515.5 17682.5 6.254680e-004
    3151 283.608234289999980 2020  9  2 09:32:46.439236700535 28250964.9 -19868.1 -7.027773e-004
    3199 287.928412859999920 2020  9  2 09:32:50.759430527687 28250493.2 -20339.8 -7.194624e-004
    3217 289.548326289999980 2020  9  2 09:32:52.379337251186 28250320.7 -20512.3 -7.255640e-004
    3241 291.709456709999980 2020  9  2 09:32:54.540460109711 28287701.9 16868.9 5.966892e-004
    3247 292.248349429999960 2020  9  2 09:32:55.079342722893 28250021.0 -20812.0 -7.361651e-004
    3265 293.868372289999970 2020  9  2 09:32:56.699370145798 28249849.9 -20983.1 -7.422173e-004
    3289 296.029415289999970 2020  9  2 09:32:58.860412538052 28287297.4 16464.4 5.823811e-004
    3313 298.188419289999960 2020  9  2 09:33:01.019403040409 28249414.7 -21418.3 -7.576112e-004
    3337 300.349383430000050 2020  9  2 09:33:03.180364966393 28286878.1 16045.1 5.675496e-004
    3343 300.888457569999960 2020  9  2 09:33:03.719448745251 28249153.8 -21679.2 -7.668398e-004
    3348 301.339472710000000 2020  9  2 09:33:04.170462191105 28286769.1 15936.1 5.636940e-004
    3361 302.508558569999930 2020  9  2 09:33:05.339556634426 28248996.1 -21836.9 -7.724180e-004
    3385 304.669330000000000 2020  9  2 09:33:07.500317394733 28286447.1 15614.1 5.523042e-004
    3391 305.208788429999970 2020  9  2 09:33:08.039803504944 28248712.2 -22120.8 -7.824601e-004
    3396 305.659337569999990 2020  9  2 09:33:08.490334153175 28286331.3 15498.3 5.482081e-004
    3409 306.828539999999980 2020  9  2 09:33:09.659549295902 28248573.4 -22259.6 -7.873698e-004
    3433 308.989306289999940 2020  9  2 09:33:11.820310056210 28286000.9 15167.9 5.365212e-004
    3439 309.529211429999980 2020  9  2 09:33:12.360198497772 28248306.6 -22526.4 -7.968071e-004
    3444 309.979290859999990 2020  9  2 09:33:12.810286581516 28285901.7 15068.7 5.330122e-004
    3457 311.148590710000010 2020  9  2 09:33:13.979582190514 28248157.7 -22675.3 -8.020740e-004
    3492 314.299246569999980 2020  9  2 09:33:17.130239009857 28285448.6 14615.6 5.169851e-004
    3505 315.468652139999960 2020  9  2 09:33:18.299655318260 28247770.5 -23062.5 -8.157701e-004
    3553 319.788721139999950 2020  9  2 09:33:22.619728446007 28247390.0 -23443.0 -8.292292e-004
    3629 326.629204570000010 2020  9  2 09:33:29.460206329823 28246812.8 -24020.2 -8.496460e-004
    3649 328.428862859999980 2020  9  2 09:33:31.259874701500 28246644.6 -24188.4 -8.555956e-004
    3697 332.748911709999960 2020  9  2 09:33:35.579907596111 28246309.3 -24523.7 -8.674559e-004
    3745 337.068989289999990 2020  9  2 09:33:39.899980723858 28245963.6 -24869.4 -8.796840e-004
    3793 341.389039859999970 2020  9  2 09:33:44.220053851604 28245644.8 -25188.2 -8.909607e-004
    3889 350.029184429999990 2020  9  2 09:33:52.860200107098 28245020.8 -25812.2 -9.130329e-004
    3942 354.798986429999960 2020  9  2 09:33:57.629999220371 28280842.3 10009.3 3.540504e-004
    3965 356.869316859999970 2020  9  2 09:33:59.700315892696 28244567.9 -26265.1 -9.290529e-004
    3990 359.118915859999960 2020  9  2 09:34:01.949911415577 28280351.5 9518.5 3.366898e-004
    4013 361.189794000000010 2020  9  2 09:34:04.020791351795 28244267.3 -26565.7 -9.396858e-004
    4014 361.279069429999990 2020  9  2 09:34:04.110068678856 28280059.3 9226.3 3.263540e-004
    4038 363.438903429999930 2020  9  2 09:34:06.269904077053 28279803.5 8970.5 3.173058e-004
    4061 365.509473140000010 2020  9  2 09:34:08.340462148190 28244012.0 -26821.0 -9.487163e-004
    4086 367.758865710000010 2020  9  2 09:34:10.589856505394 28279264.4 8431.4 2.982367e-004
    4110 369.919119139999910 2020  9  2 09:34:12.750134468079 28278982.4 8149.4 2.882618e-004
    4129 371.629554709999980 2020  9  2 09:34:14.460565745831 28243648.3 -27184.7 -9.615811e-004
    4134 372.078843710000000 2020  9  2 09:34:14.909849166870 28278725.8 7892.8 2.791853e-004
    4182 376.398817289999950 2020  9  2 09:34:19.229801595211 28278166.9 7333.9 2.594158e-004
    4205 378.470484570000000 2020  9  2 09:34:21.301486194134 28243229.3 -27603.7 -9.764021e-004
    4230 380.718798139999930 2020  9  2 09:34:23.549794256687 28277602.9 6769.9 2.394659e-004
    4278 385.038773569999930 2020  9  2 09:34:27.869786918163 28277046.8 6213.8 2.197954e-004
    4326 389.358758429999970 2020  9  2 09:34:32.189739346504 28276481.1 5648.1 1.997854e-004
    4374 393.678747139999980 2020  9  2 09:34:36.509732007980 28275915.8 5082.8 1.797895e-004
    4422 397.998734429999900 2020  9  2 09:34:40.829724669456 28275344.6 4511.6 1.595850e-004
    4470 402.318722569999980 2020  9  2 09:34:45.149717330933 28274762.2 3929.2 1.389842e-004
    4518 406.638716859999930 2020  9  2 09:34:49.469709992409 28274193.1 3360.1 1.188539e-004
    4566 410.958241999999980 2020  9  2 09:34:53.789260089397 28273600.1 2767.1 9.787826e-005
    4590 413.118941140000000 2020  9  2 09:34:55.949940383434 28273325.7 2492.7 8.817215e-005
    4614 415.278699289999960 2020  9  2 09:34:58.109695315361 28273018.7 2185.7 7.731290e-005
    4638 417.438721429999930 2020  9  2 09:35:00.269731879234 28272727.1 1894.1 6.699838e-005
    4662 419.598687289999990 2020  9  2 09:35:02.429687976837 28272439.5 1606.5 5.682535e-005
    4686 421.758703859999970 2020  9  2 09:35:04.589684307575 28272147.1 1314.1 4.648254e-005
    4707 423.648736289999990 2020  9  2 09:35:06.479716300964 28271896.2 1063.2 3.760766e-005
    4710 423.918689999999970 2020  9  2 09:35:06.749680638313 28271853.9 1020.9 3.611142e-005
    4734 426.078691429999990 2020  9  2 09:35:08.909676969051 28271548.6  715.6 2.531231e-005
    4755 427.969255429999980 2020  9  2 09:35:10.800272226334 28271313.4  480.4 1.699278e-005
    4758 428.238685139999970 2020  9  2 09:35:11.069673299789 28271267.9  434.9 1.538335e-005
    4782 430.398681140000010 2020  9  2 09:35:13.229669630527 28270973.5  140.5 4.969786e-006
    4806 432.558700429999990 2020  9  2 09:35:15.389706194401 28270681.2 -151.8 -5.369492e-006
    4830 434.718686289999990 2020  9  2 09:35:17.549702525139 28270379.0 -454.0 -1.605895e-005
    4878 439.038693709999960 2020  9  2 09:35:21.869695186615 28269801.3 -1031.7 -3.649344e-005
    4926 443.358685860000040 2020  9  2 09:35:26.189687848091 28269211.6 -1621.4 -5.735240e-005
    4974 447.678702289999990 2020  9  2 09:35:30.509720742702 28268625.3 -2207.7 -7.809108e-005
    5022 451.998708709999900 2020  9  2 09:35:34.829713404179 28268052.0 -2781.0 -9.836993e-005
    5070 456.318710569999950 2020  9  2 09:35:39.149706065655 28267463.5 -3369.5 -1.191864e-004
    5118 460.638732859999950 2020  9  2 09:35:43.469738960266 28266883.9 -3949.1 -1.396881e-004
    5139 462.528813709999950 2020  9  2 09:35:45.359811186790 28266630.5 -4202.5 -1.486514e-004
    5166 464.958749429999950 2020  9  2 09:35:47.789731621742 28266294.4 -4538.6 -1.605400e-004
    5214 469.278750139999940 2020  9  2 09:35:52.109764516354 28265743.7 -5089.3 -1.800195e-004
    5283 475.488845429999970 2020  9  2 09:35:58.319829404354 28264927.6 -5905.4 -2.088867e-004
    5331 479.808795999999970 2020  9  2 09:36:02.639781832695 28264376.5 -6456.5 -2.283803e-004
    5427 488.448840000000020 2020  9  2 09:36:11.279847621918 28263252.3 -7580.7 -2.681456e-004
    5475 492.768864860000010 2020  9  2 09:36:15.599880516529 28262701.5 -8131.5 -2.876286e-004
    5523 497.089447000000010 2020  9  2 09:36:19.920436441898 28262160.1 -8672.9 -3.067791e-004
    5667 510.048949139999990 2020  9  2 09:36:32.879931628704 28260580.2 -10252.8 -3.626635e-004
    5811 523.009036710000030 2020  9  2 09:36:45.840030312538 28259056.1 -11776.9 -4.165742e-004
    6177 555.949581139999960 2020  9  2 09:37:18.780587911606 28255512.4 -15320.6 -5.419225e-004
    6225 560.269460289999980 2020  9  2 09:37:23.100459873676 28255058.1 -15774.9 -5.579920e-004
    6417 577.549550289999960 2020  9  2 09:37:40.380551218987 28253437.6 -17395.4 -6.153126e-004
    6513 586.189819140000050 2020  9  2 09:37:49.020818173885 28252647.0 -18186.0 -6.432778e-004
    6705 603.470303710000050 2020  9  2 09:38:06.301311850548 28251213.8 -19619.2 -6.939732e-004
    7438 669.436870709999990 2020  9  2 09:39:12.267882227898 28276810.6 5977.6 2.114405e-004
    7451 670.606851000000010 2020  9  2 09:39:13.437861800194 28276565.4 5732.4 2.027673e-004
    7483 673.487237570000050 2020  9  2 09:39:16.318232417107 28276002.9 5169.9 1.828705e-004
    7486 673.756837140000020 2020  9  2 09:39:16.587834656239 28275953.6 5120.6 1.811266e-004
    7499 674.926836999999980 2020  9  2 09:39:17.757854461670 28275719.0 4886.0 1.728283e-004
    7534 678.076829139999970 2020  9  2 09:39:20.907827317715 28275072.8 4239.8 1.499708e-004
    7547 679.246832290000040 2020  9  2 09:39:22.077847123146 28274835.0 4002.0 1.415593e-004
    7582 682.396819570000050 2020  9  2 09:39:25.227819979191 28274191.0 3358.0 1.187797e-004
    7595 683.566813289999910 2020  9  2 09:39:26.397799551487 28273959.5 3126.5 1.105910e-004
    7630 686.716811430000010 2020  9  2 09:39:29.547812640667 28273309.2 2476.2 8.758851e-005
    7643 687.886804709999980 2020  9  2 09:39:30.717792212963 28273070.6 2237.6 7.914871e-005
    7678 691.036801429999970 2020  9  2 09:39:33.867805302143 28272419.4 1586.4 5.611437e-005
    7691 692.206800140000040 2020  9  2 09:39:35.037784874439 28272179.1 1346.1 4.761444e-005
    7694 692.476835140000050 2020  9  2 09:39:35.307829678059 28272120.5 1287.5 4.554164e-005
    7723 695.086833140000070 2020  9  2 09:39:37.917833626270 28271576.6  743.6 2.630273e-005
    7726 695.356800429999910 2020  9  2 09:39:38.187797963619 28271523.5  690.5 2.442447e-005
    7739 696.526791290000010 2020  9  2 09:39:39.357777535915 28271278.8  445.8 1.576890e-005
    7742 696.796833430000110 2020  9  2 09:39:39.627822339535 28271236.7  403.7 1.427973e-005
    7771 699.406802709999970 2020  9  2 09:39:42.237786054611 28270685.3 -147.7 -5.224466e-006
    7774 699.676797430000080 2020  9  2 09:39:42.507790625095 28270627.2 -205.8 -7.279587e-006
    7787 700.846795999999930 2020  9  2 09:39:43.677810430527 28270394.3 -438.7 -1.551776e-005
    7790 701.116817429999970 2020  9  2 09:39:43.947815001011 28270325.5 -507.5 -1.795136e-005
    7819 703.726797430000030 2020  9  2 09:39:46.557778716087 28269794.7 -1038.3 -3.672690e-005
    7822 703.996823709999940 2020  9  2 09:39:46.827823519707 28269742.9 -1090.1 -3.855918e-005
    7835 705.166788570000110 2020  9  2 09:39:47.997803092003 28269493.9 -1339.1 -4.736684e-005
    7838 705.436807859999930 2020  9  2 09:39:48.267807662487 28269438.4 -1394.6 -4.932999e-005
    7867 708.046804289999950 2020  9  2 09:39:50.877811610699 28268906.6 -1926.4 -6.814090e-005
    7870 708.316893709999930 2020  9  2 09:39:51.147896647453 28268838.8 -1994.2 -7.053913e-005
    7883 709.486812429999990 2020  9  2 09:39:52.317795753479 28268597.8 -2235.2 -7.906382e-005
    7886 709.757208569999990 2020  9  2 09:39:52.588202655315 28268533.7 -2299.3 -8.133117e-005
    7915 712.366813139999860 2020  9  2 09:39:55.197804272175 28268010.2 -2822.8 -9.984849e-005
    7931 713.806816139999910 2020  9  2 09:39:56.637828648090 28267713.0 -3120.0 -1.103611e-004
    7963 716.686810140000030 2020  9  2 09:39:59.517796933651 28267127.5 -3705.5 -1.310715e-004
    7979 718.126816859999960 2020  9  2 09:40:00.957821309566 28266828.6 -4004.4 -1.416442e-004
    8011 721.006817139999950 2020  9  2 09:40:03.837829828262 28266246.2 -4586.8 -1.622450e-004
    8027 722.446828859999870 2020  9  2 09:40:05.277813971043 28265957.0 -4876.0 -1.724746e-004
    8030 722.717424709999930 2020  9  2 09:40:05.548422038555 28265907.2 -4925.8 -1.742361e-004
    8047 724.246860429999970 2020  9  2 09:40:07.077844440937 28265584.6 -5248.4 -1.856472e-004
    8059 725.326839709999940 2020  9  2 09:40:08.157822489738 28265381.2 -5451.8 -1.928419e-004
    8075 726.766849429999980 2020  9  2 09:40:09.597846865654 28265089.4 -5743.6 -2.031635e-004
    8078 727.036857139999940 2020  9  2 09:40:09.867851436138 28265035.7 -5797.3 -2.050629e-004
    8081 727.306969999999980 2020  9  2 09:40:10.137976706028 28264989.9 -5843.1 -2.066830e-004
    8095 728.567372859999980 2020  9  2 09:40:11.398360133171 28264728.6 -6104.4 -2.159257e-004
    8107 729.646854859999960 2020  9  2 09:40:12.477855384350 28264517.3 -6315.7 -2.233999e-004
    8123 731.086862570000110 2020  9  2 09:40:13.917879760265 28264228.9 -6604.1 -2.336012e-004
    8126 731.356864289999860 2020  9  2 09:40:14.187884330750 28264179.2 -6653.8 -2.353592e-004
    8129 731.626921999999920 2020  9  2 09:40:14.457929134369 28264123.5 -6709.5 -2.373294e-004
    8143 732.886959999999930 2020  9  2 09:40:15.717950463295 28263869.7 -6963.3 -2.463069e-004
    8155 733.966880999999940 2020  9  2 09:40:16.797888278961 28263655.4 -7177.6 -2.538871e-004
    8171 735.406900709999950 2020  9  2 09:40:18.237912654877 28263379.6 -7453.4 -2.636427e-004
    8174 735.676880140000090 2020  9  2 09:40:18.507876992226 28263321.0 -7512.0 -2.657156e-004
    8177 735.946892139999930 2020  9  2 09:40:18.777881562710 28263276.5 -7556.5 -2.672896e-004
    8191 737.206909709999990 2020  9  2 09:40:20.037902891636 28263020.5 -7812.5 -2.763449e-004
    8203 738.286892570000190 2020  9  2 09:40:21.117880940437 28262822.6 -8010.4 -2.833450e-004
    8219 739.726915709999960 2020  9  2 09:40:22.557905316353 28262540.8 -8292.2 -2.933129e-004
    8222 739.996899859999980 2020  9  2 09:40:22.827909886837 28262482.6 -8350.4 -2.953716e-004
    8225 740.267062859999900 2020  9  2 09:40:23.098075389862 28262433.1 -8399.9 -2.971225e-004
    8239 741.527010709999900 2020  9  2 09:40:24.358016252518 28262188.8 -8644.2 -3.057639e-004
    8251 742.606940140000010 2020  9  2 09:40:25.437954068184 28261988.4 -8844.6 -3.128525e-004
    8267 744.046923709999870 2020  9  2 09:40:26.877938210964 28261716.8 -9116.2 -3.224595e-004
    8270 744.316919999999870 2020  9  2 09:40:27.147902548313 28261668.0 -9165.0 -3.241857e-004
    8273 744.586930430000050 2020  9  2 09:40:27.417947351933 28261611.5 -9221.5 -3.261842e-004
    8287 745.847760429999880 2020  9  2 09:40:28.678773343563 28261380.0 -9453.0 -3.343729e-004
    8299 746.927129999999920 2020  9  2 09:40:29.758147895336 28261173.8 -9659.2 -3.416666e-004
    8315 748.366966289999820 2020  9  2 09:40:31.197971105576 28260894.1 -9938.9 -3.515602e-004
    8318 748.636950429999960 2020  9  2 09:40:31.467935442925 28260854.9 -9978.1 -3.529468e-004
    8321 748.906970000000000 2020  9  2 09:40:31.737980246544 28260806.5 -10026.5 -3.546588e-004
    8363 752.686979570000180 2020  9  2 09:40:35.517963767052 28260115.8 -10717.2 -3.790904e-004
    8366 752.956974289999950 2020  9  2 09:40:35.787968337536 28260056.3 -10776.7 -3.811950e-004
    8369 753.226993429999990 2020  9  2 09:40:36.058013141155 28260010.1 -10822.9 -3.828292e-004
    8411 757.007009139999920 2020  9  2 09:40:39.837996661663 28259319.3 -11513.7 -4.072643e-004
    8414 757.277006430000030 2020  9  2 09:40:40.108001232147 28259278.3 -11554.7 -4.087145e-004
    8417 757.547100429999890 2020  9  2 09:40:40.378086268902 28259236.2 -11596.8 -4.102037e-004
    8431 758.807506569999990 2020  9  2 09:40:41.638509929180 28259004.1 -11828.9 -4.184136e-004
    8462 761.597077140000010 2020  9  2 09:40:44.428074359894 28258516.3 -12316.7 -4.356681e-004
    8465 761.867434709999880 2020  9  2 09:40:44.698441028595 28258472.1 -12360.9 -4.372315e-004
    8479 763.127060859999920 2020  9  2 09:40:45.958060026169 28258246.9 -12586.1 -4.451974e-004
    8507 765.647133139999940 2020  9  2 09:40:48.478142917156 28257810.9 -13022.1 -4.606196e-004
    8510 765.917073999999960 2020  9  2 09:40:48.748067021370 28257764.2 -13068.8 -4.622715e-004
    8513 766.187091000000010 2020  9  2 09:40:49.018071591854 28257720.4 -13112.6 -4.638208e-004
    8527 767.447092570000000 2020  9  2 09:40:50.278092920780 28257504.7 -13328.3 -4.714506e-004
    8555 769.967244999999820 2020  9  2 09:40:52.798256278038 28257083.7 -13749.3 -4.863422e-004
    8558 770.237115999999900 2020  9  2 09:40:53.068099915981 28257023.4 -13809.6 -4.884752e-004
    8561 770.507132429999960 2020  9  2 09:40:53.338144719601 28256981.9 -13851.1 -4.899431e-004
    8575 771.767116429999870 2020  9  2 09:40:54.598125815392 28256782.0 -14051.0 -4.970140e-004
    8585 772.670955000000050 2020  9  2 09:40:55.501963198185 28292187.6 21354.6 7.553580e-004
    8603 774.287153709999980 2020  9  2 09:40:57.118168473244 28256355.6 -14477.4 -5.120967e-004
    8606 774.557151709999860 2020  9  2 09:40:57.388132810593 28256318.3 -14514.7 -5.134161e-004
    8609 774.827188859999860 2020  9  2 09:40:57.658177614212 28256275.0 -14558.0 -5.149477e-004
    8617 775.550921429999900 2020  9  2 09:40:58.381931483746 28292015.5 21182.5 7.492705e-004
    8623 776.087164139999910 2020  9  2 09:40:58.918158710003 28256069.7 -14763.3 -5.222096e-004
    8629 776.627414570000040 2020  9  2 09:40:59.458409249783 28255996.2 -14836.8 -5.248094e-004
    8651 778.607208139999900 2020  9  2 09:41:01.438201367855 28255665.1 -15167.9 -5.365212e-004
    8654 778.877199139999900 2020  9  2 09:41:01.708205938339 28255622.6 -15210.4 -5.380245e-004
    8657 779.147457139999910 2020  9  2 09:41:01.978451907635 28255579.0 -15254.0 -5.395667e-004
    8671 780.407201289999880 2020  9  2 09:41:03.238191604614 28255375.4 -15457.6 -5.467685e-004
    8677 780.947587999999880 2020  9  2 09:41:03.778603076935 28255285.1 -15547.9 -5.499626e-004
    8699 782.927253569999950 2020  9  2 09:41:05.758234262466 28254992.8 -15840.2 -5.603018e-004
    8705 783.467240709999830 2020  9  2 09:41:06.298243403435 28254895.8 -15937.2 -5.637329e-004
    8713 784.191112859999980 2020  9  2 09:41:07.022117972374 28291434.6 20601.6 7.287228e-004
    8719 784.727239709999940 2020  9  2 09:41:07.558224499226 28254704.5 -16128.5 -5.704996e-004
    8725 785.267335000000000 2020  9  2 09:41:08.098354339600 28254622.5 -16210.5 -5.734002e-004
    8747 787.247282999999920 2020  9  2 09:41:10.078267157078 28254321.2 -16511.8 -5.840578e-004
    8753 787.787498290000030 2020  9  2 09:41:10.618517696857 28254263.9 -16569.1 -5.860846e-004
    8761 788.510679289999980 2020  9  2 09:41:11.341668069363 28291116.5 20283.5 7.174709e-004
    8767 789.047274859999900 2020  9  2 09:41:11.878257393837 28254055.8 -16777.2 -5.934455e-004
    8773 789.587303860000020 2020  9  2 09:41:12.418306767941 28253962.3 -16870.7 -5.967528e-004
    8795 791.567354570000020 2020  9  2 09:41:14.398340284824 28253679.9 -17153.1 -6.067419e-004
    8809 792.830999999999900 2020  9  2 09:41:15.661982595921 28290825.7 19992.7 7.071847e-004
    8815 793.367324569999940 2020  9  2 09:41:16.198330521584 28253419.7 -17413.3 -6.159458e-004
    8821 793.907355999999940 2020  9  2 09:41:16.738339662552 28253332.9 -17500.1 -6.190161e-004
    8843 795.887391709999970 2020  9  2 09:41:18.718373179436 28253045.4 -17787.6 -6.291856e-004
    8857 797.150543999999970 2020  9  2 09:41:19.981532692909 28290509.2 19676.2 6.959894e-004
    8863 797.687375000000090 2020  9  2 09:41:20.518363416195 28252796.9 -18036.1 -6.379755e-004
    8869 798.227399570000100 2020  9  2 09:41:21.058412790298 28252733.9 -18099.1 -6.402040e-004
    8881 799.307412570000000 2020  9  2 09:41:22.138431072235 28252571.6 -18261.4 -6.459449e-004
    8891 800.207494139999990 2020  9  2 09:41:23.038486540318 28252433.3 -18399.7 -6.508369e-004
    8905 801.470504570000120 2020  9  2 09:41:24.301485121250 28290204.2 19371.2 6.852009e-004
    8911 802.007422859999910 2020  9  2 09:41:24.838436543941 28252199.5 -18633.5 -6.591069e-004
    8917 802.547447429999920 2020  9  2 09:41:25.378445684910 28252134.3 -18698.7 -6.614131e-004
    8929 803.627450999999950 2020  9  2 09:41:26.458463966846 28251982.3 -18850.7 -6.667897e-004
    8939 804.527471289999990 2020  9  2 09:41:27.358479201794 28251843.1 -18989.9 -6.717135e-004
    8953 805.790986430000090 2020  9  2 09:41:28.622000813484 28289869.9 19036.9 6.733760e-004
    8959 806.327469139999830 2020  9  2 09:41:29.158469438553 28251617.6 -19215.4 -6.796899e-004
    8965 806.867535999999860 2020  9  2 09:41:29.698518812656 28251552.8 -19280.2 -6.819820e-004
    8977 807.947494709999890 2020  9  2 09:41:30.778496861458 28251406.8 -19426.2 -6.871464e-004
    8987 808.847769859999860 2020  9  2 09:41:31.678753495216 28251287.1 -19545.9 -6.913804e-004
    9001 810.110941000000030 2020  9  2 09:41:32.941953241825 28289549.5 18716.5 6.620427e-004
    9007 810.647526569999970 2020  9  2 09:41:33.478542566299 28251062.4 -19770.6 -6.993285e-004
    9013 811.187567429999940 2020  9  2 09:41:34.018551707268 28250997.5 -19835.5 -7.016242e-004
    9025 812.267548139999920 2020  9  2 09:41:35.098529756069 28250849.4 -19983.6 -7.068628e-004
    9049 814.430354859999970 2020  9  2 09:41:37.261342406273 28289193.1 18360.1 6.494361e-004
    9055 814.967585139999870 2020  9  2 09:41:37.798575460911 28250514.8 -20318.2 -7.186983e-004
    9061 815.508103710000000 2020  9  2 09:41:38.339107632637 28250446.3 -20386.7 -7.211213e-004
    9073 816.587604570000050 2020  9  2 09:41:39.418602883816 28250311.4 -20521.6 -7.258930e-004
    9097 818.750290570000060 2020  9  2 09:41:41.581294834614 28288862.1 18029.1 6.377279e-004
    9103 819.287640860000010 2020  9  2 09:41:42.118648588657 28249983.3 -20849.7 -7.374986e-004
    9109 819.828277570000070 2020  9  2 09:41:42.659261226654 28249904.8 -20928.2 -7.402753e-004
    9121 820.907651709999870 2020  9  2 09:41:43.738635778427 28249784.0 -21049.0 -7.445483e-004
    9137 822.347715429999880 2020  9  2 09:41:45.178700387478 28249605.7 -21227.3 -7.508551e-004
    9145 823.070256570000080 2020  9  2 09:41:45.901247262955 28288498.7 17665.7 6.248737e-004
    9151 823.607705430000010 2020  9  2 09:41:46.438721716404 28249462.2 -21370.8 -7.559310e-004
    9157 824.147794709999970 2020  9  2 09:41:46.978811323643 28249399.5 -21433.5 -7.581489e-004
    9169 825.227707710000000 2020  9  2 09:41:48.058708906174 28249282.4 -21550.6 -7.622909e-004
    9185 826.668272860000000 2020  9  2 09:41:49.499256312847 28249132.7 -21700.3 -7.675862e-004
    9193 827.390195999999950 2020  9  2 09:41:50.221199691296 28288148.5 17315.5 6.124864e-004
    9199 827.927762429999920 2020  9  2 09:41:50.758754611015 28248971.9 -21861.1 -7.732740e-004
    9205 828.467791999999920 2020  9  2 09:41:51.298803985119 28248934.3 -21898.7 -7.746040e-004
    9217 829.547766859999910 2020  9  2 09:41:52.378782033920 28248794.9 -22038.1 -7.795349e-004
    9233 830.987837710000010 2020  9  2 09:41:53.818846642971 28248649.3 -22183.7 -7.846850e-004
    9241 831.710145290000010 2020  9  2 09:41:54.541152119637 28287783.7 16950.7 5.995826e-004
    9247 832.247819999999930 2020  9  2 09:41:55.078827738762 28248493.9 -22339.1 -7.901819e-004
    9253 832.787839710000070 2020  9  2 09:41:55.618836879730 28248442.0 -22391.0 -7.920177e-004
    9265 833.867830139999910 2020  9  2 09:41:56.698814928532 28248323.1 -22509.9 -7.962234e-004
    9281 835.308102859999960 2020  9  2 09:41:58.139120936394 28248155.2 -22677.8 -8.021624e-004
    9289 836.030150859999940 2020  9  2 09:41:58.861144781113 28287424.9 16591.9 5.868911e-004
    9295 836.568662429999900 2020  9  2 09:41:59.399665296078 28248012.9 -22820.1 -8.071959e-004
    9301 837.107950139999960 2020  9  2 09:41:59.938950240612 28247989.4 -22843.6 -8.080271e-004
    9313 838.187882430000060 2020  9  2 09:42:01.018888056278 28247865.2 -22967.8 -8.124203e-004
    9337 840.350265999999810 2020  9  2 09:42:03.181258141994 28287028.2 16195.2 5.728590e-004
    9349 841.427971709999950 2020  9  2 09:42:04.258983135223 28247536.2 -23296.8 -8.240578e-004
    9361 842.507941429999960 2020  9  2 09:42:05.338961184025 28247428.9 -23404.1 -8.278532e-004
    9385 844.670039430000090 2020  9  2 09:42:07.501049637794 28286643.0 15810.0 5.592336e-004
    9397 845.748014430000010 2020  9  2 09:42:08.579016029835 28247096.7 -23736.3 -8.396038e-004
    9409 846.828013289999940 2020  9  2 09:42:09.658994078636 28247001.8 -23831.2 -8.429607e-004
    9444 849.980016139999980 2020  9  2 09:42:12.811018824577 28286166.8 15333.8 5.423894e-004
    9445 850.068087570000100 2020  9  2 09:42:12.899089157581 28246689.6 -24143.4 -8.540038e-004
    9457 851.148081000000050 2020  9  2 09:42:13.979067206383 28246584.6 -24248.4 -8.577179e-004
    9485 853.668158289999950 2020  9  2 09:42:16.499150097370 28246352.2 -24480.8 -8.659384e-004
    9492 854.299966290000040 2020  9  2 09:42:17.130971252918 28285773.8 14940.8 5.284881e-004
    9493 854.388950710000020 2020  9  2 09:42:17.219966948032 28246293.1 -24539.9 -8.680289e-004
    9505 855.468153570000030 2020  9  2 09:42:18.299140334129 28246183.4 -24649.6 -8.719092e-004
    9533 857.988187430000040 2020  9  2 09:42:20.819182991982 28245970.7 -24862.3 -8.794329e-004
    9540 858.619897710000030 2020  9  2 09:42:21.450883448124 28285367.2 14534.2 5.141058e-004
    9553 859.788210140000050 2020  9  2 09:42:22.619213461876 28245816.3 -25016.7 -8.848943e-004
    9581 862.308251859999930 2020  9  2 09:42:25.139256119728 28245597.9 -25235.1 -8.926196e-004
    9588 862.939864999999940 2020  9  2 09:42:25.770876109600 28284943.9 14110.9 4.991328e-004
    9601 864.108308430000080 2020  9  2 09:42:26.939326822758 28245439.2 -25393.8 -8.982332e-004
    9629 866.628322570000140 2020  9  2 09:42:29.459329247475 28245232.3 -25600.7 -9.055517e-004
    9649 868.428358570000110 2020  9  2 09:42:31.259359717369 28245081.3 -25751.7 -9.108929e-004
    9677 870.948382430000040 2020  9  2 09:42:33.779402375221 28244893.5 -25939.5 -9.175358e-004
    9713 874.188824140000070 2020  9  2 09:42:37.019819319248 28244622.4 -26210.6 -9.271251e-004
    9725 875.268450860000030 2020  9  2 09:42:38.099435269833 28244550.5 -26282.5 -9.296684e-004
    9793 881.388564570000090 2020  9  2 09:42:44.219579100609 28244097.1 -26735.9 -9.457061e-004
    9821 883.908609289999960 2020  9  2 09:42:46.739621758461 28243913.8 -26919.2 -9.521898e-004
    9857 887.148692570000090 2020  9  2 09:42:49.979676604271 28243691.4 -27141.6 -9.600566e-004
    9869 888.228666709999970 2020  9  2 09:42:51.059654653072 28243616.2 -27216.8 -9.627166e-004
    9917 892.548750570000150 2020  9  2 09:42:55.379768013954 28243326.9 -27506.1 -9.729498e-004
    9965 896.868812289999940 2020  9  2 09:42:59.699800908566 28243042.6 -27790.4 -9.830061e-004
