    16  1.46572314  28249735.60  
    40  3.62732543  28287717.80  
    46  4.16576386  28249456.80  
    64  5.78576614  28249271.90  
    88  7.94726757  28287308.30  
    94  8.48581586  28249006.70  
   112  10.10583171  28248822.60  
   136  12.26733729  28286895.00  
   147  13.25780829  28286799.70  
   142  12.80589043  28248557.70  
   160  14.42589100  28248384.60  
   184  16.58728329  28286500.50  
   208  18.74597014  28247970.00  
   232  20.90767643  28286076.00  
   243  21.89713771  28285960.30  
   256  23.06601957  28247559.60  
   280  25.22710800  28285640.90  
   291  26.21722586  28285527.80  
   304  27.38607100  28247164.60  
   339  30.53800900  28285087.80  
   328  29.54767300  28285210.70  
   352  31.70613486  28246787.70  
   380  34.22685514  28246552.70  
   387  34.85701286  28284654.70  
   376  33.86711900  28284756.90  
   388  34.94652171  28246519.00  
   400  36.02619929  28246423.80  
   428  38.54638500  28246208.90  
   435  39.17706086  28284194.10  
   436  39.26647286  28246148.60  
   448  40.34626600  28246057.80  
   476  42.86633829  28245855.50  
   483  43.49695086  28283743.10  
   484  43.58651657  28245786.30  
   524  47.18668800  28245527.80  
   531  47.81699029  28283274.90  
   572  51.50699471  28245190.20  
   579  52.13690700  28282803.20  
   620  55.82651757  28244859.20  
   627  56.45684271  28282316.00  
   619  55.73967743  28304398.10  
   668  60.14663500  28244569.70  
   675  60.77681500  28281839.10  
   667  60.05955071  28304332.10  
   716  64.46664571  28244275.10  
   723  65.09678457  28281331.40  
   764  68.78672757  28243980.10  
   771  69.41676871  28280833.60  
   763  68.69929129  28304174.80  
   812  73.10679457  28243705.20  
   819  73.73672643  28280318.90  
   811  73.01945171  28304103.90  
   837  75.35674814  28280128.30  
   860  77.42687871  28243439.00  
   867  78.05671514  28279816.70  
   859  77.33895086  28304029.40  
   885  79.67693371  28279615.90  
   907  81.65886171  28303946.50  
   915  82.37669457  28279294.00  
   933  83.99670629  28279096.30  
   955  85.97877957  28303856.80  
   963  86.69666000  28278760.20  
   981  88.31666443  28278573.80  
  1003  90.29868071  28303773.90  
  1011  91.01664814  28278230.20  
  1029  92.63666757  28278035.40  
  1051  94.61859729  28303686.90  
  1059  95.33670671  28277696.60  
  1077  96.95661529  28277504.90  
  1099  98.93850386  28303588.50  
  1107  99.65670057  28277167.80  
  1125  101.27659957  28276962.70  
  1147  103.25842686  28303500.20  
  1173  105.59657529  28276411.00  
  1195  107.57833486  28303406.00  
  1221  109.91656700  28275867.10  
  1243  111.89832029  28303277.40  
  1269  114.23655957  28275314.30  
  1291  116.21816586  28303181.50  
  1317  118.55653529  28274761.00  
  1339  120.53807671  28303079.10  
  1365  122.87653143  28274206.90  
  1387  124.85798271  28302962.10  
  1413  127.19652400  28273647.40  
  1435  129.17790114  28302834.30  
  1437  129.35701371  28273348.40  
  1461  131.51652000  28273072.60  
  1483  133.49781357  28302712.60  
  1485  133.67654243  28272799.30  
  1509  135.83651429  28272523.70  
  1507  135.65803686  28240592.60  
  1531  137.81773771  28302581.60  
  1533  137.99653571  28272237.80  
  1555  139.97800543  28240434.30  
  1557  140.15651086  28271945.50  
  1579  142.13766043  28302452.30  
  1581  142.31651714  28271659.70  
  1603  144.29811686  28240290.00  
  1605  144.47651729  28271384.90  
  1627  146.45756129  28302304.30  
  1629  146.63651143  28271107.80  
  1651  148.61823357  28240127.10  
  1653  148.79651357  28270820.10  
  1677  150.95650300  28270539.80  
  1701  153.11667000  28270275.40  
  1725  155.27650871  28269975.40  
  1749  157.43663414  28269709.20  
  1773  159.59650729  28269407.60  
  1797  161.75717743  28269160.80  
  1821  163.91651600  28268844.10  
  1869  168.23651600  28268279.70  
  1921  172.91912543  28239355.30  
  1917  172.55652357  28267725.00  
  1965  176.87654243  28267170.70  
  1986  178.76655629  28266925.60  
  2013  181.19655486  28266611.70  
  2034  183.08669929  28266366.80  
  2117  190.55742843  28300521.80  
  2061  185.51655914  28266057.10  
  2082  187.40658486  28265816.60  
  2165  194.87668986  28300276.40  
  2109  189.83657586  28265509.80  
  2130  191.72659957  28265274.00  
  2213  199.19660671  28300073.20  
  2157  194.15658314  28264959.40  
  2178  196.04659757  28264733.90  
  2181  196.31698071  28264694.90  
  2205  198.47660843  28264416.90  
  2226  200.36661371  28264189.70  
  2229  200.63710557  28264156.40  
  2253  202.79662200  28263888.30  
  2274  204.68662414  28263653.80  
  2277  204.95703229  28263632.20  
  2301  207.11665886  28263358.50  
  2322  209.00664929  28263126.50  
  2325  209.27679929  28263126.30  
  2349  211.43668357  28262827.50  
  2370  213.32666457  28262600.70  
  2418  217.64668629  28262084.70  
  2466  221.96671743  28261570.20  
  2514  226.28674114  28261065.40  
  2562  230.60677257  28260566.60  
  2610  234.92680486  28260068.30  
  2741  246.71610986  28296904.00  
  2658  239.24683300  28259581.20  
  2789  251.03575771  28296568.80  
  2706  243.56694971  28259097.00  
  2736  246.26715814  28258805.00  
  2837  255.35578271  28296177.00  
  2754  247.88691414  28258618.50  
  2784  250.58706771  28258318.30  
  2885  259.67557457  28295791.40  
  2802  252.20693586  28258153.80  
  2832  254.90698143  28257878.20  
  2933  263.99556557  28295401.70  
  2850  256.52696771  28257702.00  
  2880  259.22698786  28257398.60  
  2981  268.31563329  28294986.20  
  2898  260.84702029  28257231.30  
  2928  263.54701986  28256957.00  
  3029  272.63539086  28294557.70  
  2946  265.16705514  28256795.60  
  2976  267.86705829  28256526.40  
  3077  276.95533829  28294099.20  
  2994  269.48725071  28256354.90  
  3125  281.27524829  28293629.40  
  3024  272.18707986  28256091.70  
  3042  273.80714343  28255937.40  
  3173  285.59519100  28293137.30  
  3072  276.50712343  28255661.30  
  3090  278.12755586  28255522.70  
  3221  289.91530214  28292638.70  
  3202  288.20576143  28292852.80  
  3120  280.82717214  28255235.80  
  3269  294.23509086  28292128.60  
  3168  285.14721114  28254834.40  
  3317  298.55572657  28291607.20  
  3298  296.84514186  28291809.40  
  3216  289.46725114  28254434.10  
  3346  301.16541557  28291279.50  
  3264  293.78729571  28254032.70  
  3394  305.48505229  28290689.00  
  3413  307.19531200  28290468.50  
  3312  298.10733657  28253648.80  
  3434  309.08538829  28290202.90  
  3342  300.80740000  28253409.60  
  3442  309.80488271  28290121.00  
  3461  311.51498900  28289875.50  
  3360  302.42739300  28253274.50  
  3482  313.40502943  28289609.20  
  3490  314.12482857  28289508.60  
  3408  306.74744743  28252905.00  
  3530  317.72506843  28288977.00  
  3538  318.44477157  28288875.30  
  3557  320.15511457  28288620.20  
  3468  312.14499129  28289776.20  
  3578  322.04474914  28288345.50  
  3586  322.76474286  28288229.60  
  3626  326.36469857  28287675.40  
  3634  327.08476986  28287563.40  
  3674  330.68530500  28286990.30  
  3682  331.40467214  28286894.70  
  3722  335.00462200  28286304.30  
  3730  335.72464586  28286194.00  
  3770  339.32474857  28285593.60  
  3778  340.04458714  28285465.30  
  3818  343.64459643  28284828.30  
  3826  344.36454186  28284705.80  
  3866  347.96464557  28284078.90  
  3874  348.68449229  28283951.30  
  3886  349.76449871  28283740.30  
  3914  352.28448929  28283311.00  
  3922  353.00447571  28283172.50  
  3962  356.60443586  28282523.80  
  3970  357.32442529  28282377.60  
  4010  360.92440071  28281697.60  
  4018  361.64440571  28281546.90  
  4058  365.24438243  28280874.70  
  4066  365.96437500  28280724.60  
  4106  369.56433871  28280019.70  
  4114  370.28434671  28279871.00  
  4154  373.88431914  28279150.50  
  4162  374.60432871  28279006.60  
  4202  378.20429814  28278284.50  
  4214  379.28479414  28278068.80  
  4210  378.92430557  28278131.40  
  4250  382.52427400  28277382.20  
  4234  381.08434057  28277677.00  
  4253  382.79465971  28277335.60  
  4237  381.35430300  28277631.00  
  4258  383.24429357  28277255.90  
  4298  386.84426357  28276487.90  
  4285  385.67428300  28276727.70  
  4310  387.92443743  28276242.50  
  4346  391.16424214  28275585.10  
  4330  389.72465829  28275894.80  
  4352  391.70434057  28275452.10  
  4333  389.99425100  28275821.00  
  4358  392.24427800  28275354.90  
  4394  395.48423529  28274658.80  
  4400  396.02445300  28274538.60  
  4381  394.31424614  28274903.50  
  4442  399.80423129  28273746.00  
  4429  398.63422957  28273989.20  
  4448  400.34424943  28273618.60  
  4490  404.12421586  28272811.20  
  4477  402.95422600  28273059.60  
  4510  405.92438157  28272424.50  
  4538  408.44421514  28271870.10  
  4522  407.00459057  28272210.30  
  4541  408.71435071  28271824.50  
  4525  407.27421714  28272125.30  
  4544  408.98479086  28271740.10  
  4586  412.76421657  28270940.00  
  4570  411.32422243  28271243.60  
  4589  413.03422657  28270870.60  
  4573  411.59421586  28271193.00  
  4592  413.30492329  28270775.70  
  4606  414.56438243  28270559.80  
  4634  417.08421514  28270007.30  
  4618  415.64422900  28270324.30  
  4637  417.35422329  28269946.60  
  4621  415.91422986  28270260.00  
  4682  421.40421414  28269077.60  
  4666  419.96422029  28269388.40  
  4685  421.67425629  28269007.00  
  4669  420.23422429  28269319.70  
  4730  425.72422457  28268145.40  
  4714  424.28422314  28268449.80  
  4717  424.55454643  28268400.70  
  4778  430.04423986  28267218.50  
  4762  428.60423529  28267519.10  
  4784  430.58431329  28267109.50  
  4810  432.92423786  28266600.60  
  4826  434.36424471  28266299.50  
  4832  434.90440329  28266181.20  
  4858  437.24424814  28265683.90  
  4874  438.68425971  28265385.10  
  4877  438.95430771  28265326.00  
  4880  439.22435457  28265266.30  
  4894  440.48429786  28265017.10  
  4906  441.56427429  28264782.20  
  4922  443.00427700  28264488.50  
  4925  443.27428129  28264419.20  
  4928  443.54429300  28264362.70  
  4942  444.80429429  28264094.60  
  4954  445.88429843  28263897.20  
  4970  447.32428829  28263589.70  
  4973  447.59430000  28263537.80  
  4976  447.86432300  28263485.00  
  4990  449.12433157  28263224.40  
  5002  450.20521129  28263027.50  
  5018  451.64432429  28262716.20  
  5021  451.91432000  28262660.20  
  5024  452.18432343  28262608.90  
  5038  453.44470643  28262351.20  
  5050  454.52453414  28262156.50  
  5066  455.96433943  28261860.00  
  5069  456.23433500  28261785.00  
  5072  456.50434729  28261734.90  
  5086  457.76435086  28261490.40  
  5114  460.28436529  28260995.70  
  5117  460.55435557  28260944.60  
  5120  460.82437271  28260888.90  
  5162  464.60438243  28260165.80  
  5165  464.87438929  28260106.00  
  5168  465.14439414  28260053.30  
  5210  468.92441971  28259344.10  
  5213  469.19440557  28259293.10  
  5216  469.46442143  28259251.20  
  5230  470.72456614  28259010.30  
  5258  473.24446600  28258544.40  
  5261  473.51444857  28258494.20  
  5264  473.78462714  28258448.40  
  5278  475.04446757  28258205.20  
  5306  477.56465214  28257757.20  
  5309  477.83448500  28257702.30  
  5312  478.10450129  28257670.60  
  5326  479.36450114  28257431.40  
  5354  481.88454271  28256984.60  
  5357  482.15452957  28256942.90  
  5360  482.42453429  28256885.30  
  5374  483.68453886  28256688.50  
  5402  486.20479400  28256258.00  
  5405  486.47459729  28256195.60  
  5408  486.74469543  28256154.70  
  5422  488.00456986  28255944.30  
  5470  492.32460586  28255222.50  
  5456  491.06463757  28255449.30  
  5498  494.84467657  28254819.50  
  5518  496.64464729  28254525.60  
  5504  495.38466800  28254725.10  
  5546  499.16475614  28254135.20  
  5566  500.96469200  28253843.90  
  5552  499.70559114  28254019.70  
  5614  505.28474043  28253185.20  
  5662  509.60479029  28252558.80  
  5680  511.22537557  28252323.30  
  5710  513.92484143  28251931.90  
  5728  515.54486371  28251706.70  
  5752  517.70860386  28289808.70  
  5758  518.24489314  28251331.10  
  5776  519.86491643  28251119.50  
  5806  522.56495157  28250743.90  
  5824  524.18496243  28250540.70  
  5854  526.88500214  28250186.60  
  5872  528.50501286  28249984.20  
  5896  530.66824814  28288846.30  
  5902  531.20508500  28249642.50  
  5908  531.74513829  28249591.00  
  5920  532.82507786  28249452.20  
  5950  535.52545014  28249128.50  
  5956  536.06516943  28249059.30  
  5968  537.14513071  28248930.30  
  5998  539.84554657  28248587.30  
  6004  540.38525043  28248541.90  
  6016  541.46518457  28248435.40  
  6046  544.16552014  28248119.60  
  6052  544.70537643  28248066.20  
  6064  545.78524771  28247953.40  
  6092  548.30531371  28247685.20  
  6100  549.02537729  28247613.60  
  6112  550.10531429  28247493.50  
  6140  552.62546071  28247218.50  
  6148  553.34541857  28247142.70  
  6160  554.42537129  28247041.90  
  6188  556.94547100  28246804.60  
  6196  557.66572857  28246704.20  
  6208  558.74544186  28246614.20  
  6236  561.26603629  28246339.40  
  6256  563.06550614  28246191.70  
  6284  565.58565929  28245959.90  
  6304  567.38558271  28245795.80  
  6332  569.90561600  28245570.10  
  6352  571.70563786  28245413.10  
  6380  574.22568414  28245189.00  
  6416  577.46591071  28244894.40  
  6400  576.02571086  28245039.40  
  6428  578.54574486  28244836.70  
  6448  580.34578243  28244671.10  
  6476  582.86581657  28244483.30  
  6497  584.76004629  28305380.00  
  6496  584.66588114  28244349.10  
  6524  587.18589571  28244139.40  
  6544  588.98632971  28244001.10  
  6572  591.50596600  28243818.80  
  6592  593.30606829  28243672.80  
  6620  595.82603271  28243513.50  
  6641  597.71925971  28305236.30  
  6668  600.14610586  28243210.30  
  6716  604.46617143  28242919.20  
  6737  606.35908300  28305120.70  
  6764  608.78625500  28242648.00  
  6763  608.69919043  28305094.70  
  6785  610.67898171  28305085.10  
  6812  613.10632571  28242378.10  
  6811  613.01902971  28305046.70  
  6833  614.99896686  28305015.60  
  6860  617.42640714  28242116.40  
  6859  617.33885443  28304991.80  
  6881  619.31883229  28304960.80  
  6908  621.74648900  28241865.50  
  6907  621.65873486  28304942.50  
  6929  623.63874843  28304892.00  
  6956  626.06655757  28241632.70  
  6955  625.97868400  28304864.70  
  6977  627.95862300  28304827.80  
  6979  628.13700143  28241509.50  
  7004  630.38664143  28241397.50  
  7003  630.29870957  28304796.90  
  7077  636.95779614  28278771.70  
  7025  632.27860857  28304781.40  
  7027  632.45669571  28241292.50  
  7052  634.70671200  28241175.30  
  7051  634.61850057  28304717.10  
  7125  641.27726700  28278285.30  
  7073  636.59842714  28304705.60  
  7075  636.77691400  28241095.60  
  7100  639.02680057  28240966.70  
  7099  638.93860700  28304658.10  
  7173  645.59725771  28277792.30  
  7123  641.09751929  28240864.70  
  7148  643.34688457  28240765.80  
  7147  643.25882143  28304581.40  
  7221  649.91723914  28277313.60  
  7169  645.23827386  28304547.20  
  7171  645.41695643  28240653.00  
  7196  647.66695486  28240568.00  
  7195  647.57875771  28304493.90  
  7269  654.23721343  28276835.00  
  7217  649.55878414  28304450.00  
  7219  649.73706857  28240485.60  
  7244  651.98704086  28240376.70  
  7243  651.89832743  28304411.90  
  7317  658.55719514  28276330.70  
  7265  653.87810371  28304386.10  
  7267  654.05759057  28240265.90  
  7292  656.30712614  28240191.40  
  7291  656.21803157  28304331.60  
  7365  662.87717186  28275840.80  
  7313  658.19800100  28304284.60  
  7315  658.37726943  28240109.50  
  7340  660.62719043  28240026.60  
  7339  660.53793700  28304246.30  
  7413  667.19716757  28275335.20  
  7361  662.51790029  28304211.30  
  7363  662.69724143  28239943.30  
  7388  664.94727786  28239844.40  
  7387  664.85785029  28304157.40  
  7461  671.51715100  28274834.90  
  7409  666.83781071  28304082.90  
  7411  667.01732186  28239770.90  
  7436  669.26738286  28239698.20  
  7435  669.17776514  28304067.20  
  7509  675.83714643  28274336.10  
  7459  671.33740814  28239613.00  
  7484  673.58744843  28239539.70  
