    14  1.28599614  28302051.80  
    16  1.46455343  28272283.70  
    64  5.78424186  28271660.00  
    88  7.94415114  28271397.30  
   112  10.10422571  28271093.80  
   160  14.42415171  28270490.00  
   208  18.74424271  28269877.30  
   304  27.38416271  28268698.20  
   352  31.70453443  28268104.40  
   400  36.02417071  28267501.50  
   448  40.34422014  28266920.70  
   496  44.66420314  28266330.60  
   544  48.98431514  28265749.70  
   592  53.30440586  28265162.50  
   853  76.79443614  28262098.50  
   901  81.11467786  28261566.20  
   949  85.43437571  28261014.30  
   997  89.75460329  28260483.40  
  1512  136.10444214  28294061.90  
  1877  168.95322614  28290412.00  
  1925  173.27325357  28289838.40  
  2061  185.51305171  28288176.10  
  2069  186.23326757  28288080.10  
  2109  189.83301586  28287552.90  
  2157  194.15294200  28286939.90  
  2165  194.87333714  28286826.70  
  2253  202.79291471  28285622.60  
  2261  203.51316943  28285486.70  
  2301  207.11293543  28284941.60  
  2309  207.83281971  28284805.70  
  2357  212.15293029  28284074.00  
  2405  216.47337300  28283352.90  
  2453  220.79305600  28282616.50  
  2493  224.39305971  28281998.30  
  2501  225.11275486  28281892.80  
  2541  228.71266143  28281238.60  
  2549  229.43302629  28281110.50  
  2589  233.03264471  28280459.50  
  2597  233.75274443  28280327.30  
  2601  234.11296214  28280263.30  
  2637  237.35265557  28279650.30  
  2645  238.07323429  28279516.60  
  2649  238.43265800  28279456.90  
  2672  240.50340857  28279096.90  
  2685  241.67258000  28278855.70  
  2693  242.39260629  28278715.00  
  2720  244.82259229  28278251.90  
  2733  245.99256657  28278042.80  
  2741  246.71265257  28277899.30  
  2765  248.87278200  28277469.10  
  2768  249.14254514  28277437.30  
  2781  250.31254986  28277206.90  
  2816  253.46254643  28276590.60  
  2829  254.63253700  28276381.40  
  2864  257.78252229  28275747.30  
  2877  258.95252186  28275529.90  
  2912  262.10249614  28274904.70  
  2925  263.27251543  28274675.30  
  2960  266.42249743  28274038.30  
  2973  267.59250886  28273811.90  
  3008  270.74249000  28273176.10  
  3021  271.91248971  28272948.90  
  3053  274.79260500  28272375.80  
  3056  275.06248057  28272315.20  
  3069  276.23248886  28272067.20  
  3101  279.11249700  28271490.90  
  3104  279.38247514  28271438.20  
  3117  280.55256386  28271202.50  
  3149  283.43249500  28270623.70  
  3152  283.70247629  28270576.20  
  3165  284.87249657  28270342.40  
  3168  285.14260286  28270308.30  
  3197  287.75248529  28269751.70  
  3200  288.02254686  28269706.80  
  3213  289.19248257  28269456.10  
  3216  289.46253343  28269415.30  
  3243  291.89728714  28295858.80  
  3245  292.07248171  28268884.10  
  3248  292.34285971  28268814.70  
  3261  293.51250229  28268597.10  
  3293  296.39249357  28268015.00  
  3309  297.83250629  28267735.30  
