     361 32.547358710000005 2020 10  5 04:27:36.202362477779 28285940.2 15107.2 5.343741e-004
     372 33.537159570000000 2020 10  5 04:27:37.192178070545 28285841.9 15008.9 5.308970e-004
     409 36.867199999999997 2020 10  5 04:27:40.522194206715 28285547.9 14714.9 5.204976e-004
     420 37.857149139999997 2020 10  5 04:27:41.512130498886 28285429.9 14596.9 5.163237e-004
     457 41.187179000000000 2020 10  5 04:27:44.842186868191 28285103.9 14270.9 5.047923e-004
     468 42.177093429999999 2020 10  5 04:27:45.832082927227 28284975.6 14142.6 5.002541e-004
     516 46.497078290000005 2020 10  5 04:27:50.152075588703 28284549.2 13716.2 4.851714e-004
     564 50.816944139999997 2020 10  5 04:27:54.471947550774 28284085.7 13252.7 4.687764e-004
     612 55.136912290000012 2020 10  5 04:27:58.791899979115 28283633.4 12800.4 4.527776e-004
     660 59.456880859999991 2020 10  5 04:28:03.111892640591 28283165.2 12332.2 4.362164e-004
     700 63.059408710000000 2020 10  5 04:28:06.714407801628 28304510.1 33677.1 1.191231e-003
     708 63.776847140000001 2020 10  5 04:28:07.431845068932 28282681.8 11848.8 4.191175e-004
     748 67.379656139999994 2020 10  5 04:28:11.034641861916 28304428.1 33595.1 1.188331e-003
     756 68.096852859999998 2020 10  5 04:28:11.751837730408 28282206.2 11373.2 4.022945e-004
     796 71.699225000000013 2020 10  5 04:28:15.354232192039 28304364.8 33531.8 1.186092e-003
     804 72.416893570000013 2020 10  5 04:28:16.071910858154 28281715.4 10882.4 3.849338e-004
     844 76.019142140000000 2020 10  5 04:28:19.674144387245 28304307.3 33474.3 1.184058e-003
     852 76.737001430000007 2020 10  5 04:28:20.391983985901 28281216.5 10383.5 3.672867e-004
     892 80.339230000000001 2020 10  5 04:28:23.994217514992 28304235.6 33402.6 1.181522e-003
     900 81.056741429999988 2020 10  5 04:28:24.711735248566 28280715.3 9882.3 3.495581e-004
     940 84.659356429999988 2020 10  5 04:28:28.314371109009 28304172.6 33339.6 1.179293e-003
     948 85.376722859999987 2020 10  5 04:28:29.031727910042 28280204.7 9371.7 3.314971e-004
     988 88.979174999999998 2020 10  5 04:28:32.634162604809 28304086.7 33253.7 1.176255e-003
    1084 97.618698139999992 2020 10  5 04:28:41.273705363274 28303927.8 33094.8 1.170634e-003
    1132 101.938665000000010 2020 10  5 04:28:45.593657791615 28303826.4 32993.4 1.167047e-003
    1180 106.258511000000000 2020 10  5 04:28:49.913529753685 28303749.7 32916.7 1.164334e-003
    1228 110.578424430000000 2020 10  5 04:28:54.233441948891 28303656.2 32823.2 1.161027e-003
    1276 114.898323570000000 2020 10  5 04:28:58.553313910961 28303565.0 32732.0 1.157801e-003
    1324 119.218239860000010 2020 10  5 04:29:02.873226106167 28303453.7 32620.7 1.153864e-003
    1372 123.538160860000000 2020 10  5 04:29:07.193178534508 28303345.0 32512.0 1.150019e-003
    1420 127.858067709999990 2020 10  5 04:29:11.513050496578 28303250.5 32417.5 1.146677e-003
    1468 132.177975139999970 2020 10  5 04:29:15.832962691784 28303133.2 32300.2 1.142527e-003
    1494 134.516501859999980 2020 10  5 04:29:18.171513676643 28274083.9 3250.9 1.149913e-004
    1516 136.497888570000010 2020 10  5 04:29:20.152874886990 28303022.7 32189.7 1.138619e-003
    1542 138.836495710000010 2020 10  5 04:29:22.491506338120 28273518.5 2685.5 9.499190e-005
    1564 140.817806430000020 2020 10  5 04:29:24.472787082195 28302897.1 32064.1 1.134176e-003
    1566 140.996861709999990 2020 10  5 04:29:24.651864767075 28273243.0 2410.0 8.524687e-005
    1590 143.156502709999980 2020 10  5 04:29:26.811498999596 28272953.4 2120.4 7.500310e-005
    1612 145.137718570000000 2020 10  5 04:29:28.792699277401 28302770.5 31937.5 1.129698e-003
    1614 145.316513859999990 2020 10  5 04:29:28.971495330334 28272682.2 1849.2 6.541017e-005
    1638 147.476497140000020 2020 10  5 04:29:31.131491661072 28272392.3 1559.3 5.515579e-005
    1660 149.457632570000020 2020 10  5 04:29:33.112651705742 28302642.3 31809.3 1.125163e-003
    1662 149.636491430000010 2020 10  5 04:29:33.291487991810 28272108.1 1275.1 4.510302e-005
    1683 151.526826290000000 2020 10  5 04:29:35.181841850281 28271852.8 1019.8 3.607251e-005
    1686 151.796480710000000 2020 10  5 04:29:35.451484322548 28271836.4 1003.4 3.549241e-005
    1710 153.956487430000040 2020 10  5 04:29:37.611480653286 28271550.0  717.0 2.536183e-005
    1734 156.116488140000000 2020 10  5 04:29:39.771476984024 28271289.6  456.6 1.615092e-005
    1758 158.276479859999990 2020 10  5 04:29:41.931473314762 28270982.2  149.2 5.277524e-006
    1782 160.436498710000020 2020 10  5 04:29:44.091509878635 28270701.3 -131.7 -4.658511e-006
    1806 162.596503289999960 2020 10  5 04:29:46.251506209373 28270416.1 -416.9 -1.474665e-005
    1830 164.756494860000000 2020 10  5 04:29:48.411502540112 28270137.9 -695.1 -2.458718e-005
    1854 166.916498000000020 2020 10  5 04:29:50.571498870850 28269866.7 -966.3 -3.418010e-005
    1878 169.076491430000000 2020 10  5 04:29:52.731495201588 28269572.2 -1260.8 -4.459720e-005
    1902 171.236484289999960 2020 10  5 04:29:54.891491532326 28269293.4 -1539.6 -5.445895e-005
    1950 175.556498000000030 2020 10  5 04:29:59.211484193802 28268740.2 -2092.8 -7.402682e-005
    1998 179.876506289999980 2020 10  5 04:30:03.531517088413 28268177.9 -2655.1 -9.391658e-005
    2046 184.196509999999990 2020 10  5 04:30:07.851509749889 28267612.0 -3221.0 -1.139337e-004
    2094 188.516523999999980 2020 10  5 04:30:12.171542644501 28267056.1 -3776.9 -1.335971e-004
    2115 190.406703709999990 2020 10  5 04:30:14.061695337296 28266802.8 -4030.2 -1.425568e-004
    2142 192.836520289999980 2020 10  5 04:30:16.491535305977 28266495.0 -4338.0 -1.534444e-004
    2190 197.156533569999990 2020 10  5 04:30:20.811527967453 28265950.6 -4882.4 -1.727010e-004
    2211 199.046560569999970 2020 10  5 04:30:22.701559960842 28265720.0 -5113.0 -1.808578e-004
    2238 201.476550289999950 2020 10  5 04:30:25.131560862064 28265407.0 -5426.0 -1.919293e-004
    2259 203.366567140000000 2020 10  5 04:30:27.021552622318 28265173.8 -5659.2 -2.001780e-004
    2286 205.796572429999970 2020 10  5 04:30:29.451553523540 28264852.8 -5980.2 -2.115325e-004
    2307 207.686559569999990 2020 10  5 04:30:31.341545283794 28264625.3 -6207.7 -2.195797e-004
    2334 210.116620569999980 2020 10  5 04:30:33.771626651287 28264331.2 -6501.8 -2.299826e-004
    2355 212.006600289999970 2020 10  5 04:30:35.661618411541 28264079.9 -6753.1 -2.388716e-004
    2382 214.436622430000000 2020 10  5 04:30:38.091619312763 28263775.4 -7057.6 -2.496424e-004
    2403 216.326599710000010 2020 10  5 04:30:39.981611073017 28263555.0 -7278.0 -2.574385e-004
    2430 218.756639860000010 2020 10  5 04:30:42.411652207375 28263260.8 -7572.2 -2.678450e-004
    2451 220.646627139999990 2020 10  5 04:30:44.301643967628 28263021.5 -7811.5 -2.763095e-004
    2478 223.077160569999990 2020 10  5 04:30:46.732167899609 28262747.9 -8085.1 -2.859873e-004
    2499 224.966660569999990 2020 10  5 04:30:48.621676862240 28262506.8 -8326.2 -2.945156e-004
    2547 229.286665709999970 2020 10  5 04:30:52.941669523716 28261992.1 -8840.9 -3.127216e-004
    2595 233.606713859999990 2020 10  5 04:30:57.261702418327 28261482.1 -9350.9 -3.307614e-004
    2643 237.926717430000020 2020 10  5 04:31:01.581735312939 28260967.4 -9865.6 -3.489674e-004
    2691 242.246861429999970 2020 10  5 04:31:05.901848673820 28260477.3 -10355.7 -3.663033e-004
    2739 246.566785569999980 2020 10  5 04:31:10.221801102161 28259982.7 -10850.3 -3.837984e-004
    2787 250.886805710000000 2020 10  5 04:31:14.541793763638 28259495.8 -11337.2 -4.010211e-004
    2817 253.586864859999990 2020 10  5 04:31:17.241879701614 28259182.6 -11650.4 -4.120996e-004
    2822 254.035778289999970 2020 10  5 04:31:17.690760791302 28297288.2 26455.2 9.357772e-004
    2835 255.206849710000000 2020 10  5 04:31:18.861866891384 28259026.1 -11806.9 -4.176354e-004
    2870 258.355721000000020 2020 10  5 04:31:22.010713219643 28296954.2 26121.2 9.239629e-004
    2883 259.526979139999920 2020 10  5 04:31:23.181980252266 28258540.7 -12292.3 -4.348050e-004
    2913 262.226946139999940 2020 10  5 04:31:25.881945490837 28258244.8 -12588.2 -4.452716e-004
    2918 262.675608430000010 2020 10  5 04:31:26.330625414848 28296575.4 25742.4 9.105639e-004
    2931 263.846895140000020 2020 10  5 04:31:27.501892447472 28258084.9 -12748.1 -4.509276e-004
    2961 266.546944430000000 2020 10  5 04:31:30.201938152313 28257801.0 -13032.0 -4.609698e-004
    2966 266.995565709999940 2020 10  5 04:31:30.650577843189 28296189.7 25356.7 8.969209e-004
    2979 268.167045860000030 2020 10  5 04:31:31.822046041489 28257628.2 -13204.8 -4.670821e-004
    3009 270.866972429999980 2020 10  5 04:31:34.521971046925 28257350.8 -13482.2 -4.768943e-004
    3014 271.315478859999980 2020 10  5 04:31:34.970490038395 28295796.9 24963.9 8.830267e-004
    3027 272.486995999999920 2020 10  5 04:31:36.141998469830 28257168.5 -13664.5 -4.833427e-004
    3057 275.187013289999980 2020 10  5 04:31:38.842003941536 28256881.6 -13951.4 -4.934909e-004
    3062 275.635410709999970 2020 10  5 04:31:39.290402233601 28295395.7 24562.7 8.688354e-004
    3075 276.807016709999970 2020 10  5 04:31:40.462031364441 28256712.9 -14120.1 -4.994582e-004
    3105 279.507040000000020 2020 10  5 04:31:43.162036836147 28256449.5 -14383.5 -5.087752e-004
    3110 279.955342139999970 2020 10  5 04:31:43.610354661942 28294963.6 24130.6 8.535511e-004
    3153 283.827116289999940 2020 10  5 04:31:47.482109963894 28256015.0 -14818.0 -5.241444e-004
    3158 284.275282430000000 2020 10  5 04:31:47.930266857147 28294537.4 23704.4 8.384755e-004
    3201 288.147113709999990 2020 10  5 04:31:51.802102625370 28255597.3 -15235.7 -5.389194e-004
    3206 288.595211569999950 2020 10  5 04:31:52.250219285488 28294082.3 23249.3 8.223776e-004
    3249 292.467164429999970 2020 10  5 04:31:56.122175753117 28255175.6 -15657.4 -5.538358e-004
    3254 292.915162709999950 2020 10  5 04:31:56.570171713829 28293598.1 22765.1 8.052504e-004
    3297 296.787208709999960 2020 10  5 04:32:00.442208647728 28254764.0 -16069.0 -5.683950e-004
    3302 297.235101859999930 2020 10  5 04:32:00.890083909035 28293114.3 22281.3 7.881374e-004
    3331 299.845781860000050 2020 10  5 04:32:03.500771820545 28292773.7 21940.7 7.760896e-004
    3345 301.107249710000020 2020 10  5 04:32:04.762241542339 28254368.0 -16465.0 -5.824024e-004
    3350 301.555041000000020 2020 10  5 04:32:05.210036337376 28292606.4 21773.4 7.701719e-004
    3379 304.165327569999990 2020 10  5 04:32:07.820321917534 28292302.2 21469.2 7.594117e-004
    3393 305.427287289999980 2020 10  5 04:32:09.082274436951 28253984.9 -16848.1 -5.959534e-004
    3398 305.874976430000000 2020 10  5 04:32:09.529988765717 28292078.7 21245.7 7.515060e-004
    3427 308.484948139999970 2020 10  5 04:32:12.139952480793 28291751.0 20918.0 7.399145e-004
    3441 309.747344140000000 2020 10  5 04:32:13.402347564697 28253580.8 -17252.2 -6.102473e-004
    3446 310.194929000000000 2020 10  5 04:32:13.849941194057 28291540.3 20707.3 7.324616e-004
    3475 312.804901710000020 2020 10  5 04:32:16.459904909134 28291189.2 20356.2 7.200425e-004
    3489 314.067374859999970 2020 10  5 04:32:17.722380459309 28253215.7 -17617.3 -6.231617e-004
    3494 314.515072569999970 2020 10  5 04:32:18.170054554939 28290970.8 20137.8 7.123172e-004
    3515 316.404845290000030 2020 10  5 04:32:20.059845149517 28290729.5 19896.5 7.037819e-004
    3523 317.124836430000020 2020 10  5 04:32:20.779817104340 28290620.9 19787.9 6.999405e-004
    3535 318.205337709999920 2020 10  5 04:32:21.860318183899 28290470.4 19637.4 6.946170e-004
    3537 318.387440000000030 2020 10  5 04:32:22.042453587055 28252843.0 -17990.0 -6.363449e-004
    3542 318.834834290000000 2020 10  5 04:32:22.489846050739 28290406.8 19573.8 6.923673e-004
    3563 320.724832709999990 2020 10  5 04:32:24.379837810993 28290116.2 19283.2 6.820881e-004
    3571 321.444778709999980 2020 10  5 04:32:25.099769532681 28290022.6 19189.6 6.787773e-004
    3590 323.154758290000020 2020 10  5 04:32:26.809758245945 28289776.5 18943.5 6.700722e-004
    3597 323.784821000000020 2020 10  5 04:32:27.439809143543 28289684.5 18851.5 6.668180e-004
    3611 325.044749000000020 2020 10  5 04:32:28.699750006199 28289521.6 18688.6 6.610559e-004
    3619 325.764728859999990 2020 10  5 04:32:29.419721961021 28289402.0 18569.0 6.568254e-004
    3633 327.027532569999950 2020 10  5 04:32:30.682519376278 28252111.1 -18721.9 -6.622338e-004
    3638 327.474810139999990 2020 10  5 04:32:31.129791140556 28289159.5 18326.5 6.482476e-004
    3645 328.105537569999970 2020 10  5 04:32:31.760526001453 28289047.0 18214.0 6.442682e-004
    3659 329.364705290000020 2020 10  5 04:32:33.019702434540 28288880.7 18047.7 6.383859e-004
    3663 329.727793139999960 2020 10  5 04:32:33.382806479931 28251909.8 -18923.2 -6.693542e-004
    3667 330.084695000000010 2020 10  5 04:32:33.739714622498 28288772.9 17939.9 6.345727e-004
    3681 331.347587140000030 2020 10  5 04:32:35.002592504025 28251773.6 -19059.4 -6.741719e-004
    3686 331.794736429999940 2020 10  5 04:32:35.449743568897 28288516.2 17683.2 6.254927e-004
    3707 333.684646290000050 2020 10  5 04:32:37.339654862881 28288219.7 17386.7 6.150049e-004
    3711 334.047623000000040 2020 10  5 04:32:37.702638208866 28251547.5 -19285.5 -6.821695e-004
    3715 334.404627570000000 2020 10  5 04:32:38.059626817703 28288113.3 17280.3 6.112413e-004
    3755 338.004596709999990 2020 10  5 04:32:41.659607291222 28287560.7 16727.7 5.916946e-004
    3763 338.724601430000010 2020 10  5 04:32:42.379619479179 28287438.7 16605.7 5.873792e-004
    3777 339.987726139999950 2020 10  5 04:32:43.642738759518 28251116.0 -19717.0 -6.974326e-004
    3803 342.324674140000010 2020 10  5 04:32:45.979680418968 28286844.7 16011.7 5.663682e-004
    3807 342.687817430000000 2020 10  5 04:32:46.342824697495 28250899.0 -19934.0 -7.051083e-004
    3811 343.044546140000020 2020 10  5 04:32:46.699531674385 28286742.5 15909.5 5.627531e-004
    3851 346.644512570000020 2020 10  5 04:32:50.299512147903 28286144.2 15311.2 5.415900e-004
    3855 347.007768860000000 2020 10  5 04:32:50.662777125835 28250573.9 -20259.1 -7.166078e-004
    3859 347.364501290000020 2020 10  5 04:32:51.019484102726 28286019.9 15186.9 5.371932e-004
    3871 348.444527999999990 2020 10  5 04:32:52.099542617798 28285846.7 15013.7 5.310668e-004
    3899 350.964479859999980 2020 10  5 04:32:54.619464576244 28285401.7 14568.7 5.153262e-004
    3903 351.327914139999960 2020 10  5 04:32:54.982930719852 28250263.9 -20569.1 -7.275732e-004
    3907 351.684469290000040 2020 10  5 04:32:55.339476764202 28285288.1 14455.1 5.113079e-004
    3921 352.948186859999960 2020 10  5 04:32:56.603199541569 28250133.6 -20699.4 -7.321822e-004
    3947 355.284433429999980 2020 10  5 04:32:58.939417004585 28284661.6 13828.6 4.891472e-004
    3951 355.647883000000090 2020 10  5 04:32:59.302883148193 28249949.5 -20883.5 -7.386942e-004
    3955 356.004429000000020 2020 10  5 04:32:59.659429192543 28284524.1 13691.1 4.842836e-004
    3967 357.084641570000030 2020 10  5 04:33:00.739648640156 28284343.6 13510.6 4.778989e-004
    3995 359.604425570000050 2020 10  5 04:33:03.259409666061 28283883.1 13050.1 4.616100e-004
    3999 359.967996429999970 2020 10  5 04:33:03.622996509075 28249660.9 -21172.1 -7.489026e-004
    4003 360.324404430000020 2020 10  5 04:33:03.979421854019 28283741.1 12908.1 4.565872e-004
    4015 361.404847290000020 2020 10  5 04:33:05.059842467308 28283565.4 12732.4 4.503723e-004
    4043 363.924389709999960 2020 10  5 04:33:07.579402327538 28283076.4 12243.4 4.330753e-004
    4047 364.288005139999940 2020 10  5 04:33:07.942989170551 28249351.8 -21481.2 -7.598361e-004
    4051 364.644364860000050 2020 10  5 04:33:08.299374282360 28282956.4 12123.4 4.288307e-004
    4091 368.244325430000000 2020 10  5 04:33:11.899314522743 28282273.6 11440.6 4.046786e-004
    4095 368.608185569999990 2020 10  5 04:33:12.263182997704 28249062.4 -21770.6 -7.700728e-004
    4099 368.964328999999960 2020 10  5 04:33:12.619326710701 28282138.0 11305.0 3.998821e-004
    4139 372.564308999999980 2020 10  5 04:33:16.219307184219 28281443.6 10610.6 3.753197e-004
    4147 373.284298999999980 2020 10  5 04:33:16.939279139042 28281310.8 10477.8 3.706223e-004
    4187 376.884275430000000 2020 10  5 04:33:20.539259612560 28280604.2 9771.2 3.456283e-004
    4191 377.248203999999990 2020 10  5 04:33:20.903208553791 28248512.3 -22320.7 -7.895310e-004
    4195 377.604271290000040 2020 10  5 04:33:21.259271800518 28280451.2 9618.2 3.402164e-004
    4199 377.964256999999980 2020 10  5 04:33:21.619237661362 28280380.2 9547.2 3.377049e-004
    4235 381.204239429999970 2020 10  5 04:33:24.859252274036 28279735.8 8902.8 3.149111e-004
    4243 381.924242429999990 2020 10  5 04:33:25.579224228859 28279591.6 8758.6 3.098105e-004
    4247 382.284460860000020 2020 10  5 04:33:25.939471721649 28279534.4 8701.4 3.077872e-004
    4270 384.354474710000030 2020 10  5 04:33:28.009466528893 28279097.3 8264.3 2.923260e-004
    4283 385.524221140000010 2020 10  5 04:33:29.179204702377 28278862.2 8029.2 2.840100e-004
    4291 386.244225140000030 2020 10  5 04:33:29.899216890335 28278716.9 7883.9 2.788705e-004
    4295 386.604430710000030 2020 10  5 04:33:30.259424149990 28278653.1 7820.1 2.766137e-004
    4318 388.674223140000040 2020 10  5 04:33:32.329217791557 28278207.5 7374.5 2.608519e-004
    4331 389.844200860000060 2020 10  5 04:33:33.499197363853 28277970.1 7137.1 2.524545e-004
    4334 390.114865140000060 2020 10  5 04:33:33.769845664501 28277913.9 7080.9 2.504666e-004
    4339 390.564208430000010 2020 10  5 04:33:34.219209551811 28277821.8 6988.8 2.472088e-004
    4343 390.924342709999960 2020 10  5 04:33:34.579336345196 28277748.5 6915.5 2.446161e-004
    4366 392.994205289999970 2020 10  5 04:33:36.649210453033 28277317.0 6484.0 2.293530e-004
    4379 394.164187290000030 2020 10  5 04:33:37.819190025330 28277066.1 6233.1 2.204781e-004
    4382 394.434607709999970 2020 10  5 04:33:38.089596927166 28276993.0 6160.0 2.178924e-004
    4387 394.884196709999970 2020 10  5 04:33:38.539202213287 28276920.5 6087.5 2.153279e-004
    4391 395.244629570000030 2020 10  5 04:33:38.899610638618 28276863.1 6030.1 2.132976e-004
    4411 397.044570000000020 2020 10  5 04:33:40.699560642242 28276471.7 5638.7 1.994529e-004
    4414 397.314173289999990 2020 10  5 04:33:40.969162881374 28276397.2 5564.2 1.968177e-004
    4427 398.484162289999970 2020 10  5 04:33:42.139142453671 28276153.7 5320.7 1.882046e-004
    4435 399.204176139999960 2020 10  5 04:33:42.859194874763 28275993.2 5160.2 1.825273e-004
    4462 401.634159139999950 2020 10  5 04:33:45.289155542850 28275478.7 4645.7 1.643284e-004
    4475 402.804156859999980 2020 10  5 04:33:46.459175348282 28275230.7 4397.7 1.555561e-004
    4510 405.954147569999980 2020 10  5 04:33:49.609148204327 28274542.1 3709.1 1.311988e-004
    4523 407.124139709999950 2020 10  5 04:33:50.779127776623 28274301.3 3468.3 1.226812e-004
    4529 407.664165000000030 2020 10  5 04:33:51.319177150726 28274192.0 3359.0 1.188150e-004
    4558 410.274144139999980 2020 10  5 04:33:53.929140865803 28273607.3 2774.3 9.813294e-005
    4571 411.444135569999960 2020 10  5 04:33:55.099120438099 28273363.7 2530.7 8.951629e-005
    4577 411.984156709999920 2020 10  5 04:33:55.639169812202 28273225.9 2392.9 8.464201e-005
    4591 413.244249570000020 2020 10  5 04:33:56.899231374264 28272958.0 2125.0 7.516581e-005
    4606 414.594129709999950 2020 10  5 04:33:58.249133527279 28272668.4 1835.4 6.492203e-005
    4619 415.764128569999970 2020 10  5 04:33:59.419113099575 28272413.9 1580.9 5.591982e-005
    4622 416.034173289999960 2020 10  5 04:33:59.689157903194 28272365.3 1532.3 5.420074e-005
    4625 416.304172429999990 2020 10  5 04:33:59.959162473679 28272291.8 1458.8 5.160088e-005
    4627 416.484535859999940 2020 10  5 04:34:00.139527618885 28272282.8 1449.8 5.128254e-005
    4639 417.564150709999980 2020 10  5 04:34:01.219143569469 28272021.0 1188.0 4.202211e-005
    4651 418.644143570000040 2020 10  5 04:34:02.299161851406 28271795.0  962.0 3.402800e-005
    4654 418.914138139999920 2020 10  5 04:34:02.569126188755 28271726.0  893.0 3.158733e-005
    4667 420.084126859999970 2020 10  5 04:34:03.739145994186 28271467.3  634.3 2.243655e-005
    4670 420.354144140000020 2020 10  5 04:34:04.009150564671 28271401.0  568.0 2.009138e-005
    4673 420.624180000000020 2020 10  5 04:34:04.279195368290 28271347.5  514.5 1.819897e-005
    4675 420.804162000000020 2020 10  5 04:34:04.459158182144 28271327.8  494.8 1.750214e-005
    4687 421.884482000000050 2020 10  5 04:34:05.539498329163 28271060.6  227.6 8.050700e-006
    4699 422.964146859999970 2020 10  5 04:34:06.619154512882 28270840.9    7.9 2.794399e-007
    4702 423.234125139999950 2020 10  5 04:34:06.889118850231 28270772.2  -60.8 -2.150626e-006
    4715 424.404123429999970 2020 10  5 04:34:08.059138655663 28270525.8 -307.2 -1.086632e-005
    4718 424.674141140000020 2020 10  5 04:34:08.329143226147 28270461.0 -372.0 -1.315844e-005
    4721 424.944458999999990 2020 10  5 04:34:08.599469661713 28270398.1 -434.9 -1.538335e-005
    4723 425.124409290000020 2020 10  5 04:34:08.779392242432 28270363.5 -469.5 -1.660722e-005
    4735 426.204158429999950 2020 10  5 04:34:09.859169125557 28270127.3 -705.7 -2.496212e-005
    4747 427.284135569999930 2020 10  5 04:34:10.939147174358 28269893.1 -939.9 -3.324628e-005
    4750 427.554151569999990 2020 10  5 04:34:11.209151744843 28269832.4 -1000.6 -3.539337e-005
    4763 428.724121859999970 2020 10  5 04:34:12.379131317139 28269576.1 -1256.9 -4.445925e-005
    4766 428.994151289999930 2020 10  5 04:34:12.649135887623 28269516.8 -1316.2 -4.655682e-005
    4769 429.264266710000020 2020 10  5 04:34:12.919261157513 28269457.2 -1375.8 -4.866500e-005
    4771 429.444208430000000 2020 10  5 04:34:13.099223971367 28269411.9 -1421.1 -5.026736e-005
    4795 431.604136569999980 2020 10  5 04:34:15.259139835835 28268949.2 -1883.8 -6.663405e-005
    4798 431.874177709999970 2020 10  5 04:34:15.529184639454 28268884.8 -1948.2 -6.891201e-005
    4811 433.044132289999990 2020 10  5 04:34:16.699123978615 28268633.5 -2199.5 -7.780103e-005
    4814 433.314153859999980 2020 10  5 04:34:16.969168782234 28268554.2 -2278.8 -8.060604e-005
    4817 433.584323139999980 2020 10  5 04:34:17.239334285259 28268504.7 -2328.3 -8.235696e-005
    4819 433.764532709999970 2020 10  5 04:34:17.419538497925 28268508.2 -2324.8 -8.223316e-005
    4843 435.924140859999970 2020 10  5 04:34:19.579132497311 28268003.3 -2829.7 -1.000926e-004
    4859 437.364140140000020 2020 10  5 04:34:21.019156873226 28267694.2 -3138.8 -1.110261e-004
    4865 437.904446430000010 2020 10  5 04:34:21.559447646141 28267594.4 -3238.6 -1.145562e-004
    4891 440.244156709999970 2020 10  5 04:34:23.899165391922 28267068.2 -3764.8 -1.331691e-004
    4907 441.684150709999980 2020 10  5 04:34:25.339149534702 28266757.4 -4075.6 -1.441627e-004
    4913 442.224178289999940 2020 10  5 04:34:25.879158675671 28266659.0 -4174.0 -1.476433e-004
    4927 443.484308999999940 2020 10  5 04:34:27.139300704002 28266377.9 -4455.1 -1.575864e-004
    4939 444.564161290000020 2020 10  5 04:34:28.219158053398 28266137.0 -4696.0 -1.661076e-004
    4955 446.004163570000000 2020 10  5 04:34:29.659182429314 28265831.5 -5001.5 -1.769138e-004
    4958 446.274348289999980 2020 10  5 04:34:29.929347932339 28265764.6 -5068.4 -1.792802e-004
    4961 446.544175860000000 2020 10  5 04:34:30.199191570282 28265713.2 -5119.8 -1.810983e-004
    4975 447.804226430000030 2020 10  5 04:34:31.459212899208 28265447.0 -5386.0 -1.905144e-004
    4987 448.884187860000000 2020 10  5 04:34:32.539190948009 28265212.3 -5620.7 -1.988162e-004
    5003 450.324178289999960 2020 10  5 04:34:33.979175090790 28264922.8 -5910.2 -2.090565e-004
    5006 450.594188859999970 2020 10  5 04:34:34.249179661274 28264849.4 -5983.6 -2.116528e-004
    5009 450.864188000000010 2020 10  5 04:34:34.519184231758 28264800.0 -6033.0 -2.134001e-004
    5023 452.124196429999980 2020 10  5 04:34:35.779205560684 28264524.3 -6308.7 -2.231523e-004
    5035 453.204210709999980 2020 10  5 04:34:36.859223842621 28264306.2 -6526.8 -2.308669e-004
    5051 454.644193290000030 2020 10  5 04:34:38.299207985401 28264008.7 -6824.3 -2.413901e-004
    5054 454.914194709999950 2020 10  5 04:34:38.569212555885 28263953.1 -6879.9 -2.433568e-004
    5057 455.184208000000010 2020 10  5 04:34:38.839217126369 28263899.2 -6933.8 -2.452634e-004
    5071 456.444214569999990 2020 10  5 04:34:40.099198222160 28263626.3 -7206.7 -2.549164e-004
    5083 457.524219289999960 2020 10  5 04:34:41.179216504097 28263418.2 -7414.8 -2.622774e-004
    5099 458.964216999999960 2020 10  5 04:34:42.619200646877 28263111.1 -7721.9 -2.731402e-004
    5102 459.234219709999930 2020 10  5 04:34:42.889205217361 28263051.9 -7781.1 -2.752342e-004
    5105 459.504227140000010 2020 10  5 04:34:43.159209787846 28262996.5 -7836.5 -2.771938e-004
    5111 460.044632860000040 2020 10  5 04:34:43.699621260166 28262918.3 -7914.7 -2.799599e-004
    5119 460.764253569999990 2020 10  5 04:34:44.419271349907 28262731.7 -8101.3 -2.865604e-004
    5131 461.844317289999990 2020 10  5 04:34:45.499329864979 28262511.1 -8321.9 -2.943635e-004
    5147 463.284231569999970 2020 10  5 04:34:46.939233541489 28262221.9 -8611.1 -3.045931e-004
    5150 463.554236290000010 2020 10  5 04:34:47.209238111973 28262168.8 -8664.2 -3.064713e-004
    5153 463.824243860000020 2020 10  5 04:34:47.479242682457 28262118.4 -8714.6 -3.082541e-004
    5159 464.364950570000020 2020 10  5 04:34:48.019935786724 28262017.8 -8815.2 -3.118125e-004
    5167 465.084264000000020 2020 10  5 04:34:48.739264011383 28261845.4 -8987.6 -3.179107e-004
    5195 467.604262710000060 2020 10  5 04:34:51.259266436100 28261367.1 -9465.9 -3.348292e-004
    5198 467.874255570000000 2020 10  5 04:34:51.529271006584 28261302.7 -9530.3 -3.371072e-004
    5201 468.144274290000060 2020 10  5 04:34:51.799275577068 28261255.2 -9577.8 -3.387873e-004
    5207 468.684285140000040 2020 10  5 04:34:52.339284718037 28261141.0 -9692.0 -3.428268e-004
    5215 469.404618429999970 2020 10  5 04:34:53.059618771076 28260993.9 -9839.1 -3.480301e-004
    5243 471.924287999999990 2020 10  5 04:34:55.579299330711 28260494.5 -10338.5 -3.656949e-004
    5246 472.194292860000020 2020 10  5 04:34:55.849303901196 28260452.0 -10381.0 -3.671982e-004
    5249 472.464289430000010 2020 10  5 04:34:56.119308471680 28260400.1 -10432.9 -3.690341e-004
    5291 476.244324140000000 2020 10  5 04:34:59.899332225323 28259672.1 -11160.9 -3.947850e-004
    5294 476.514322999999990 2020 10  5 04:35:00.169336795807 28259623.0 -11210.0 -3.965217e-004
    5297 476.784320709999970 2020 10  5 04:35:00.439301133156 28259572.9 -11260.1 -3.982939e-004
    5303 477.325453859999980 2020 10  5 04:35:00.980436801910 28259431.5 -11401.5 -4.032955e-004
    5311 478.044355860000000 2020 10  5 04:35:01.699362695217 28259340.0 -11493.0 -4.065321e-004
    5339 480.564357289999980 2020 10  5 04:35:04.219365119934 28258847.5 -11985.5 -4.239528e-004
    5342 480.834349429999970 2020 10  5 04:35:04.489329457283 28258805.4 -12027.6 -4.254420e-004
    5345 481.104356709999990 2020 10  5 04:35:04.759374260902 28258755.2 -12077.8 -4.272177e-004
    5359 482.364394430000000 2020 10  5 04:35:06.019395589828 28258515.3 -12317.7 -4.357035e-004
    5377 483.984623709999990 2020 10  5 04:35:07.639624178410 28258201.4 -12631.6 -4.468068e-004
    5387 484.884391999999990 2020 10  5 04:35:08.539398014545 28258056.1 -12776.9 -4.519464e-004
    5390 485.154391710000030 2020 10  5 04:35:08.809402585030 28257994.1 -12838.9 -4.541394e-004
    5393 485.424390429999960 2020 10  5 04:35:09.079407155514 28257952.7 -12880.3 -4.556038e-004
    5407 486.684390140000000 2020 10  5 04:35:10.339388251305 28257725.5 -13107.5 -4.636404e-004
    5435 489.204438289999980 2020 10  5 04:35:12.859430909157 28257278.2 -13554.8 -4.794623e-004
    5438 489.474435709999970 2020 10  5 04:35:13.129435479641 28257230.7 -13602.3 -4.811425e-004
    5441 489.744426140000030 2020 10  5 04:35:13.399440050125 28257174.7 -13658.3 -4.831234e-004
    5455 491.004425140000020 2020 10  5 04:35:14.659421145916 28256951.0 -13882.0 -4.910361e-004
    5483 493.524602290000020 2020 10  5 04:35:17.179584503174 28256505.2 -14327.8 -5.068050e-004
    5486 493.794477569999970 2020 10  5 04:35:17.449468374252 28256471.6 -14361.4 -5.079935e-004
    5489 494.064459709999990 2020 10  5 04:35:17.719472944736 28256409.9 -14423.1 -5.101760e-004
    5503 495.324466290000030 2020 10  5 04:35:18.979454040527 28256197.4 -14635.6 -5.176926e-004
    5531 497.844514710000000 2020 10  5 04:35:21.499496698380 28255767.0 -15066.0 -5.329167e-004
    5534 498.114600430000050 2020 10  5 04:35:21.769581735134 28255727.1 -15105.9 -5.343281e-004
    5537 498.384509709999970 2020 10  5 04:35:22.039505839348 28255680.8 -15152.2 -5.359658e-004
    5551 499.644501290000050 2020 10  5 04:35:23.299486935139 28255461.1 -15371.9 -5.437371e-004
    5557 500.184749430000010 2020 10  5 04:35:23.839737474918 28255387.6 -15445.4 -5.463369e-004
    5579 502.164552290000020 2020 10  5 04:35:25.819569826126 28255045.6 -15787.4 -5.584342e-004
    5582 502.434801999999990 2020 10  5 04:35:26.089815795422 28254971.7 -15861.3 -5.610482e-004
    5585 502.704551139999980 2020 10  5 04:35:26.359538733959 28254954.8 -15878.2 -5.616460e-004
    5599 503.964547139999980 2020 10  5 04:35:27.619560062885 28254748.2 -16084.8 -5.689539e-004
    5605 504.504759569999980 2020 10  5 04:35:28.159770369530 28254667.1 -16165.9 -5.718226e-004
    5627 506.484597429999950 2020 10  5 04:35:30.139602720737 28254355.6 -16477.4 -5.828410e-004
    5633 507.024591569999980 2020 10  5 04:35:30.679571628571 28254249.2 -16583.8 -5.866046e-004
    5647 508.284585429999990 2020 10  5 04:35:31.939592957497 28254053.9 -16779.1 -5.935128e-004
    5653 508.825041709999990 2020 10  5 04:35:32.480044662952 28253973.4 -16859.6 -5.963602e-004
    5675 510.804699570000030 2020 10  5 04:35:34.459716081619 28253662.8 -17170.2 -6.073468e-004
    5681 511.344662570000080 2020 10  5 04:35:34.999644756317 28253605.9 -17227.1 -6.093595e-004
    5695 512.604632430000040 2020 10  5 04:35:36.259625852108 28253383.3 -17449.7 -6.172333e-004
    5701 513.144724570000110 2020 10  5 04:35:36.799715459347 28253290.2 -17542.8 -6.205265e-004
    5713 514.224796570000190 2020 10  5 04:35:37.879814207554 28253135.0 -17698.0 -6.260162e-004
    5723 515.124678430000020 2020 10  5 04:35:38.779668509960 28253006.4 -17826.6 -6.305651e-004
    5729 515.664792710000030 2020 10  5 04:35:39.319798350334 28252917.3 -17915.7 -6.337167e-004
    5743 516.924678999999970 2020 10  5 04:35:40.579698979855 28252723.6 -18109.4 -6.405683e-004
    5749 517.464713139999960 2020 10  5 04:35:41.119708120823 28252647.7 -18185.3 -6.432531e-004
    5761 518.544714140000000 2020 10  5 04:35:42.199726402760 28252480.4 -18352.6 -6.491708e-004
    5771 519.444741430000020 2020 10  5 04:35:43.099741637707 28252347.1 -18485.9 -6.538859e-004
    5777 519.984902000000030 2020 10  5 04:35:43.639911711216 28252272.5 -18560.5 -6.565247e-004
    5791 521.244731570000230 2020 10  5 04:35:44.899731874466 28252093.9 -18739.1 -6.628422e-004
    5797 521.784759710000120 2020 10  5 04:35:45.439741015434 28252018.7 -18814.3 -6.655021e-004
    5809 522.864752859999950 2020 10  5 04:35:46.519759297371 28251870.2 -18962.8 -6.707549e-004
    5839 525.564787000000020 2020 10  5 04:35:49.219805002213 28251481.2 -19351.8 -6.845147e-004
    5845 526.104972710000080 2020 10  5 04:35:49.759975075722 28251413.8 -19419.2 -6.868988e-004
    5857 527.184802430000100 2020 10  5 04:35:50.839792191982 28251260.6 -19572.4 -6.923178e-004
    5873 528.624902290000020 2020 10  5 04:35:52.279897034168 28251058.9 -19774.1 -6.994523e-004
    5887 529.884836140000060 2020 10  5 04:35:53.539837896824 28250884.6 -19948.4 -7.056177e-004
    5893 530.424857709999970 2020 10  5 04:35:54.079847037792 28250825.9 -20007.1 -7.076940e-004
    5905 531.504852430000030 2020 10  5 04:35:55.159865319729 28250673.3 -20159.7 -7.130918e-004
    5921 532.944912570000040 2020 10  5 04:35:56.599929928780 28250476.4 -20356.6 -7.200566e-004
    5935 534.204895430000080 2020 10  5 04:35:57.859911024570 28250323.5 -20509.5 -7.254650e-004
    5941 534.744933860000060 2020 10  5 04:35:58.399920165539 28250267.0 -20566.0 -7.274635e-004
    5953 535.824909570000050 2020 10  5 04:35:59.479898214340 28250115.3 -20717.7 -7.328295e-004
    5983 538.524984290000020 2020 10  5 04:36:02.179984152317 28249780.4 -21052.6 -7.446756e-004
    5989 539.065096999999920 2020 10  5 04:36:02.720113992691 28249682.5 -21150.5 -7.481385e-004
    6001 540.144964289999960 2020 10  5 04:36:03.799971342087 28249566.2 -21266.8 -7.522523e-004
    6017 541.585415710000010 2020 10  5 04:36:05.240398049355 28249406.4 -21426.6 -7.579048e-004
    6031 542.845015709999870 2020 10  5 04:36:06.500017046928 28249237.6 -21595.4 -7.638756e-004
    6037 543.385022289999940 2020 10  5 04:36:07.040026187897 28249169.5 -21663.5 -7.662845e-004
    6049 544.465015709999880 2020 10  5 04:36:08.120004236698 28249034.5 -21798.5 -7.710597e-004
    6079 547.165087570000080 2020 10  5 04:36:10.820090174675 28248738.0 -22095.0 -7.815475e-004
    6085 547.705145570000130 2020 10  5 04:36:11.360139548779 28248649.0 -22184.0 -7.846957e-004
    6097 548.785080290000110 2020 10  5 04:36:12.440077364445 28248523.7 -22309.3 -7.891278e-004
    6125 551.305325859999930 2020 10  5 04:36:14.960321187973 28248241.1 -22591.9 -7.991240e-004
    6127 551.485151139999970 2020 10  5 04:36:15.140163302422 28248222.7 -22610.3 -7.997748e-004
    6133 552.025137289999980 2020 10  5 04:36:15.680132210255 28248156.1 -22676.9 -8.021306e-004
    6145 553.105138140000010 2020 10  5 04:36:16.760150492191 28248036.2 -22796.8 -8.063717e-004
    6173 555.625345000000040 2020 10  5 04:36:19.280354082584 28247771.7 -23061.3 -8.157276e-004
    6181 556.345207999999840 2020 10  5 04:36:20.000205338001 28247680.8 -23152.2 -8.189430e-004
    6193 557.425201859999900 2020 10  5 04:36:21.080183386803 28247560.0 -23273.0 -8.232159e-004
    6221 559.945233429999920 2020 10  5 04:36:23.600226044655 28247306.1 -23526.9 -8.321969e-004
    6229 560.665261289999880 2020 10  5 04:36:24.320278465748 28247229.2 -23603.8 -8.349170e-004
    6241 561.745266859999900 2020 10  5 04:36:25.400256514549 28247099.9 -23733.1 -8.394907e-004
    6269 564.265755290000020 2020 10  5 04:36:27.920741736889 28246853.3 -23979.7 -8.482134e-004
    6277 564.985480710000050 2020 10  5 04:36:28.640472292900 28246793.5 -24039.5 -8.503287e-004
    6289 566.065331290000020 2020 10  5 04:36:29.720329642296 28246662.5 -24170.5 -8.549624e-004
    6317 568.585401140000040 2020 10  5 04:36:32.240412533283 28246418.6 -24414.4 -8.635897e-004
    6325 569.305420859999910 2020 10  5 04:36:32.960424721241 28246358.4 -24474.6 -8.657191e-004
    6337 570.385406570000100 2020 10  5 04:36:34.040402770042 28246240.4 -24592.6 -8.698930e-004
    6365 572.905442709999990 2020 10  5 04:36:36.560445427895 28246011.1 -24821.9 -8.780038e-004
    6373 573.625540290000000 2020 10  5 04:36:37.280538082123 28245931.4 -24901.6 -8.808230e-004
    6385 574.705465860000000 2020 10  5 04:36:38.360475897789 28245838.7 -24994.3 -8.841020e-004
    6413 577.225500000000010 2020 10  5 04:36:40.880518555641 28245616.3 -25216.7 -8.919688e-004
    6421 577.945624429999840 2020 10  5 04:36:41.600611209869 28245548.7 -25284.3 -8.943599e-004
    6433 579.025530430000000 2020 10  5 04:36:42.680549025536 28245437.3 -25395.7 -8.983004e-004
    6461 581.545585139999960 2020 10  5 04:36:45.200591683388 28245224.2 -25608.8 -9.058382e-004
    6481 583.345746709999960 2020 10  5 04:36:47.000742852688 28245062.1 -25770.9 -9.115720e-004
    6509 585.865636999999880 2020 10  5 04:36:49.520624577999 28244851.0 -25982.0 -9.190391e-004
    6529 587.665683429999940 2020 10  5 04:36:51.320695281029 28244707.6 -26125.4 -9.241114e-004
    6557 590.185712290000080 2020 10  5 04:36:53.840697705746 28244497.3 -26335.7 -9.315502e-004
    6577 591.985763000000020 2020 10  5 04:36:55.640768408775 28244356.1 -26476.9 -9.365447e-004
    6605 594.505776290000090 2020 10  5 04:36:58.160770833492 28244158.8 -26674.2 -9.435237e-004
    6625 596.305833290000010 2020 10  5 04:36:59.960841536522 28244011.1 -26821.9 -9.487481e-004
    6653 598.825852139999940 2020 10  5 04:37:02.480843961239 28243832.5 -27000.5 -9.550656e-004
    6673 600.626172430000000 2020 10  5 04:37:04.281156063080 28243703.1 -27129.9 -9.596428e-004
    6674 600.719671140000060 2020 10  5 04:37:04.374657869339 28305346.1 34513.1 1.220802e-003
    6701 603.145920570000040 2020 10  5 04:37:06.800917088985 28243510.7 -27322.3 -9.664484e-004
    6721 604.945986999999950 2020 10  5 04:37:08.600987792015 28243380.0 -27453.0 -9.710715e-004
    6722 605.039265289999890 2020 10  5 04:37:08.694248199463 28305335.9 34502.9 1.220442e-003
    6749 607.465996570000020 2020 10  5 04:37:11.120990216732 28243206.5 -27626.5 -9.772086e-004
    6797 611.786067140000000 2020 10  5 04:37:15.441063344479 28242923.1 -27909.9 -9.872330e-004
    6818 613.679286570000160 2020 10  5 04:37:17.334273755550 28305230.8 34397.8 1.216724e-003
    6845 616.106140709999980 2020 10  5 04:37:19.761136472225 28242628.3 -28204.7 -9.976607e-004
    6866 617.999149139999990 2020 10  5 04:37:21.654145717621 28305183.1 34350.1 1.215037e-003
    6893 620.426212289999850 2020 10  5 04:37:24.081209599972 28242359.2 -28473.8 -1.007179e-003
    6914 622.319714859999980 2020 10  5 04:37:25.974701642990 28305140.4 34307.4 1.213526e-003
    6941 624.746300000000020 2020 10  5 04:37:28.401282727718 28242104.0 -28729.0 -1.016206e-003
    6989 629.066377139999990 2020 10  5 04:37:32.721396088600 28241847.4 -28985.6 -1.025283e-003
    7010 630.958725999999960 2020 10  5 04:37:34.613721370697 28305021.6 34188.6 1.209324e-003
    7037 633.386476430000020 2020 10  5 04:37:37.041469216347 28241611.6 -29221.4 -1.033624e-003
    7085 637.706551289999990 2020 10  5 04:37:41.361542344093 28241378.9 -29454.1 -1.041855e-003
    7108 639.776581140000080 2020 10  5 04:37:43.431577384472 28241283.6 -29549.4 -1.045226e-003
    7133 642.026612709999880 2020 10  5 04:37:45.681615471840 28241160.5 -29672.5 -1.049580e-003
    7181 646.346720429999890 2020 10  5 04:37:50.001728832722 28240941.7 -29891.3 -1.057319e-003
    7202 648.238556430000020 2020 10  5 04:37:51.893571317196 28304729.0 33896.0 1.198974e-003
    7228 650.578329000000050 2020 10  5 04:37:54.233329296112 28304709.9 33876.9 1.198299e-003
    7229 650.666778430000020 2020 10  5 04:37:54.321761727333 28240737.4 -30095.6 -1.064546e-003
    7250 652.558270570000100 2020 10  5 04:37:56.213282346725 28304677.9 33844.9 1.197167e-003
    7252 652.736892570000120 2020 10  5 04:37:56.391877233982 28240640.0 -30193.0 -1.067991e-003
    7276 654.898216999999930 2020 10  5 04:37:58.553201258183 28304641.1 33808.1 1.195865e-003
    7277 654.987237429999940 2020 10  5 04:37:58.642237186432 28240534.8 -30298.2 -1.071712e-003
    7298 656.878170290000070 2020 10  5 04:38:00.533154308796 28304600.7 33767.7 1.194436e-003
    7324 659.218117000000010 2020 10  5 04:38:02.873113453388 28304566.9 33733.9 1.193240e-003
    7346 661.198084430000110 2020 10  5 04:38:04.853066504002 28304510.1 33677.1 1.191231e-003
    7372 663.538035710000030 2020 10  5 04:38:07.193025648594 28304470.1 33637.1 1.189816e-003
    7373 663.627017139999910 2020 10  5 04:38:07.282021343708 28240173.9 -30659.1 -1.084478e-003
    7394 665.517987709999940 2020 10  5 04:38:09.172978699207 28304436.4 33603.4 1.188624e-003
    7396 665.697053859999980 2020 10  5 04:38:09.352056384087 28240078.3 -30754.7 -1.087860e-003
    7420 667.857934859999890 2020 10  5 04:38:11.512937843800 28304388.1 33555.1 1.186916e-003
    7421 667.947852139999900 2020 10  5 04:38:11.602858901024 28240007.0 -30826.0 -1.090382e-003
    7442 669.837894289999890 2020 10  5 04:38:13.492890894413 28304337.1 33504.1 1.185112e-003
    7468 672.177854570000140 2020 10  5 04:38:15.832850039005 28304303.7 33470.7 1.183930e-003
    7469 672.267495709999930 2020 10  5 04:38:15.922489464283 28239814.7 -31018.3 -1.097184e-003
    7490 674.157813999999920 2020 10  5 04:38:17.812803089619 28304257.5 33424.5 1.182296e-003
    7516 676.497758289999980 2020 10  5 04:38:20.152762234211 28304205.3 33372.3 1.180450e-003
    7517 676.587259570000010 2020 10  5 04:38:20.242240726948 28239663.9 -31169.1 -1.102518e-003
    7538 678.477855999999970 2020 10  5 04:38:22.132835984230 28304161.2 33328.2 1.178890e-003
    7540 678.657592289999910 2020 10  5 04:38:22.312597632408 28239579.2 -31253.8 -1.105514e-003
    7564 680.817683429999870 2020 10  5 04:38:24.472674429417 28304111.6 33278.6 1.177135e-003
    7565 680.907497999999920 2020 10  5 04:38:24.562515020370 28239522.0 -31311.0 -1.107537e-003
    7586 682.797660289999950 2020 10  5 04:38:26.452667713165 28304060.7 33227.7 1.175335e-003
    7612 685.137582429999950 2020 10  5 04:38:28.792586624622 28304007.5 33174.5 1.173453e-003
    7634 687.117574570000100 2020 10  5 04:38:30.772579908371 28303951.7 33118.7 1.171479e-003
    7660 689.457500569999980 2020 10  5 04:38:33.112498819828 28303912.5 33079.5 1.170093e-003
    7708 693.777407140000040 2020 10  5 04:38:37.432411015034 28303779.6 32946.6 1.165392e-003
    7732 695.938286429999950 2020 10  5 04:38:39.593292474747 28238988.9 -31844.1 -1.126394e-003
    7756 698.097315999999980 2020 10  5 04:38:41.752323210239 28303671.7 32838.7 1.161575e-003
    7778 700.077289999999950 2020 10  5 04:38:43.732276260853 28303617.4 32784.4 1.159655e-003
    7780 700.257819429999930 2020 10  5 04:38:43.912802338600 28238846.3 -31986.7 -1.131438e-003
    7826 704.397519289999880 2020 10  5 04:38:48.052510321140 28303499.5 32666.5 1.155484e-003
    7874 708.717164859999910 2020 10  5 04:38:52.372181117535 28303375.8 32542.8 1.151109e-003
    7876 708.897893289999960 2020 10  5 04:38:52.552908360958 28238622.8 -32210.2 -1.139344e-003
    7922 713.037202569999980 2020 10  5 04:38:56.692214012146 28303240.8 32407.8 1.146333e-003
    8018 721.677148289999990 2020 10  5 04:39:05.332159101963 28302957.9 32124.9 1.136327e-003
    8020 721.858152999999900 2020 10  5 04:39:05.513167977333 28238271.7 -32561.3 -1.151763e-003
    8068 726.178255290000040 2020 10  5 04:39:09.833241105080 28238166.9 -32666.1 -1.155470e-003
    8116 730.498362860000040 2020 10  5 04:39:14.153354465961 28238056.7 -32776.3 -1.159368e-003
    8164 734.818470430000050 2020 10  5 04:39:18.473467826843 28237948.6 -32884.4 -1.163192e-003
    8212 739.138500430000020 2020 10  5 04:39:22.793500721455 28237847.7 -32985.3 -1.166761e-003
    8260 743.459139429999940 2020 10  5 04:39:27.114137113094 28237780.2 -33052.8 -1.169148e-003
    8308 747.778675290000140 2020 10  5 04:39:31.433687210083 28237687.0 -33146.0 -1.172445e-003
    8356 752.098774710000160 2020 10  5 04:39:35.753760337830 28237600.6 -33232.4 -1.175501e-003
    8404 756.418869289999980 2020 10  5 04:39:40.073873698711 28237519.2 -33313.8 -1.178381e-003
    8452 760.738938290000080 2020 10  5 04:39:44.393946826458 28237445.5 -33387.5 -1.180987e-003
    8500 765.059233429999950 2020 10  5 04:39:48.714221119881 28237362.8 -33470.2 -1.183913e-003
    8534 768.115962289999970 2020 10  5 04:39:51.770973801613 28300967.0 30134.0 1.065904e-003
    8582 772.436326570000010 2020 10  5 04:39:56.091328561306 28300742.0 29909.0 1.057945e-003
    8611 775.046133859999940 2020 10  5 04:39:58.701131343842 28300562.6 29729.6 1.051600e-003
    8630 776.755847430000020 2020 10  5 04:40:00.410838425159 28300480.5 29647.5 1.048696e-003
    8644 778.019319860000000 2020 10  5 04:40:01.674319803715 28237140.7 -33692.3 -1.191769e-003
    8678 781.075743290000100 2020 10  5 04:40:04.730750620365 28300223.9 29390.9 1.039619e-003
    8704 783.415813999999950 2020 10  5 04:40:07.070830464363 28300057.9 29224.9 1.033747e-003
    8726 785.395696859999930 2020 10  5 04:40:09.050703048706 28299951.3 29118.3 1.029977e-003
    8752 787.736079430000020 2020 10  5 04:40:11.391064524651 28299787.9 28954.9 1.024197e-003
    8755 788.005990860000000 2020 10  5 04:40:11.660988628864 28299773.3 28940.3 1.023680e-003
    8774 789.715572430000070 2020 10  5 04:40:13.370575010777 28299657.6 28824.6 1.019588e-003
    8800 792.055586429999950 2020 10  5 04:40:15.710574388504 28299496.5 28663.5 1.013889e-003
    8803 792.325542289999930 2020 10  5 04:40:15.980538725853 28299487.4 28654.4 1.013568e-003
    8822 794.035491429999980 2020 10  5 04:40:17.690487205982 28299358.4 28525.4 1.009005e-003
    8848 796.375731290000090 2020 10  5 04:40:20.030727982521 28299209.1 28376.1 1.003724e-003
    8851 796.645698570000040 2020 10  5 04:40:20.300692319870 28299158.4 28325.4 1.001930e-003
    8870 798.355422289999860 2020 10  5 04:40:22.010439634323 28299037.6 28204.6 9.976572e-004
    8899 800.965798859999950 2020 10  5 04:40:24.620805680752 28298849.4 28016.4 9.910002e-004
    8918 802.675462290000040 2020 10  5 04:40:26.330472528934 28298740.5 27907.5 9.871481e-004
    8966 806.995386000000050 2020 10  5 04:40:30.650384724140 28298395.7 27562.7 9.749518e-004
    9014 811.315203859999880 2020 10  5 04:40:34.970216453075 28298054.8 27221.8 9.628935e-004
    9062 815.635118859999920 2020 10  5 04:40:39.290128648281 28297675.3 26842.3 9.494697e-004
    9091 818.245173000000020 2020 10  5 04:40:41.900172829628 28297452.1 26619.1 9.415747e-004
    9110 819.954013709999910 2020 10  5 04:40:43.608994781971 28297334.9 26501.9 9.374290e-004
    9139 822.565214569999970 2020 10  5 04:40:46.220205724239 28297030.9 26197.9 9.266759e-004
    9158 824.274976430000150 2020 10  5 04:40:47.929993271828 28296885.9 26052.9 9.215470e-004
    9206 828.594916290000010 2020 10  5 04:40:52.249905467033 28296480.0 25647.0 9.071894e-004
    9235 831.205092000000040 2020 10  5 04:40:54.860110580921 28296210.0 25377.0 8.976389e-004
    9254 832.914836710000030 2020 10  5 04:40:56.569817662239 28296028.3 25195.3 8.912118e-004
    9283 835.525265429999880 2020 10  5 04:40:59.180264174938 28295754.8 24921.8 8.815375e-004
    9302 837.234775000000130 2020 10  5 04:41:00.889770090580 28295570.4 24737.4 8.750149e-004
    9321 838.944942289999970 2020 10  5 04:41:02.599959969521 28295392.6 24559.6 8.687257e-004
    9331 839.844772140000030 2020 10  5 04:41:03.499774038792 28295290.5 24457.5 8.651142e-004
    9350 841.554701290000030 2020 10  5 04:41:05.209682285786 28295097.5 24264.5 8.582874e-004
    9369 843.265077860000020 2020 10  5 04:41:06.920073330402 28294894.7 24061.7 8.511139e-004
    9379 844.164749710000020 2020 10  5 04:41:07.819766700268 28294791.0 23958.0 8.474458e-004
    9398 845.874643570000100 2020 10  5 04:41:09.529634714127 28294601.3 23768.3 8.407358e-004
    9427 848.484607289999990 2020 10  5 04:41:12.139598429203 28294281.8 23448.8 8.294344e-004
    9446 850.194579290000090 2020 10  5 04:41:13.849587142467 28294080.3 23247.3 8.223069e-004
    9465 851.904570860000040 2020 10  5 04:41:15.559575855732 28293836.4 23003.4 8.136796e-004
    9472 852.534907570000090 2020 10  5 04:41:16.189908385277 28293780.1 22947.1 8.116881e-004
    9475 852.804570000000010 2020 10  5 04:41:16.459550857544 28293763.0 22930.0 8.110833e-004
    9494 854.514515859999960 2020 10  5 04:41:18.169499337673 28293538.5 22705.5 8.031422e-004
    9513 856.224504860000020 2020 10  5 04:41:19.879488050938 28293319.6 22486.6 7.953993e-004
    9520 856.854511429999890 2020 10  5 04:41:20.509498715401 28293237.7 22404.7 7.925023e-004
    9523 857.124494710000020 2020 10  5 04:41:20.779503285885 28293200.8 22367.8 7.911971e-004
    9542 858.834451429999940 2020 10  5 04:41:22.489451766014 28292975.0 22142.0 7.832100e-004
    9561 860.544476710000030 2020 10  5 04:41:24.199480712414 28292729.2 21896.2 7.745156e-004
    9568 861.174538710000090 2020 10  5 04:41:24.829531610012 28292656.2 21823.2 7.719334e-004
    9571 861.444432000000010 2020 10  5 04:41:25.099415481091 28292631.1 21798.1 7.710456e-004
    9590 863.154399290000010 2020 10  5 04:41:26.809404194355 28292383.5 21550.5 7.622874e-004
    9609 864.864410429999910 2020 10  5 04:41:28.519392907619 28292141.7 21308.7 7.537344e-004
    9619 865.764377710000080 2020 10  5 04:41:29.419367909431 28292021.4 21188.4 7.494792e-004
    9638 867.474343860000090 2020 10  5 04:41:31.129356622696 28291778.0 20945.0 7.408696e-004
    9657 869.184345570000230 2020 10  5 04:41:32.839345335960 28291540.2 20707.2 7.324581e-004
    9667 870.084318290000060 2020 10  5 04:41:33.739320337772 28291395.8 20562.8 7.273503e-004
    9686 871.794285290000060 2020 10  5 04:41:35.449268817902 28291134.7 20301.7 7.181147e-004
    9705 873.504445430000030 2020 10  5 04:41:37.159458696842 28290856.4 20023.4 7.082706e-004
    9715 874.404256859999920 2020 10  5 04:41:38.059272766113 28290738.1 19905.1 7.040861e-004
    9734 876.114237710000000 2020 10  5 04:41:39.769221246243 28290476.6 19643.6 6.948363e-004
    9753 877.824314709999950 2020 10  5 04:41:41.479330658913 28290204.1 19371.1 6.851974e-004
    9755 878.004458140000000 2020 10  5 04:41:41.659454405308 28290204.7 19371.7 6.852186e-004
    9763 878.724204570000100 2020 10  5 04:41:42.379184961319 28290054.0 19221.0 6.798880e-004
    9782 880.434179999999970 2020 10  5 04:41:44.089173674583 28289779.5 18946.5 6.701783e-004
    9789 881.064187999999940 2020 10  5 04:41:44.719184339046 28289680.2 18847.2 6.666659e-004
    9801 882.144199139999960 2020 10  5 04:41:45.799202620983 28289505.7 18672.7 6.604934e-004
    9803 882.324174570000080 2020 10  5 04:41:45.979165434837 28289488.9 18655.9 6.598992e-004
    9811 883.044150289999950 2020 10  5 04:41:46.699137389660 28289355.9 18522.9 6.551947e-004
    9830 884.754143140000000 2020 10  5 04:41:48.409126102924 28289075.1 18242.1 6.452622e-004
    9837 885.384658859999940 2020 10  5 04:41:49.039659798145 28288970.5 18137.5 6.415623e-004
    9849 886.464138139999930 2020 10  5 04:41:50.119155049324 28288798.3 17965.3 6.354712e-004
    9851 886.644127709999910 2020 10  5 04:41:50.299117863178 28288755.3 17922.3 6.339502e-004
    9859 887.364103570000000 2020 10  5 04:41:51.019089818001 28288631.0 17798.0 6.295534e-004
    9863 887.724302710000070 2020 10  5 04:41:51.379297077656 28288570.9 17737.9 6.274276e-004
    9878 889.074137570000180 2020 10  5 04:41:52.729118764400 28288336.0 17503.0 6.191187e-004
    9885 889.704378140000130 2020 10  5 04:41:53.359370827675 28288210.2 17377.2 6.146688e-004
    9897 890.784839570000260 2020 10  5 04:41:54.439831674099 28288033.5 17200.5 6.084186e-004
    9899 890.964088289999950 2020 10  5 04:41:54.619070291519 28287995.6 17162.6 6.070780e-004
    9907 891.684059140000040 2020 10  5 04:41:55.339042246342 28287871.4 17038.4 6.026848e-004
    9911 892.044297289999920 2020 10  5 04:41:55.699289739132 28287803.0 16970.0 6.002653e-004
    9926 893.394233709999980 2020 10  5 04:41:57.049232125282 28287557.3 16724.3 5.915744e-004
    9945 895.104498000000040 2020 10  5 04:41:58.759502470493 28287255.9 16422.9 5.809132e-004
    9947 895.284056290000080 2020 10  5 04:41:58.939062952995 28287213.9 16380.9 5.794276e-004
    9955 896.004011289999990 2020 10  5 04:41:59.658994674683 28287089.5 16256.5 5.750273e-004
    9985 898.704342570000220 2020 10  5 04:42:02.359362244606 28286563.8 15730.8 5.564321e-004
    9993 899.424029709999900 2020 10  5 04:42:03.079012334347 28286461.2 15628.2 5.528030e-004
    9995 899.603990140000060 2020 10  5 04:42:03.258975148201 28286421.4 15588.4 5.513951e-004
   10003 900.323971290000030 2020 10  5 04:42:03.978987336159 28286281.3 15448.3 5.464395e-004
   10007 900.684117430000010 2020 10  5 04:42:04.339114129543 28286238.4 15405.4 5.449220e-004
   10029 902.663965139999960 2020 10  5 04:42:06.318946480751 28285816.6 14983.6 5.300021e-004
   10033 903.024686429999970 2020 10  5 04:42:06.679676771164 28285786.4 14953.4 5.289338e-004
   10041 903.743972290000100 2020 10  5 04:42:07.398964762688 28285618.7 14785.7 5.230019e-004
   10043 903.923950429999990 2020 10  5 04:42:07.578967809677 28285590.8 14757.8 5.220150e-004
   10051 904.643929289999960 2020 10  5 04:42:08.298939764500 28285447.7 14614.7 5.169533e-004
   10055 905.004344570000170 2020 10  5 04:42:08.659348189831 28285364.6 14531.6 5.140139e-004
   10063 905.724148860000010 2020 10  5 04:42:09.379159212112 28285223.9 14390.9 5.090370e-004
   10089 908.063958289999960 2020 10  5 04:42:11.718957424164 28284768.3 13935.3 4.929215e-004
   10091 908.243916290000020 2020 10  5 04:42:11.898920238018 28284715.5 13882.5 4.910538e-004
   10099 908.963892429999990 2020 10  5 04:42:12.618892192841 28284586.9 13753.9 4.865049e-004
   10137 912.383884710000070 2020 10  5 04:42:16.038869619370 28283893.1 13060.1 4.619637e-004
   10139 912.563882290000040 2020 10  5 04:42:16.218872666359 28283841.8 13008.8 4.601492e-004
   10147 913.283851860000140 2020 10  5 04:42:16.938844621181 28283702.5 12869.5 4.552218e-004
   10185 916.704100430000040 2020 10  5 04:42:20.359103679657 28282980.2 12147.2 4.296725e-004
   10187 916.883911140000010 2020 10  5 04:42:20.538905560970 28282948.4 12115.4 4.285477e-004
   10195 917.603825570000140 2020 10  5 04:42:21.258837282658 28282793.3 11960.3 4.230615e-004
   10233 921.024275999999990 2020 10  5 04:42:24.679257273674 28282077.3 11244.3 3.977350e-004
   10235 921.203812430000080 2020 10  5 04:42:24.858817756176 28282014.0 11181.0 3.954960e-004
   10243 921.923793430000050 2020 10  5 04:42:25.578789710999 28281857.7 11024.7 3.899673e-004
   10247 922.283973140000170 2020 10  5 04:42:25.938956737518 28281751.7 10918.7 3.862178e-004
   10283 925.523779710000100 2020 10  5 04:42:29.178770184517 28281053.2 10220.2 3.615104e-004
   10291 926.243764710000050 2020 10  5 04:42:29.898782372475 28280902.4 10069.4 3.561763e-004
   10295 926.603860290000060 2020 10  5 04:42:30.258868932724 28280838.1 10005.1 3.539018e-004
   10331 929.843757429999980 2020 10  5 04:42:33.498762845993 28280093.3 9260.3 3.275567e-004
   10339 930.563741570000160 2020 10  5 04:42:34.218734800816 28279929.6 9096.6 3.217663e-004
   10343 930.923751710000030 2020 10  5 04:42:34.578740894794 28279824.8 8991.8 3.180593e-004
   10379 934.163721570000120 2020 10  5 04:42:37.818715274334 28279097.0 8264.0 2.923154e-004
   10385 934.704144430000040 2020 10  5 04:42:38.359126746655 28278924.3 8091.3 2.862066e-004
   10387 934.883717710000040 2020 10  5 04:42:38.538727462292 28278932.3 8099.3 2.864896e-004
   10391 935.243727430000040 2020 10  5 04:42:38.898733556271 28278842.5 8009.5 2.833132e-004
   10414 937.314105289999930 2020 10  5 04:42:40.969090461731 28278373.2 7540.2 2.667130e-004
   10425 938.304215289999890 2020 10  5 04:42:41.959227919579 28278140.2 7307.2 2.584713e-004
   10427 938.483695860000010 2020 10  5 04:42:42.138707935810 28278090.2 7257.2 2.567027e-004
   10433 939.023739140000090 2020 10  5 04:42:42.678757309914 28277968.6 7135.6 2.524015e-004
   10435 939.203699430000030 2020 10  5 04:42:42.858679890633 28277912.1 7079.1 2.504030e-004
   10439 939.563716290000000 2020 10  5 04:42:43.218726217747 28277840.8 7007.8 2.478809e-004
   10447 940.283737140000200 2020 10  5 04:42:43.938738405704 28277660.0 6827.0 2.414856e-004
   10462 941.633920429999990 2020 10  5 04:42:45.288922190666 28277312.5 6479.5 2.291938e-004
   10473 942.624079570000160 2020 10  5 04:42:46.279059648514 28277077.9 6244.9 2.208955e-004
   10475 942.803684429999980 2020 10  5 04:42:46.458700597286 28277060.6 6227.6 2.202836e-004
   10481 943.343692429999920 2020 10  5 04:42:46.998709738255 28276920.4 6087.4 2.153244e-004
   10483 943.523680290000020 2020 10  5 04:42:47.178672552109 28276885.6 6052.6 2.140934e-004
   10487 943.883706430000070 2020 10  5 04:42:47.538718879223 28276793.5 5960.5 2.108357e-004
   10510 945.953697429999920 2020 10  5 04:42:49.608713686466 28276291.7 5458.7 1.930859e-004
   10521 946.943674139999980 2020 10  5 04:42:50.598690211773 28276068.2 5235.2 1.851803e-004
   10523 947.123660859999970 2020 10  5 04:42:50.778653025627 28276020.3 5187.3 1.834859e-004
   10529 947.663682999999990 2020 10  5 04:42:51.318702399731 28275885.0 5052.0 1.787001e-004
   10531 947.843667999999870 2020 10  5 04:42:51.498665213585 28275844.6 5011.6 1.772710e-004
   10535 948.203724860000080 2020 10  5 04:42:51.858711540699 28275752.6 4919.6 1.740168e-004
   10558 950.273673140000140 2020 10  5 04:42:53.928666114807 28275239.2 4406.2 1.558567e-004
   10569 951.264221139999900 2020 10  5 04:42:54.919205904007 28274983.9 4150.9 1.468262e-004
   10571 951.443654139999920 2020 10  5 04:42:55.098645687103 28274965.4 4132.4 1.461719e-004
   10577 951.983675290000060 2020 10  5 04:42:55.638695061207 28274825.5 3992.5 1.412233e-004
   10579 952.163667709999910 2020 10  5 04:42:55.818657875061 28274774.2 3941.2 1.394087e-004
   10583 952.523684570000110 2020 10  5 04:42:56.178704202175 28274691.1 3858.1 1.364693e-004
   10606 954.593667709999980 2020 10  5 04:42:58.248658776283 28274190.0 3357.0 1.187443e-004
   10617 955.583670430000100 2020 10  5 04:42:59.238675534725 28273945.8 3112.8 1.101064e-004
   10619 955.763637290000020 2020 10  5 04:42:59.418638348579 28273901.1 3068.1 1.085253e-004
   10625 956.303678570000100 2020 10  5 04:42:59.958687722683 28273768.1 2935.1 1.038208e-004
   10631 956.843707290000000 2020 10  5 04:43:00.498696863651 28273640.8 2807.8 9.931791e-005
   10654 958.913654709999950 2020 10  5 04:43:02.568651437759 28273142.9 2309.9 8.170612e-005
   10657 959.183737000000180 2020 10  5 04:43:02.838736474514 28273048.2 2215.2 7.835638e-005
   10665 959.903675290000020 2020 10  5 04:43:03.558668196201 28272885.6 2052.6 7.260486e-005
   10667 960.083636710000060 2020 10  5 04:43:03.738631010056 28272835.6 2002.6 7.083626e-005
   10673 960.623956710000020 2020 10  5 04:43:04.278962016106 28272671.7 1838.7 6.503876e-005
   10675 960.803953570000090 2020 10  5 04:43:04.458965063095 28272637.2 1804.2 6.381842e-005
   10679 961.163653709999950 2020 10  5 04:43:04.818649291992 28272561.5 1728.5 6.114075e-005
   10687 961.883678860000030 2020 10  5 04:43:05.538661479950 28272380.6 1547.6 5.474193e-005
   10699 962.963671429999980 2020 10  5 04:43:06.618679761887 28272106.6 1273.6 4.504996e-005
   10702 963.233654710000000 2020 10  5 04:43:06.888644099236 28272048.2 1215.2 4.298423e-005
   10705 963.503977570000190 2020 10  5 04:43:07.158970534801 28271972.4 1139.4 4.030302e-005
   10713 964.224265999999940 2020 10  5 04:43:07.879264354706 28271807.0  974.0 3.445247e-005
   10715 964.403632290000020 2020 10  5 04:43:08.058623671532 28271760.4  927.4 3.280413e-005
   10721 964.943815139999970 2020 10  5 04:43:08.598833978176 28271612.3  779.3 2.756551e-005
   10723 965.123651999999990 2020 10  5 04:43:08.778635859489 28271579.2  746.2 2.639469e-005
   10727 965.483639430000040 2020 10  5 04:43:09.138641953468 28271491.7  658.7 2.329963e-005
   10735 966.203704000000130 2020 10  5 04:43:09.858694374561 28271300.8  467.8 1.654709e-005
   10747 967.283720710000130 2020 10  5 04:43:10.938712656498 28271053.3  220.3 7.792484e-006
   10750 967.553651289999950 2020 10  5 04:43:11.208636760712 28270975.0  142.0 5.022845e-006
   10763 968.723629429999960 2020 10  5 04:43:12.378616333008 28270677.3 -155.7 -5.507443e-006
   10766 968.993928289999990 2020 10  5 04:43:12.648942768574 28270595.3 -237.7 -8.407959e-006
   10769 969.263639710000010 2020 10  5 04:43:12.918625473976 28270539.7 -293.3 -1.037465e-005
   10771 969.443639999999960 2020 10  5 04:43:13.098628520966 28270496.7 -336.3 -1.189565e-005
   10775 969.803652999999940 2020 10  5 04:43:13.458634614944 28270403.9 -429.1 -1.517819e-005
   10783 970.523675860000030 2020 10  5 04:43:14.178687036037 28270225.2 -607.8 -2.149919e-005
   10795 971.603667999999970 2020 10  5 04:43:15.258665084839 28269966.5 -866.5 -3.064996e-005
   10798 971.873651999999990 2020 10  5 04:43:15.528669655323 28269889.5 -943.5 -3.337362e-005
   10811 973.043630570000120 2020 10  5 04:43:16.698649227619 28269602.9 -1230.1 -4.351128e-005
   10814 973.313837000000040 2020 10  5 04:43:16.968854963779 28269525.1 -1307.9 -4.626323e-005
   10817 973.583645430000050 2020 10  5 04:43:17.238658368587 28269462.4 -1370.6 -4.848106e-005
   10819 973.763650429999980 2020 10  5 04:43:17.418661415577 28269424.0 -1409.0 -4.983935e-005
   10823 974.123641860000020 2020 10  5 04:43:17.778627276421 28269326.0 -1507.0 -5.330582e-005
   10843 975.923842290000040 2020 10  5 04:43:19.578858911991 28268886.9 -1946.1 -6.883773e-005
   10846 976.193768430000090 2020 10  5 04:43:19.848783016205 28268806.4 -2026.6 -7.168519e-005
   10859 977.363633999999930 2020 10  5 04:43:21.018641889095 28268522.7 -2310.3 -8.172027e-005
   10865 977.903648570000090 2020 10  5 04:43:21.558651030064 28268391.6 -2441.4 -8.635755e-005
   10867 978.083662290000010 2020 10  5 04:43:21.738654077053 28268345.3 -2487.7 -8.799528e-005
   10871 978.443652999999930 2020 10  5 04:43:22.098660171032 28268261.9 -2571.1 -9.094532e-005
   10891 980.243681860000040 2020 10  5 04:43:23.898690640926 28267815.9 -3017.1 -1.067213e-004
   10897 980.783753430000160 2020 10  5 04:43:24.438740015030 28267654.5 -3178.5 -1.124304e-004
   10907 981.683646860000070 2020 10  5 04:43:25.338634550571 28267457.4 -3375.6 -1.194022e-004
   10913 982.223656000000010 2020 10  5 04:43:25.878643691540 28267324.2 -3508.8 -1.241138e-004
   10915 982.403681430000010 2020 10  5 04:43:26.058686971664 28267272.9 -3560.1 -1.259284e-004
   10919 982.763665709999940 2020 10  5 04:43:26.418652832508 28267197.8 -3635.2 -1.285848e-004
   10939 984.563673859999990 2020 10  5 04:43:28.218683302402 28266747.1 -4085.9 -1.445270e-004
   10945 985.103678570000170 2020 10  5 04:43:28.758692443371 28266627.4 -4205.6 -1.487611e-004
   10955 986.003658429999970 2020 10  5 04:43:29.658667445183 28266398.5 -4434.5 -1.568578e-004
   10961 986.543656999999940 2020 10  5 04:43:30.198676586151 28266266.8 -4566.2 -1.615163e-004
   10967 987.083671710000090 2020 10  5 04:43:30.738685727119 28266138.9 -4694.1 -1.660404e-004
   10975 987.804168709999890 2020 10  5 04:43:31.459180712700 28265943.2 -4889.8 -1.729627e-004
   10987 988.883677860000030 2020 10  5 04:43:32.538675963879 28265698.3 -5134.7 -1.816254e-004
   10993 989.423689859999970 2020 10  5 04:43:33.078685104847 28265543.3 -5289.7 -1.871080e-004
   11003 990.323677289999980 2020 10  5 04:43:33.978660106659 28265350.3 -5482.7 -1.939349e-004
   11009 990.863670139999950 2020 10  5 04:43:34.518669247627 28265216.1 -5616.9 -1.986818e-004
   11015 991.403693709999970 2020 10  5 04:43:35.058678388596 28265076.7 -5756.3 -2.036127e-004
   11023 992.123696709999990 2020 10  5 04:43:35.778690576553 28264902.0 -5931.0 -2.097922e-004
   11035 993.203756860000110 2020 10  5 04:43:36.858749091625 28264655.4 -6177.6 -2.185150e-004
   11051 994.643687140000000 2020 10  5 04:43:38.298693001270 28264307.1 -6525.9 -2.308351e-004
   11054 994.913797860000050 2020 10  5 04:43:38.568778038025 28264225.0 -6608.0 -2.337391e-004
   11057 995.183694710000050 2020 10  5 04:43:38.838702142239 28264185.5 -6647.5 -2.351363e-004
   11063 995.723701860000120 2020 10  5 04:43:39.378711283207 28264054.4 -6778.6 -2.397736e-004
   11071 996.443710000000010 2020 10  5 04:43:40.098723471165 28263879.3 -6953.7 -2.459673e-004
   11083 997.523743860000080 2020 10  5 04:43:41.178741753101 28263617.6 -7215.4 -2.552242e-004
   11089 998.064141429999950 2020 10  5 04:43:41.719153225422 28263511.1 -7321.9 -2.589913e-004
   11099 998.963708709999990 2020 10  5 04:43:42.618725895882 28263281.3 -7551.7 -2.671198e-004
   11102 999.233741140000120 2020 10  5 04:43:42.888730466366 28263233.6 -7599.4 -2.688071e-004
   11105 999.503710710000060 2020 10  5 04:43:43.158694803715 28263155.5 -7677.5 -2.715696e-004
   11111 1000.043726430000000 2020 10  5 04:43:43.698744177818 28263029.6 -7803.4 -2.760230e-004
   11119 1000.763747290000100 2020 10  5 04:43:44.418756365776 28262858.7 -7974.3 -2.820681e-004
   11131 1001.844174290000000 2020 10  5 04:43:45.499176979065 28262631.1 -8201.9 -2.901188e-004
   11147 1003.283728860000100 2020 10  5 04:43:46.938718557358 28262284.9 -8548.1 -3.023646e-004
   11150 1003.553757570000100 2020 10  5 04:43:47.208763360977 28262227.0 -8606.0 -3.044127e-004
   11153 1003.823732570000200 2020 10  5 04:43:47.478727698326 28262157.1 -8675.9 -3.068852e-004
   11155 1004.003761000000100 2020 10  5 04:43:47.658770978451 28262123.9 -8709.1 -3.080595e-004
   11159 1004.363760860000000 2020 10  5 04:43:48.018777072430 28262041.6 -8791.4 -3.109707e-004
   11167 1005.083782570000300 2020 10  5 04:43:48.738789260387 28261866.1 -8966.9 -3.171785e-004
   11195 1007.603760290000100 2020 10  5 04:43:51.258751451969 28261295.8 -9537.2 -3.373512e-004
   11201 1008.143754710000100 2020 10  5 04:43:51.798760592937 28261165.4 -9667.6 -3.419637e-004
   11207 1008.683917290000100 2020 10  5 04:43:52.338930666447 28261049.2 -9783.8 -3.460740e-004
   11215 1009.403950290000000 2020 10  5 04:43:53.058942854404 28260876.9 -9956.1 -3.521686e-004
   11243 1011.923780000000100 2020 10  5 04:43:55.578784346581 28260320.9 -10512.1 -3.718355e-004
   11249 1012.463781570000200 2020 10  5 04:43:56.118793487549 28260202.5 -10630.5 -3.760236e-004
   11251 1012.644356140000000 2020 10  5 04:43:56.299359798431 28260182.2 -10650.8 -3.767416e-004
   11255 1013.003797710000100 2020 10  5 04:43:56.658802628517 28260083.0 -10750.0 -3.802506e-004
   11281 1015.343836140000000 2020 10  5 04:43:58.998842239380 28259580.4 -11252.6 -3.980286e-004
   11291 1016.243814570000200 2020 10  5 04:43:59.898817241192 28259374.1 -11458.9 -4.053259e-004
   11297 1016.783811140000100 2020 10  5 04:44:00.438826382160 28259264.0 -11569.0 -4.092203e-004
   11303 1017.323832290000000 2020 10  5 04:44:00.978835523129 28259150.5 -11682.5 -4.132351e-004
   11311 1018.043901290000000 2020 10  5 04:44:01.698887944221 28259006.6 -11826.4 -4.183251e-004
   11329 1019.663864000000000 2020 10  5 04:44:03.318875133991 28258650.9 -12182.1 -4.309070e-004
   11339 1020.563853860000000 2020 10  5 04:44:04.218850135803 28258454.7 -12378.3 -4.378470e-004
   11345 1021.103843000000100 2020 10  5 04:44:04.758859276772 28258343.1 -12489.9 -4.417946e-004
   11351 1021.643874290000100 2020 10  5 04:44:05.298868417740 28258236.6 -12596.4 -4.455617e-004
   11359 1022.363864139999900 2020 10  5 04:44:06.018880605698 28258075.5 -12757.5 -4.512601e-004
   11377 1023.983883000000100 2020 10  5 04:44:07.638867795467 28257739.2 -13093.8 -4.631558e-004
   11387 1024.883899859999900 2020 10  5 04:44:08.538883030415 28257551.3 -13281.7 -4.698022e-004
   11393 1025.423880140000200 2020 10  5 04:44:09.078892171383 28257440.0 -13393.0 -4.737391e-004
   11399 1025.963894140000100 2020 10  5 04:44:09.618901312351 28257347.6 -13485.4 -4.770075e-004
   11407 1026.683901289999800 2020 10  5 04:44:10.338913500309 28257181.6 -13651.4 -4.828793e-004
   11425 1028.303918859999800 2020 10  5 04:44:11.958900690079 28256866.5 -13966.5 -4.940251e-004
   11435 1029.204082710000000 2020 10  5 04:44:12.859076857567 28256670.9 -14162.1 -5.009439e-004
   11441 1029.743912569999800 2020 10  5 04:44:13.398925065994 28256568.5 -14264.5 -5.045660e-004
   11447 1030.284083140000100 2020 10  5 04:44:13.939095139503 28256462.1 -14370.9 -5.083296e-004
   11455 1031.003934709999800 2020 10  5 04:44:14.658946394920 28256318.8 -14514.2 -5.133984e-004
   11457 1031.184389709999800 2020 10  5 04:44:14.839392006397 28256314.1 -14518.9 -5.135646e-004
   11461 1031.544153430000100 2020 10  5 04:44:15.199156701565 28256216.3 -14616.7 -5.170240e-004
   11473 1032.623974709999900 2020 10  5 04:44:16.278973817825 28256007.5 -14825.5 -5.244097e-004
   11480 1033.253974710000000 2020 10  5 04:44:16.908984482288 28255914.6 -14918.4 -5.276958e-004
   11483 1033.524017860000000 2020 10  5 04:44:17.179029285908 28255842.5 -14990.5 -5.302461e-004
   11489 1034.063951570000000 2020 10  5 04:44:17.718957960606 28255725.5 -15107.5 -5.343847e-004
   11495 1034.603985000000000 2020 10  5 04:44:18.258967101574 28255613.8 -15219.2 -5.383357e-004
   11503 1035.323967860000000 2020 10  5 04:44:18.978979289532 28255488.5 -15344.5 -5.427679e-004
   11509 1035.864736859999800 2020 10  5 04:44:19.519752860069 28255382.3 -15450.7 -5.465244e-004
   11528 1037.574905859999900 2020 10  5 04:44:21.229902505875 28255071.2 -15761.8 -5.575287e-004
   11531 1037.844023709999900 2020 10  5 04:44:21.499021947384 28255022.1 -15810.9 -5.592654e-004
   11534 1038.114104569999700 2020 10  5 04:44:21.769106984138 28254954.7 -15878.3 -5.616495e-004
   11537 1038.383998569999700 2020 10  5 04:44:22.038990855217 28254907.4 -15925.6 -5.633226e-004
   11551 1039.644014429999700 2020 10  5 04:44:23.299012184143 28254678.9 -16154.1 -5.714052e-004
   11557 1040.184205709999800 2020 10  5 04:44:23.839222490788 28254571.3 -16261.7 -5.752112e-004
   11579 1042.164326859999600 2020 10  5 04:44:25.819336473942 28254218.9 -16614.1 -5.876764e-004
   11585 1042.704045000000000 2020 10  5 04:44:26.359063982964 28254121.2 -16711.8 -5.911322e-004
   11599 1043.964061430000100 2020 10  5 04:44:27.619045078754 28253887.8 -16945.2 -5.993881e-004
   11605 1044.504069140000200 2020 10  5 04:44:28.159054219723 28253794.2 -17038.8 -6.026989e-004
   11617 1045.584355000000000 2020 10  5 04:44:29.239354133606 28253605.0 -17228.0 -6.093913e-004
   11633 1047.024097000000000 2020 10  5 04:44:30.679096877575 28253344.3 -17488.7 -6.186128e-004
   11647 1048.284159860000000 2020 10  5 04:44:31.939158439636 28253137.1 -17695.9 -6.259419e-004
   11653 1048.824125289999800 2020 10  5 04:44:32.479127347469 28253022.4 -17810.6 -6.299991e-004
   11665 1049.904130289999800 2020 10  5 04:44:33.559145629406 28252838.1 -17994.9 -6.365182e-004
   11681 1051.344144289999600 2020 10  5 04:44:34.999129772186 28252600.7 -18232.3 -6.449156e-004
   11693 1052.424198709999900 2020 10  5 04:44:36.079188287258 28252427.6 -18405.4 -6.510385e-004
   11695 1052.604157569999900 2020 10  5 04:44:36.259151101112 28252393.6 -18439.4 -6.522411e-004
   11701 1053.144162859999800 2020 10  5 04:44:36.799160242081 28252305.5 -18527.5 -6.553574e-004
   11713 1054.224162000000000 2020 10  5 04:44:37.879178524017 28252129.0 -18704.0 -6.616006e-004
   11729 1055.664185140000000 2020 10  5 04:44:39.319202899933 28251889.5 -18943.5 -6.700722e-004
   11741 1056.744211709999900 2020 10  5 04:44:40.399221181870 28251709.7 -19123.3 -6.764321e-004
   11743 1056.924300859999900 2020 10  5 04:44:40.579304695129 28251692.7 -19140.3 -6.770335e-004
   11749 1057.464209430000000 2020 10  5 04:44:41.119193136692 28251603.2 -19229.8 -6.801993e-004
   11761 1058.544220429999800 2020 10  5 04:44:42.199211418629 28251428.0 -19405.0 -6.863965e-004
   11777 1059.984247859999900 2020 10  5 04:44:43.639235794544 28251200.2 -19632.8 -6.944542e-004
   11797 1061.784258569999800 2020 10  5 04:44:45.439266264439 28250926.3 -19906.7 -7.041427e-004
   11809 1062.864274999999900 2020 10  5 04:44:46.519284546375 28250759.7 -20073.3 -7.100357e-004
   11825 1064.304287569999800 2020 10  5 04:44:47.959268689156 28250535.1 -20297.9 -7.179803e-004
   11845 1066.104318289999600 2020 10  5 04:44:49.759299159050 28250269.8 -20563.2 -7.273645e-004
   11857 1067.184329569999600 2020 10  5 04:44:50.839317440987 28250112.6 -20720.4 -7.329250e-004
   11873 1068.624361429999900 2020 10  5 04:44:52.279341816902 28249893.0 -20940.0 -7.406927e-004
   11893 1070.424361430000100 2020 10  5 04:44:54.079372286797 28249645.2 -21187.8 -7.494579e-004
   11905 1071.504377000000000 2020 10  5 04:44:55.159390568733 28249492.0 -21341.0 -7.548769e-004
   11921 1072.944414289999700 2020 10  5 04:44:56.599414944649 28249285.5 -21547.5 -7.621813e-004
   11924 1073.214815289999900 2020 10  5 04:44:56.869821846485 28249246.4 -21586.6 -7.635643e-004
   11941 1074.744418999999900 2020 10  5 04:44:58.399405181408 28249033.9 -21799.1 -7.710809e-004
   11953 1075.824433569999700 2020 10  5 04:44:59.479423463345 28248895.7 -21937.3 -7.759694e-004
   11969 1077.264481709999900 2020 10  5 04:45:00.919488072395 28248696.7 -22136.3 -7.830084e-004
   11972 1077.534599430000100 2020 10  5 04:45:01.189613342285 28248663.4 -22169.6 -7.841863e-004
   11981 1078.344591140000100 2020 10  5 04:45:01.999586820602 28248555.5 -22277.5 -7.880030e-004
   11989 1079.064491709999900 2020 10  5 04:45:02.719478309155 28248464.9 -22368.1 -7.912077e-004
   12001 1080.144500859999900 2020 10  5 04:45:03.799496591091 28248318.9 -22514.1 -7.963720e-004
   12017 1081.584535999999800 2020 10  5 04:45:05.239520967007 28248135.6 -22697.4 -8.028557e-004
   12020 1081.854546289999700 2020 10  5 04:45:05.509565770626 28248096.5 -22736.5 -8.042388e-004
   12029 1082.664546569999600 2020 10  5 04:45:06.319539248943 28247992.6 -22840.4 -8.079139e-004
   12037 1083.384543709999900 2020 10  5 04:45:07.039551436901 28247896.5 -22936.5 -8.113132e-004
   12049 1084.464558710000100 2020 10  5 04:45:08.119569718838 28247766.3 -23066.7 -8.159187e-004
   12065 1085.905267430000300 2020 10  5 04:45:09.560278058052 28247604.5 -23228.5 -8.216419e-004
   12068 1086.174604569999700 2020 10  5 04:45:09.829598665237 28247547.2 -23285.8 -8.236687e-004
   12077 1086.984603140000200 2020 10  5 04:45:10.639612376690 28247449.3 -23383.7 -8.271316e-004
   12085 1087.704602289999900 2020 10  5 04:45:11.359584331512 28247366.3 -23466.7 -8.300675e-004
   12097 1088.784620569999800 2020 10  5 04:45:12.439602613449 28247237.5 -23595.5 -8.346234e-004
   12116 1090.495124710000000 2020 10  5 04:45:14.150114357471 28247045.9 -23787.1 -8.414007e-004
   12125 1091.304659140000200 2020 10  5 04:45:14.959645271301 28246944.0 -23889.0 -8.450052e-004
   12133 1092.024679430000100 2020 10  5 04:45:15.679697692394 28246858.3 -23974.7 -8.480366e-004
   12145 1093.104694709999900 2020 10  5 04:45:16.759675741196 28246731.1 -24101.9 -8.525359e-004
   12164 1094.814743859999900 2020 10  5 04:45:18.469744920731 28246526.9 -24306.1 -8.597589e-004
   12173 1095.624722859999800 2020 10  5 04:45:19.279718399048 28246452.0 -24381.0 -8.624083e-004
   12181 1096.344741140000000 2020 10  5 04:45:19.999730587006 28246378.5 -24454.5 -8.650081e-004
   12193 1097.424764430000100 2020 10  5 04:45:21.079748868942 28246250.2 -24582.8 -8.695464e-004
   12212 1099.134857710000000 2020 10  5 04:45:22.789858281612 28246057.8 -24775.2 -8.763520e-004
   12221 1099.944785860000100 2020 10  5 04:45:23.599791526794 28245978.5 -24854.5 -8.791570e-004
   12229 1100.664806999999900 2020 10  5 04:45:24.319803714752 28245902.7 -24930.3 -8.818382e-004
   12241 1101.744824140000000 2020 10  5 04:45:25.399821996689 28245793.6 -25039.4 -8.856973e-004
   12257 1103.184886289999700 2020 10  5 04:45:26.839886605740 28245620.6 -25212.4 -8.918167e-004
   12260 1103.454962430000000 2020 10  5 04:45:27.109971642494 28245600.3 -25232.7 -8.925347e-004
   12269 1104.264847140000000 2020 10  5 04:45:27.919864654541 28245519.5 -25313.5 -8.953928e-004
   12277 1104.984872289999900 2020 10  5 04:45:28.639876842499 28245454.4 -25378.6 -8.976955e-004
   12289 1106.065077140000300 2020 10  5 04:45:29.720096290112 28245349.1 -25483.9 -9.014202e-004
   12317 1108.584917859999900 2020 10  5 04:45:32.239937782288 28245085.9 -25747.1 -9.107302e-004
   12325 1109.304943709999900 2020 10  5 04:45:32.959949970245 28245022.4 -25810.6 -9.129763e-004
   12365 1112.904994289999900 2020 10  5 04:45:36.560010910034 28244672.5 -26160.5 -9.253530e-004
   12373 1113.625021860000100 2020 10  5 04:45:37.280023097992 28244583.9 -26249.1 -9.284870e-004
   12401 1116.145151290000100 2020 10  5 04:45:39.800146222115 28244407.2 -26425.8 -9.347372e-004
   12413 1117.225051290000200 2020 10  5 04:45:40.880043804646 28244274.1 -26558.9 -9.394453e-004
   12421 1117.945184430000200 2020 10  5 04:45:41.600176692009 28244209.1 -26623.9 -9.417444e-004
   12449 1120.465129290000000 2020 10  5 04:45:44.120138883591 28243968.1 -26864.9 -9.502691e-004
   12461 1121.545124140000100 2020 10  5 04:45:45.200116932392 28243887.8 -26945.2 -9.531095e-004
   12469 1122.265174290000000 2020 10  5 04:45:45.920169353485 28243792.9 -27040.1 -9.564663e-004
   12497 1124.785580710000200 2020 10  5 04:45:48.440574109554 28243619.6 -27213.4 -9.625963e-004
   12509 1125.865200140000100 2020 10  5 04:45:49.520190060139 28243523.1 -27309.9 -9.660097e-004
   12517 1126.585395569999900 2020 10  5 04:45:50.240403413773 28243484.6 -27348.4 -9.673716e-004
   12532 1127.935564570000200 2020 10  5 04:45:51.590546965599 28243344.1 -27488.9 -9.723414e-004
   12557 1130.185278140000000 2020 10  5 04:45:53.840263187885 28243172.0 -27661.0 -9.784289e-004
   12565 1130.905432000000000 2020 10  5 04:45:54.560436308384 28243121.1 -27711.9 -9.802293e-004
   12580 1132.255333860000100 2020 10  5 04:45:55.910338461399 28243021.4 -27811.6 -9.837559e-004
   12605 1134.505348859999900 2020 10  5 04:45:58.160336315632 28242842.0 -27991.0 -9.901017e-004
   12613 1135.225410140000100 2020 10  5 04:45:58.880428969860 28242795.3 -28037.7 -9.917536e-004
   12628 1136.575441999999800 2020 10  5 04:46:00.230451822281 28242689.3 -28143.7 -9.955030e-004
   12641 1137.746144569999800 2020 10  5 04:46:01.401155591011 28242615.1 -28217.9 -9.981276e-004
   12653 1138.825427289999900 2020 10  5 04:46:02.480409443378 28242520.9 -28312.1 -1.001460e-003
   12661 1139.545474710000000 2020 10  5 04:46:03.200461864471 28242469.1 -28363.9 -1.003292e-003
   12676 1140.895480569999800 2020 10  5 04:46:04.550484716892 28242365.3 -28467.7 -1.006964e-003
   12701 1143.145492569999800 2020 10  5 04:46:06.800482571125 28242214.2 -28618.8 -1.012308e-003
   12709 1143.865551290000200 2020 10  5 04:46:07.520534992218 28242172.4 -28660.6 -1.013787e-003
   12724 1145.215541140000400 2020 10  5 04:46:08.870557844639 28242079.4 -28753.6 -1.017077e-003
   12749 1147.465578290000200 2020 10  5 04:46:11.120595932007 28241922.1 -28910.9 -1.022641e-003
   12757 1148.185656430000100 2020 10  5 04:46:11.840648353100 28241863.0 -28970.0 -1.024731e-003
   12772 1149.535615570000100 2020 10  5 04:46:13.190630972385 28241780.8 -29052.2 -1.027639e-003
   12797 1151.785666000000200 2020 10  5 04:46:15.440669059753 28241627.1 -29205.9 -1.033075e-003
   12820 1153.855729570000000 2020 10  5 04:46:17.510744333267 28241513.2 -29319.8 -1.037104e-003
   12845 1156.105735710000100 2020 10  5 04:46:19.760742187500 28241367.0 -29466.0 -1.042276e-003
   12853 1156.825778710000100 2020 10  5 04:46:20.480794608593 28241313.9 -29519.1 -1.044154e-003
   12868 1158.175777710000100 2020 10  5 04:46:21.830777227879 28241248.6 -29584.4 -1.046464e-003
   12893 1160.425817430000300 2020 10  5 04:46:24.080815315247 28241115.2 -29717.8 -1.051182e-003
   12901 1161.145856570000000 2020 10  5 04:46:24.800867736340 28241071.3 -29761.7 -1.052735e-003
   12916 1162.495850140000400 2020 10  5 04:46:26.150850355625 28240987.1 -29845.9 -1.055713e-003
