     3  0.32911529  28288540.60  
    14  1.31888743  28288381.50  
    25  2.30883143  28288216.20  
    29  2.66882457  28288155.30  
    43  3.92882214  28287936.40  
    45  4.10904457  28287917.50  
    62  5.63909229  28287667.90  
    73  6.62877843  28287498.70  
    77  6.98877429  28287435.40  
    91  8.24877586  28287216.40  
   118  10.67913300  28286770.50  
   121  10.94873471  28286755.50  
   125  11.30873571  28286688.50  
   139  12.56876686  28286494.30  
   155  14.00872286  28286227.90  
   158  14.27872557  28286172.30  
   169  15.26869714  28285984.80  
   173  15.62868843  28285925.80  
   187  16.88872414  28285700.40  
   203  18.32899229  28285439.70  
   206  18.59883143  28285368.20  
   217  19.58866757  28285206.60  
   221  19.94866471  28285147.80  
   235  21.20869686  28284902.10  
   237  21.38866229  28284877.20  
   251  22.64914257  28284626.50  
   265  23.90861100  28284399.40  
   269  24.26861843  28284331.80  
   283  25.52868729  28284090.40  
   285  25.70862929  28284045.20  
   299  26.96862000  28283798.70  
   313  28.22858357  28283558.90  
   317  28.58859157  28283506.90  
   331  29.84861100  28283254.30  
   347  31.28875843  28282972.50  
   361  32.54854700  28282709.30  
   365  32.90857143  28282643.20  
   376  33.89854871  28282439.30  
   379  34.16854829  28282394.00  
   381  34.34855400  28282366.20  
   395  35.60855643  28282095.70  
   403  36.32901029  28281968.40  
   409  36.86851357  28281832.90  
   424  38.21853300  28281557.90  
   427  38.48850743  28281504.40  
   443  39.92868357  28281195.90  
   457  41.18849357  28280935.70  
   461  41.54895200  28280887.10  
   472  42.53848786  28280657.30  
   475  42.80848229  28280605.00  
   491  44.24850486  28280282.80  
   505  45.50846543  28280025.20  
   509  45.86876086  28279963.50  
   520  46.85847186  28279741.10  
   523  47.12845629  28279677.00  
   539  48.56845986  28279372.90  
   550  49.55914357  28279128.60  
   553  49.82844557  28279097.70  
   557  50.18846871  28279012.70  
   568  51.17844914  28278798.60  
   571  51.44843143  28278744.20  
   587  52.88844900  28278422.40  
   601  54.14842229  28278148.80  
   605  54.50844414  28278080.30  
   621  55.94878471  28277756.50  
   635  57.20844743  28277465.20  
