       3 0.296142930000000 2019 11 14 09:09:22.356126308441 28252505.4 -18327.6 -6.482865e-004
      11 1.015836860000000 2019 11 14 09:09:23.075856864452 28252401.9 -18431.1 -6.519475e-004
      23 2.095843710000000 2019 11 14 09:09:24.155834913254 28252212.2 -18620.8 -6.586576e-004
      39 3.535856070000000 2019 11 14 09:09:25.595859289169 28251966.7 -18866.3 -6.673415e-004
      51 4.616161070000000 2019 11 14 09:09:26.676159203053 28251776.8 -19056.2 -6.740587e-004
      59 5.335884069999999 2019 11 14 09:09:27.395889759064 28251662.8 -19170.2 -6.780911e-004
      71 6.415887929999999 2019 11 14 09:09:28.475908041000 28251480.2 -19352.8 -6.845500e-004
      87 7.855905499999999 2019 11 14 09:09:29.915892183781 28251249.5 -19583.5 -6.927104e-004
      90 8.126152290000000 2019 11 14 09:09:30.186138153076 28251190.3 -19642.7 -6.948044e-004
     107 9.655929640000000 2019 11 14 09:09:31.715922653675 28250957.0 -19876.0 -7.030568e-004
     119 10.735941429999999 2019 11 14 09:09:32.795940935612 28250786.0 -20047.0 -7.091054e-004
     135 12.175962640000000 2019 11 14 09:09:34.235965311527 28250553.4 -20279.6 -7.173329e-004
     138 12.445978859999999 2019 11 14 09:09:34.505969882011 28250516.6 -20316.4 -7.186346e-004
     155 13.975976210000002 2019 11 14 09:09:36.035995781422 28250276.2 -20556.8 -7.271381e-004
     167 15.055991930000001 2019 11 14 09:09:37.115973830223 28250103.2 -20729.8 -7.332575e-004
     183 16.496035429999999 2019 11 14 09:09:38.556038439274 28249893.3 -20939.7 -7.406821e-004
     186 16.766233789999998 2019 11 14 09:09:38.826244175434 28249853.2 -20979.8 -7.421005e-004
     203 18.296037499999997 2019 11 14 09:09:40.356028676033 28249624.3 -21208.7 -7.501972e-004
     215 19.376049139999999 2019 11 14 09:09:41.436046957970 28249464.5 -21368.5 -7.558497e-004
     231 20.816079569999999 2019 11 14 09:09:42.876071333885 28249253.5 -21579.5 -7.633132e-004
     234 21.086101289999998 2019 11 14 09:09:43.146116137505 28249219.3 -21613.7 -7.645229e-004
     239 21.541184000000001 2019 11 14 09:09:43.601193130016 28289434.7 18601.7 6.579820e-004
     251 22.616097000000003 2019 11 14 09:09:44.676101803780 28248989.0 -21844.0 -7.726691e-004
     263 23.696107500000000 2019 11 14 09:09:45.756120085716 28248844.2 -21988.8 -7.777910e-004
     279 25.136152710000005 2019 11 14 09:09:47.196144461632 28248653.6 -22179.4 -7.845329e-004
     282 25.406145499999997 2019 11 14 09:09:47.466149032116 28248600.1 -22232.9 -7.864254e-004
     287 25.861029710000000 2019 11 14 09:09:47.921024858952 28289159.0 18326.0 6.482299e-004
     291 26.216181140000003 2019 11 14 09:09:48.276162743568 28248493.3 -22339.7 -7.902031e-004
     299 26.936150930000000 2019 11 14 09:09:48.996134698391 28248390.4 -22442.6 -7.938429e-004
     311 28.016173000000002 2019 11 14 09:09:50.076152980328 28248252.4 -22580.6 -7.987243e-004
     318 28.646627569999996 2019 11 14 09:09:50.706646442413 28248144.1 -22688.9 -8.025551e-004
     327 29.457012209999998 2019 11 14 09:09:51.517022252083 28248066.7 -22766.3 -8.052929e-004
     330 29.726220929999997 2019 11 14 09:09:51.786222159863 28248022.2 -22810.8 -8.068669e-004
     335 30.181374710000004 2019 11 14 09:09:52.241379618645 28288869.6 18036.6 6.379932e-004
     339 30.536218140000003 2019 11 14 09:09:52.596235871315 28247917.5 -22915.5 -8.105704e-004
     347 31.256220140000000 2019 11 14 09:09:53.316207826138 28247820.2 -23012.8 -8.140121e-004
     359 32.336235000000002 2019 11 14 09:09:54.396226108074 28247681.1 -23151.9 -8.189324e-004
     366 32.966476569999998 2019 11 14 09:09:55.026478171349 28247599.6 -23233.4 -8.218152e-004
     378 34.046270640000003 2019 11 14 09:09:56.106255054474 28247455.5 -23377.5 -8.269123e-004
     387 34.856270289999998 2019 11 14 09:09:56.916268765926 28247363.8 -23469.2 -8.301559e-004
     395 35.576272930000009 2019 11 14 09:09:57.636280953884 28247267.6 -23565.4 -8.335587e-004
     407 36.656298569999997 2019 11 14 09:09:58.716299235821 28247139.6 -23693.4 -8.380864e-004
     426 38.366337430000002 2019 11 14 09:10:00.426328182220 28246924.8 -23908.2 -8.456843e-004
     435 39.176332570000007 2019 11 14 09:10:01.236341893673 28246827.0 -24006.0 -8.491437e-004
     443 39.896359290000007 2019 11 14 09:10:01.956354081631 28246739.6 -24093.4 -8.522352e-004
     455 40.976374140000004 2019 11 14 09:10:03.036372363567 28246629.3 -24203.7 -8.561368e-004
     474 42.686725430000003 2019 11 14 09:10:04.746723175049 28246415.7 -24417.3 -8.636923e-004
     483 43.496399360000005 2019 11 14 09:10:05.556415021420 28246313.8 -24519.2 -8.672967e-004
     491 44.216416290000005 2019 11 14 09:10:06.276427209377 28246238.0 -24595.0 -8.699779e-004
     503 45.296749930000011 2019 11 14 09:10:07.356767356396 28246097.8 -24735.2 -8.749371e-004
     522 47.006681789999995 2019 11 14 09:10:09.066675603390 28245937.4 -24895.6 -8.806108e-004
     531 47.816460639999995 2019 11 14 09:10:09.876447916031 28245832.7 -25000.3 -8.843142e-004
     539 48.536484429999994 2019 11 14 09:10:10.596500337124 28245758.2 -25074.8 -8.869495e-004
     579 52.136529000000003 2019 11 14 09:10:14.196521043777 28245370.7 -25462.3 -9.006562e-004
     587 52.856648709999995 2019 11 14 09:10:14.916653931141 28245288.8 -25544.2 -9.035531e-004
     627 56.456595210000003 2019 11 14 09:10:18.516594171524 28244925.5 -25907.5 -9.164038e-004
     635 57.176730930000012 2019 11 14 09:10:19.236727058887 28244852.9 -25980.1 -9.189719e-004
     671 60.420667789999996 2019 11 14 09:10:22.480684518814 28286741.8 15908.8 5.627284e-004
     675 60.776658360000006 2019 11 14 09:10:22.836667299271 28244499.3 -26333.7 -9.314795e-004
     682 61.410775290000004 2019 11 14 09:10:23.470781743526 28286678.1 15845.1 5.604752e-004
     723 65.096729860000011 2019 11 14 09:10:27.156740427017 28244086.7 -26746.3 -9.460740e-004
     731 65.816923500000016 2019 11 14 09:10:27.876913547516 28244014.7 -26818.3 -9.486208e-004
     746 67.167178929999992 2019 11 14 09:10:29.227177798748 28243914.1 -26918.9 -9.521792e-004
     771 69.416802430000004 2019 11 14 09:10:31.476813554764 28243697.4 -27135.6 -9.598444e-004
     779 70.136850789999997 2019 11 14 09:10:32.196865975857 28243642.6 -27190.4 -9.617828e-004
     794 71.487062210000005 2019 11 14 09:10:33.547049760818 28243521.7 -27311.3 -9.660593e-004
     819 73.736874860000000 2019 11 14 09:10:35.796886682510 28243323.9 -27509.1 -9.730559e-004
     827 74.457083070000010 2019 11 14 09:10:36.517100036144 28243269.0 -27564.0 -9.749978e-004
     842 75.806929360000012 2019 11 14 09:10:37.866921722889 28243151.4 -27681.6 -9.791576e-004
     867 78.056961000000001 2019 11 14 09:10:40.116959810257 28242971.2 -27861.8 -9.855316e-004
     874 78.691075929999997 2019 11 14 09:10:40.751074254513 28285338.6 14505.6 5.130942e-004
     915 82.377040789999995 2019 11 14 09:10:44.437032938004 28242630.8 -28202.2 -9.975723e-004
     963 86.697463640000024 2019 11 14 09:10:48.757468163967 28242325.1 -28507.9 -1.008386e-003
    1034 93.087460430000007 2019 11 14 09:10:55.147455632687 28241864.9 -28968.1 -1.024664e-003
    1059 95.337367430000000 2019 11 14 09:10:57.397373020649 28241687.7 -29145.3 -1.030932e-003
    1466 131.967973570000000 2019 11 14 09:11:34.027993083000 28239660.5 -31172.5 -1.102638e-003
    1562 140.608218570000020 2019 11 14 09:11:42.668219804764 28239284.4 -31548.6 -1.115942e-003
    1610 144.928277430000040 2019 11 14 09:11:46.988292932510 28239108.0 -31725.0 -1.122181e-003
    1848 166.349574499999960 2019 11 14 09:12:08.409580886364 28305467.6 34634.6 1.225100e-003
    1852 166.710408500000000 2019 11 14 09:12:08.770391643047 28277421.6 6588.6 2.330529e-004
    1900 171.029901709999990 2019 11 14 09:12:13.089901506901 28277017.4 6184.4 2.187555e-004
    1944 174.989398790000000 2019 11 14 09:12:17.049405276775 28305327.3 34494.3 1.220137e-003
    2040 183.629249999999980 2019 11 14 09:12:25.689269900322 28305163.1 34330.1 1.214329e-003
    2136 192.269032209999980 2019 11 14 09:12:34.329013824463 28305024.1 34191.1 1.209413e-003
    2140 192.629863789999940 2019 11 14 09:12:34.689864814281 28274835.5 4002.5 1.415770e-004
    2188 196.949827430000000 2019 11 14 09:12:39.009817242622 28274403.9 3570.9 1.263104e-004
    2236 201.269808709999980 2019 11 14 09:12:43.329809904099 28273948.2 3115.2 1.101913e-004
    2328 209.548686000000000 2019 11 14 09:12:51.608702838421 28304645.8 33812.8 1.196031e-003
    2332 209.909814999999980 2019 11 14 09:12:51.969795227051 28273052.1 2219.1 7.849433e-005
    2356 212.070330430000010 2019 11 14 09:12:54.130314588547 28272857.0 2024.0 7.159322e-005
    2376 213.868585789999970 2019 11 14 09:12:55.928574800491 28304518.4 33685.4 1.191525e-003
    2380 214.229900289999960 2019 11 14 09:12:56.289908587933 28272607.1 1774.1 6.275372e-005
    2424 218.188719430000020 2019 11 14 09:13:00.248728394508 28304407.9 33574.9 1.187616e-003
    2520 226.828327070000060 2019 11 14 09:13:08.888311386108 28304190.4 33357.4 1.179923e-003
    2568 231.148342500000010 2019 11 14 09:13:13.208344280720 28304056.1 33223.1 1.175172e-003
    2596 233.669790929999980 2019 11 14 09:13:15.729795098305 28270598.5 -234.5 -8.294768e-006
    2712 244.107945430000000 2019 11 14 09:13:26.167960166931 28303636.2 32803.2 1.160320e-003
    2760 248.428024570000020 2019 11 14 09:13:30.488033294678 28303494.7 32661.7 1.155314e-003
    2808 252.747776709999980 2019 11 14 09:13:34.807784557343 28303329.7 32496.7 1.149478e-003
    2856 257.067688000000030 2019 11 14 09:13:39.127696752548 28303164.5 32331.5 1.143635e-003
    2904 261.387593429999980 2019 11 14 09:13:43.447608947754 28302985.4 32152.4 1.137299e-003
    2952 265.707513569999950 2019 11 14 09:13:47.767521142960 28302792.1 31959.1 1.130462e-003
    3000 270.027426569999990 2019 11 14 09:13:52.087433338165 28302596.4 31763.4 1.123540e-003
    3048 274.347341570000030 2019 11 14 09:13:56.407345533371 28302402.4 31569.4 1.116677e-003
    3096 278.667256210000010 2019 11 14 09:14:00.727257728577 28302179.5 31346.5 1.108793e-003
    3132 281.907985930000000 2019 11 14 09:14:03.967996537685 28302021.5 31188.5 1.103204e-003
    3144 282.987176789999920 2019 11 14 09:14:05.047169923782 28301957.8 31124.8 1.100951e-003
    3192 287.307099499999990 2019 11 14 09:14:09.367082118988 28301719.1 30886.1 1.092508e-003
    3240 291.627013929999980 2019 11 14 09:14:13.686994314194 28301462.8 30629.8 1.083442e-003
    3276 294.866999789999970 2019 11 14 09:14:16.927008926868 28301281.6 30448.6 1.077032e-003
    3288 295.946926359999960 2019 11 14 09:14:18.006906509399 28301203.4 30370.4 1.074266e-003
    3316 298.470575289999940 2019 11 14 09:14:20.530570149422 28264046.9 -6786.1 -2.400389e-004
    3324 299.187215639999980 2019 11 14 09:14:21.247202754021 28300992.4 30159.4 1.066803e-003
    3336 300.266867429999990 2019 11 14 09:14:22.326858937740 28300920.0 30087.0 1.064242e-003
    3337 300.359931000000020 2019 11 14 09:14:22.419918179512 28263862.4 -6970.6 -2.465651e-004
    3364 302.789938569999950 2019 11 14 09:14:24.849919080734 28263625.7 -7207.3 -2.549377e-004
    3384 304.586977569999930 2019 11 14 09:14:26.646972298622 28300629.4 29796.4 1.053963e-003
    3385 304.679951360000020 2019 11 14 09:14:26.739951074123 28263444.5 -7388.5 -2.613471e-004
    3391 305.217117289999920 2019 11 14 09:14:27.277103662491 28300596.2 29763.2 1.052788e-003
    3412 307.110257499999990 2019 11 14 09:14:29.170273840427 28263200.0 -7633.0 -2.699956e-004
    3420 307.826936929999930 2019 11 14 09:14:29.886946678162 28300428.2 29595.2 1.046846e-003
    3433 308.999970929999960 2019 11 14 09:14:31.059983968735 28263009.1 -7823.9 -2.767481e-004
    3446 310.166792789999990 2019 11 14 09:14:32.226785123348 28300242.7 29409.7 1.040284e-003
    3468 312.146674710000010 2019 11 14 09:14:34.206657707691 28300081.8 29248.8 1.034593e-003
    3480 313.226619639999910 2019 11 14 09:14:35.286635756493 28300001.9 29168.9 1.031767e-003
    3481 313.320287070000010 2019 11 14 09:14:35.380298495293 28262609.1 -8223.9 -2.908970e-004
    3497 314.756869360000000 2019 11 14 09:14:36.816862821579 28299900.9 29067.9 1.028194e-003
    3516 316.466568139999940 2019 11 14 09:14:38.526569902897 28299753.8 28920.8 1.022991e-003
    3528 317.546636499999980 2019 11 14 09:14:39.606628417969 28299660.8 28827.8 1.019701e-003
    3529 317.640029000000030 2019 11 14 09:14:39.700009524822 28262215.4 -8617.6 -3.048230e-004
    3545 319.076530209999930 2019 11 14 09:14:41.136533617973 28299562.0 28729.0 1.016206e-003
    3564 320.786495499999940 2019 11 14 09:14:42.846482098103 28299401.4 28568.4 1.010526e-003
    3590 323.127020930000010 2019 11 14 09:14:45.187004506588 28299216.7 28383.7 1.003992e-003
    3593 323.396525639999940 2019 11 14 09:14:45.456526279449 28299184.2 28351.2 1.002843e-003
    3612 325.106596709999960 2019 11 14 09:14:47.166595458984 28299049.2 28216.2 9.980675e-004
    3641 327.716377639999910 2019 11 14 09:14:49.776358008385 28298804.3 27971.3 9.894049e-004
    3660 329.426348789999910 2019 11 14 09:14:51.486346721649 28298639.2 27806.2 9.835649e-004
    3689 332.036295569999940 2019 11 14 09:14:54.096310436726 28298403.4 27570.4 9.752242e-004
    3708 333.746262570000000 2019 11 14 09:14:55.806258916855 28298236.6 27403.6 9.693241e-004
    3727 335.456264999999970 2019 11 14 09:14:57.516247630119 28298069.8 27236.8 9.634240e-004
    3734 336.086320069999940 2019 11 14 09:14:58.146338760853 28298004.2 27171.2 9.611036e-004
    3756 338.066195429999940 2019 11 14 09:15:00.126211345196 28297804.7 26971.7 9.540469e-004
    3782 340.406168859999920 2019 11 14 09:15:02.466170489788 28297562.6 26729.6 9.454833e-004
    3785 340.676230499999970 2019 11 14 09:15:02.736215293407 28297535.8 26702.8 9.445353e-004
    3804 342.386116069999900 2019 11 14 09:15:04.446123540401 28297353.0 26520.0 9.380693e-004
    3823 344.096116139999880 2019 11 14 09:15:06.156112253666 28297148.1 26315.1 9.308215e-004
    3830 344.726097139999920 2019 11 14 09:15:06.786082684994 28297098.9 26265.9 9.290812e-004
    3833 344.996090359999930 2019 11 14 09:15:07.056087255478 28297076.1 26243.1 9.282747e-004
    3852 346.706042289999970 2019 11 14 09:15:08.766035735607 28296876.3 26043.3 9.212074e-004
    3878 349.046022929999990 2019 11 14 09:15:11.106035113335 28296604.7 25771.7 9.116003e-004
    3900 351.025972859999970 2019 11 14 09:15:13.085988163948 28296373.7 25540.7 9.034293e-004
    3919 352.735961639999970 2019 11 14 09:15:14.795976877213 28296166.7 25333.7 8.961073e-004
    3926 353.365954859999990 2019 11 14 09:15:15.425947308540 28296082.6 25249.6 8.931325e-004
    3948 355.345907570000010 2019 11 14 09:15:17.405900359154 28295839.3 25006.3 8.845265e-004
    3967 357.055931359999990 2019 11 14 09:15:19.115929305553 28295632.2 24799.2 8.772009e-004
    3974 357.685888430000030 2019 11 14 09:15:19.745899736881 28295539.6 24706.6 8.739254e-004
    3996 359.665840710000050 2019 11 14 09:15:21.725852787495 28295285.2 24452.2 8.649268e-004
    4015 361.375833430000000 2019 11 14 09:15:23.435841500759 28295070.7 24237.7 8.573394e-004
    4022 362.005942070000000 2019 11 14 09:15:24.065932631493 28294980.9 24147.9 8.541630e-004
    4025 362.276533499999910 2019 11 14 09:15:24.336540699005 28294935.5 24102.5 8.525571e-004
    4044 363.985774929999930 2019 11 14 09:15:26.045764982700 28294701.6 23868.6 8.442836e-004
    4070 366.326342709999950 2019 11 14 09:15:28.386327624321 28294380.5 23547.5 8.329256e-004
    4073 366.595802359999990 2019 11 14 09:15:28.655809164047 28294320.2 23487.2 8.307926e-004
    4092 368.305713639999960 2019 11 14 09:15:30.365717411041 28294088.4 23255.4 8.225934e-004
    4121 370.915682360000010 2019 11 14 09:15:32.975681126118 28293698.5 22865.5 8.088018e-004
    4140 372.625654000000000 2019 11 14 09:15:34.685669839382 28293438.8 22605.8 7.996156e-004
    4169 375.235623069999970 2019 11 14 09:15:37.295633554459 28293036.2 22203.2 7.853748e-004
    4188 376.945601570000010 2019 11 14 09:15:39.005582034588 28292766.4 21933.4 7.758314e-004
    4207 378.656097859999990 2019 11 14 09:15:40.716093778610 28292503.2 21670.2 7.665215e-004
    4217 379.555564290000010 2019 11 14 09:15:41.615545749664 28292342.5 21509.5 7.608371e-004
    4236 381.265540069999990 2019 11 14 09:15:43.325534462929 28292050.4 21217.4 7.505049e-004
    4265 383.875503859999980 2019 11 14 09:15:45.935498178005 28291600.5 20767.5 7.345910e-004
    4284 385.585499289999970 2019 11 14 09:15:47.645486891270 28291309.9 20476.9 7.243119e-004
    4313 388.195455499999980 2019 11 14 09:15:50.255450606346 28290845.4 20012.4 7.078815e-004
    4332 389.905429069999970 2019 11 14 09:15:51.965439319611 28290538.4 19705.4 6.970223e-004
    4361 392.515392359999960 2019 11 14 09:15:54.575403034687 28290046.8 19213.8 6.796333e-004
    4380 394.225384139999960 2019 11 14 09:15:56.285391747952 28289719.1 18886.1 6.680419e-004
    4399 395.935371569999920 2019 11 14 09:15:57.995380461216 28289390.8 18557.8 6.564292e-004
    4409 396.835344209999960 2019 11 14 09:15:58.895355463028 28289206.5 18373.5 6.499101e-004
    4427 398.455722209999980 2019 11 14 09:16:00.515704751015 28288874.5 18041.5 6.381666e-004
    4428 398.545338289999960 2019 11 14 09:16:00.605344176292 28288859.4 18026.4 6.376324e-004
    4447 400.255321069999980 2019 11 14 09:16:02.315332889557 28288523.9 17690.9 6.257651e-004
    4449 400.435418499999910 2019 11 14 09:16:02.495416402817 28288473.2 17640.2 6.239717e-004
    4457 401.155292570000030 2019 11 14 09:16:03.215307891369 28288332.8 17499.8 6.190055e-004
    4476 402.865347429999990 2019 11 14 09:16:04.925336837769 28287975.8 17142.8 6.063776e-004
    4495 404.575277429999970 2019 11 14 09:16:06.635285317898 28287616.6 16783.6 5.936719e-004
    4505 405.475248209999960 2019 11 14 09:16:07.535260319710 28287422.6 16589.6 5.868097e-004
    4543 408.895225289999980 2019 11 14 09:16:10.955237746239 28286670.1 15837.1 5.601922e-004
    4553 409.795205709999950 2019 11 14 09:16:11.855212748051 28286476.0 15643.0 5.533265e-004
    4557 410.155292570000030 2019 11 14 09:16:12.215299308300 28286406.2 15573.2 5.508575e-004
    4591 413.215186499999960 2019 11 14 09:16:15.275190174580 28285694.9 14861.9 5.256973e-004
    4601 414.115166929999990 2019 11 14 09:16:16.175165176392 28285490.0 14657.0 5.184495e-004
    4605 414.475199499999920 2019 11 14 09:16:16.535211503506 28285396.5 14563.5 5.151422e-004
    4639 417.535148139999930 2019 11 14 09:16:19.595142602921 28284680.2 13847.2 4.898052e-004
    4649 418.435135139999890 2019 11 14 09:16:20.495117604733 28284471.5 13638.5 4.824230e-004
    4653 418.795367929999940 2019 11 14 09:16:20.855365097523 28284382.6 13549.6 4.792784e-004
    4687 421.855302929999990 2019 11 14 09:16:23.915296196938 28283648.3 12815.3 4.533046e-004
    4697 422.755100499999970 2019 11 14 09:16:24.815110266209 28283414.1 12581.1 4.450205e-004
    4735 426.175087140000020 2019 11 14 09:16:28.235087692738 28282563.0 11730.0 4.149153e-004
    4745 427.075061790000010 2019 11 14 09:16:29.135062694550 28282334.1 11501.1 4.068186e-004
    4749 427.435868289999970 2019 11 14 09:16:29.495873451233 28282208.0 11375.0 4.023581e-004
    4764 428.785616429999950 2019 11 14 09:16:30.845614671707 28281892.1 11059.1 3.911841e-004
    4783 430.495059429999910 2019 11 14 09:16:32.555040121078 28281443.8 10610.8 3.753268e-004
    4793 431.395037709999940 2019 11 14 09:16:33.455055356026 28281210.7 10377.7 3.670815e-004
    4797 431.755062710000000 2019 11 14 09:16:33.815061450005 28281126.8 10293.8 3.641138e-004
    4831 434.815158859999940 2019 11 14 09:16:36.875153481960 28280306.6 9473.6 3.351016e-004
    4841 435.715014789999940 2019 11 14 09:16:37.775007784367 28280058.2 9225.2 3.263151e-004
    4845 436.075216069999950 2019 11 14 09:16:38.135215044022 28279959.8 9126.8 3.228345e-004
    4889 440.035002709999960 2019 11 14 09:16:42.095000445843 28278887.2 8054.2 2.848943e-004
    4893 440.394998209999980 2019 11 14 09:16:42.455006539822 28278785.4 7952.4 2.812934e-004
    4927 443.454984500000020 2019 11 14 09:16:45.514977872372 28277928.7 7095.7 2.509901e-004
    4935 444.175094570000000 2019 11 14 09:16:46.235110759735 28277746.7 6913.7 2.445524e-004
    4937 444.355012209999980 2019 11 14 09:16:46.414993107319 28277688.3 6855.3 2.424867e-004
    4941 444.714967930000000 2019 11 14 09:16:46.774958968163 28277585.8 6752.8 2.388610e-004
    4975 447.774976359999980 2019 11 14 09:16:49.834970533848 28276720.0 5887.0 2.082358e-004
    4983 448.495665429999970 2019 11 14 09:16:50.555666685104 28276532.6 5699.6 2.016071e-004
    4989 449.034940430000010 2019 11 14 09:16:51.094951629639 28276356.3 5523.3 1.953710e-004
    5023 452.094969929999990 2019 11 14 09:16:54.154963195324 28275479.3 4646.3 1.643496e-004
    5037 453.354938860000000 2019 11 14 09:16:55.414944291115 28275114.8 4281.8 1.514564e-004
    5081 457.315005929999980 2019 11 14 09:16:59.375011324883 28273957.5 3124.5 1.105203e-004
    5085 457.674935360000010 2019 11 14 09:16:59.734936952591 28273859.2 3026.2 1.070432e-004
    5129 461.635085210000000 2019 11 14 09:17:03.695084452629 28272690.0 1857.0 6.568607e-005
    5133 461.994920499999980 2019 11 14 09:17:04.054929614067 28272596.6 1763.6 6.238231e-005
    5177 465.955302709999960 2019 11 14 09:17:08.015318512917 28271435.8  602.8 2.132233e-005
    5181 466.314921140000020 2019 11 14 09:17:08.374922275543 28271326.4  493.4 1.745262e-005
    5223 470.094927999999980 2019 11 14 09:17:12.154946029186 28270208.9 -624.1 -2.207576e-005
    5225 470.275055569999950 2019 11 14 09:17:12.335069775581 28270160.2 -672.8 -2.379838e-005
    5229 470.634923930000010 2019 11 14 09:17:12.694914937019 28270045.0 -788.0 -2.787325e-005
    5271 474.414929639999970 2019 11 14 09:17:16.474938690662 28268933.0 -1900.0 -6.720708e-005
    5277 474.954918709999960 2019 11 14 09:17:17.014907598495 28268775.0 -2058.0 -7.279587e-005
    5310 477.924935139999950 2019 11 14 09:17:19.984917640686 28267909.0 -2924.0 -1.034282e-004
    5319 478.734943569999980 2019 11 14 09:17:20.794931352139 28267667.9 -3165.1 -1.119564e-004
    5325 479.274930499999980 2019 11 14 09:17:21.334940493107 28267510.4 -3322.6 -1.175275e-004
    5358 482.244952430000010 2019 11 14 09:17:24.304950535297 28266650.3 -4182.7 -1.479511e-004
    5361 482.515244569999990 2019 11 14 09:17:24.575236737728 28266566.4 -4266.6 -1.509188e-004
    5373 483.594938709999950 2019 11 14 09:17:25.654933154583 28266253.1 -4579.9 -1.620009e-004
    5387 484.855439499999990 2019 11 14 09:17:26.915437281132 28265886.8 -4946.2 -1.749577e-004
    5406 486.564963790000040 2019 11 14 09:17:28.624983429909 28265405.9 -5427.1 -1.919682e-004
    5409 486.834994290000000 2019 11 14 09:17:28.894988000393 28265325.0 -5508.0 -1.948298e-004
    5415 487.375150859999960 2019 11 14 09:17:29.435158073902 28265172.3 -5660.7 -2.002311e-004
    5421 487.914955709999960 2019 11 14 09:17:29.974966049194 28265015.3 -5817.7 -2.057845e-004
    5454 490.884985290000030 2019 11 14 09:17:32.944976091385 28264176.6 -6656.4 -2.354511e-004
    5457 491.155218289999990 2019 11 14 09:17:33.215222060680 28264107.3 -6725.7 -2.379024e-004
    5463 491.694979289999990 2019 11 14 09:17:33.754989802837 28263956.6 -6876.4 -2.432330e-004
    5469 492.234972139999970 2019 11 14 09:17:34.294958710670 28263801.5 -7031.5 -2.487192e-004
    5502 495.204995290000000 2019 11 14 09:17:37.265008985996 28262972.8 -7860.2 -2.780321e-004
    5505 495.475011289999940 2019 11 14 09:17:37.535013556480 28262898.1 -7934.9 -2.806744e-004
    5508 495.745022570000000 2019 11 14 09:17:37.805018126965 28262816.1 -8016.9 -2.835749e-004
    5511 496.014992570000000 2019 11 14 09:17:38.074982464314 28262752.7 -8080.3 -2.858175e-004
    5517 496.555012289999980 2019 11 14 09:17:38.615031838417 28262610.0 -8223.0 -2.908651e-004
    5550 499.525018569999930 2019 11 14 09:17:41.585001647472 28261791.2 -9041.8 -3.198279e-004
    5551 499.615382070000010 2019 11 14 09:17:41.675365269184 28261760.5 -9072.5 -3.209138e-004
    5556 500.065611139999990 2019 11 14 09:17:42.125614285469 28261627.2 -9205.8 -3.256289e-004
    5559 500.335012569999950 2019 11 14 09:17:42.395015358925 28261574.0 -9259.0 -3.275107e-004
    5565 500.875142069999980 2019 11 14 09:17:42.935145199299 28261441.0 -9392.0 -3.322152e-004
    5571 501.415142499999940 2019 11 14 09:17:43.475154340267 28261288.2 -9544.8 -3.376200e-004
    5579 502.135044639999990 2019 11 14 09:17:44.195045828819 28261085.6 -9747.4 -3.447864e-004
    5598 503.845039499999980 2019 11 14 09:17:45.905034542084 28260644.7 -10188.3 -3.603820e-004
    5599 503.935139069999880 2019 11 14 09:17:45.995156764984 28260615.5 -10217.5 -3.614149e-004
    5607 504.655037069999990 2019 11 14 09:17:46.715048253536 28260422.4 -10410.6 -3.682453e-004
    5619 505.735063859999970 2019 11 14 09:17:47.795066535473 28260143.0 -10690.0 -3.781282e-004
    5627 506.455063360000000 2019 11 14 09:17:48.515078723431 28259954.5 -10878.5 -3.847959e-004
    5646 508.165068790000020 2019 11 14 09:17:50.225067436695 28259513.5 -11319.5 -4.003950e-004
    5649 508.435677069999940 2019 11 14 09:17:50.495675504208 28259439.1 -11393.9 -4.030267e-004
    5655 508.975063789999980 2019 11 14 09:17:51.035081148148 28259306.1 -11526.9 -4.077312e-004
    5658 509.245658789999990 2019 11 14 09:17:51.305648982525 28259257.4 -11575.6 -4.094538e-004
    5667 510.055088140000010 2019 11 14 09:17:52.115099430084 28259023.5 -11809.5 -4.177273e-004
    5675 510.775096639999960 2019 11 14 09:17:52.835111618042 28258862.8 -11970.2 -4.234116e-004
    5694 512.485093930000060 2019 11 14 09:17:54.545100331306 28258416.7 -12416.3 -4.391912e-004
    5703 513.295098860000050 2019 11 14 09:17:55.355114042759 28258217.0 -12616.0 -4.462550e-004
    5717 514.555795139999990 2019 11 14 09:17:56.615779101849 28257917.7 -12915.3 -4.568419e-004
    5723 515.095216999999930 2019 11 14 09:17:57.155224978924 28257766.6 -13066.4 -4.621866e-004
    5742 516.805128569999970 2019 11 14 09:17:58.865133225918 28257362.7 -13470.3 -4.764734e-004
    5751 517.615137570000120 2019 11 14 09:17:59.675146937370 28257168.6 -13664.4 -4.833391e-004
    5754 517.885185570000090 2019 11 14 09:17:59.945191740990 28257109.9 -13723.1 -4.854155e-004
    5765 518.875166709999920 2019 11 14 09:18:00.935168266296 28256869.7 -13963.3 -4.939119e-004
    5775 519.775202430000040 2019 11 14 09:18:01.835183501244 28256652.4 -14180.6 -5.015982e-004
    5790 521.125166859999920 2019 11 14 09:18:03.185166120529 28256332.0 -14501.0 -5.129315e-004
    5799 521.935169069999920 2019 11 14 09:18:03.995179831982 28256153.4 -14679.6 -5.192489e-004
    5802 522.205197860000000 2019 11 14 09:18:04.265184402466 28256099.0 -14734.0 -5.211732e-004
    5813 523.195189640000080 2019 11 14 09:18:05.255201160908 28255853.3 -14979.7 -5.298641e-004
    5815 523.375192859999970 2019 11 14 09:18:05.435204207897 28255805.4 -15027.6 -5.315584e-004
    5819 523.735217789999870 2019 11 14 09:18:05.795210301876 28255723.2 -15109.8 -5.344660e-004
    5823 524.095644360000050 2019 11 14 09:18:06.155658960342 28255660.1 -15172.9 -5.366980e-004
    5838 525.445212209999910 2019 11 14 09:18:07.505199015141 28255350.3 -15482.7 -5.476563e-004
    5847 526.255212499999970 2019 11 14 09:18:08.315212726593 28255166.7 -15666.3 -5.541506e-004
    5859 527.335240499999940 2019 11 14 09:18:09.395231008530 28254922.0 -15911.0 -5.628062e-004
    5861 527.515227289999870 2019 11 14 09:18:09.575234055519 28254891.2 -15941.8 -5.638957e-004
    5863 527.695249139999990 2019 11 14 09:18:09.755237102509 28254857.4 -15975.6 -5.650912e-004
    5867 528.055249570000000 2019 11 14 09:18:10.115243196487 28254788.5 -16044.5 -5.675284e-004
    5886 529.765244069999990 2019 11 14 09:18:11.825231909752 28254391.4 -16441.6 -5.815747e-004
    5887 529.855436429999940 2019 11 14 09:18:11.915434598923 28254384.6 -16448.4 -5.818152e-004
    5895 530.575259429999960 2019 11 14 09:18:12.635245621204 28254213.5 -16619.5 -5.878674e-004
    5898 530.845272209999960 2019 11 14 09:18:12.905290424824 28254166.6 -16666.4 -5.895263e-004
    5907 531.655281999999940 2019 11 14 09:18:13.715263903141 28253989.7 -16843.3 -5.957836e-004
    5909 531.835272639999970 2019 11 14 09:18:13.895266950130 28253951.8 -16881.2 -5.971243e-004
    5911 532.015569069999970 2019 11 14 09:18:14.075551629066 28253913.2 -16919.8 -5.984896e-004
    5915 532.375276789999930 2019 11 14 09:18:14.435276091099 28253838.5 -16994.5 -6.011319e-004
    5919 532.735500290000000 2019 11 14 09:18:14.795483350754 28253761.7 -17071.3 -6.038485e-004
    5934 534.085291999999980 2019 11 14 09:18:16.145305037498 28253481.4 -17351.6 -6.137633e-004
    5935 534.175390000000110 2019 11 14 09:18:16.235387027264 28253463.0 -17370.0 -6.144142e-004
    5943 534.895290570000040 2019 11 14 09:18:16.955278515816 28253310.5 -17522.5 -6.198084e-004
    5946 535.165308139999980 2019 11 14 09:18:17.225323319435 28253251.5 -17581.5 -6.218954e-004
    5955 535.975319210000070 2019 11 14 09:18:18.035337030888 28253092.6 -17740.4 -6.275160e-004
    5957 536.155315859999970 2019 11 14 09:18:18.215299844742 28253053.1 -17779.9 -6.289132e-004
    5959 536.335652359999930 2019 11 14 09:18:18.395664989948 28253003.5 -17829.5 -6.306677e-004
    5963 536.695321930000090 2019 11 14 09:18:18.755308985710 28252942.9 -17890.1 -6.328112e-004
    5967 537.055413209999980 2019 11 14 09:18:19.115395545959 28252865.3 -17967.7 -6.355561e-004
    5982 538.405344360000070 2019 11 14 09:18:20.465337932110 28252599.4 -18233.6 -6.449615e-004
    5991 539.215347070000120 2019 11 14 09:18:21.275351643562 28252440.9 -18392.1 -6.505680e-004
    5994 539.485373360000150 2019 11 14 09:18:21.545356214046 28252382.1 -18450.9 -6.526479e-004
    6003 540.295363860000070 2019 11 14 09:18:22.355369925499 28252227.3 -18605.7 -6.581235e-004
    6005 540.475373210000160 2019 11 14 09:18:22.535372972488 28252194.2 -18638.8 -6.592943e-004
    6007 540.655984360000050 2019 11 14 09:18:22.715979516506 28252153.9 -18679.1 -6.607198e-004
    6011 541.015365640000030 2019 11 14 09:18:23.075382113457 28252085.1 -18747.9 -6.631534e-004
    6030 542.725392790000000 2019 11 14 09:18:24.785411059856 28251754.2 -19078.8 -6.748581e-004
    6039 543.535413210000000 2019 11 14 09:18:25.595424771309 28251601.7 -19231.3 -6.802523e-004
    6042 543.805423999999900 2019 11 14 09:18:25.865429341793 28251550.6 -19282.4 -6.820598e-004
    6051 544.615430500000120 2019 11 14 09:18:26.675443053246 28251401.4 -19431.6 -6.873374e-004
    6053 544.795429000000010 2019 11 14 09:18:26.855446100235 28251362.4 -19470.6 -6.887169e-004
    6059 545.335415209999950 2019 11 14 09:18:27.395415008068 28251262.5 -19570.5 -6.922506e-004
    6074 546.685448710000060 2019 11 14 09:18:28.745437860489 28251015.5 -19817.5 -7.009875e-004
    6078 547.045437789999940 2019 11 14 09:18:29.105443954468 28250955.0 -19878.0 -7.031275e-004
    6087 547.855459069999940 2019 11 14 09:18:29.915457665920 28250792.6 -20040.4 -7.088719e-004
    6090 548.125472360000120 2019 11 14 09:18:30.185462236404 28250754.6 -20078.4 -7.102161e-004
    6101 549.115475290000060 2019 11 14 09:18:31.175478994846 28250573.6 -20259.4 -7.166184e-004
    6107 549.655464929999990 2019 11 14 09:18:31.715447902679 28250481.0 -20352.0 -7.198939e-004
    6122 551.005608289999940 2019 11 14 09:18:33.065591454506 28250242.5 -20590.5 -7.283301e-004
    6126 551.365493859999900 2019 11 14 09:18:33.425476849079 28250178.6 -20654.4 -7.305904e-004
    6135 552.175508210000090 2019 11 14 09:18:34.235490560532 28250036.8 -20796.2 -7.356062e-004
    6138 552.445531999999960 2019 11 14 09:18:34.505535364151 28249991.1 -20841.9 -7.372227e-004
    6149 553.436032139999950 2019 11 14 09:18:35.496034920216 28249830.2 -21002.8 -7.429141e-004
    6155 553.975522859999960 2019 11 14 09:18:36.035521030426 28249735.5 -21097.5 -7.462638e-004
    6167 555.055566789999830 2019 11 14 09:18:37.115579545498 28249546.4 -21286.6 -7.529527e-004
    6170 555.325622999999840 2019 11 14 09:18:37.385624349117 28249510.9 -21322.1 -7.542084e-004
    6174 555.685555789999970 2019 11 14 09:18:37.745549976826 28249436.5 -21396.5 -7.568401e-004
    6183 556.495578000000020 2019 11 14 09:18:38.555563688278 28249311.5 -21521.5 -7.612616e-004
    6186 556.765582859999990 2019 11 14 09:18:38.825568258762 28249273.4 -21559.6 -7.626093e-004
    6194 557.485794860000060 2019 11 14 09:18:39.545781612396 28249161.4 -21671.6 -7.665710e-004
    6203 558.295578640000140 2019 11 14 09:18:40.355594158173 28249014.8 -21818.2 -7.717565e-004
    6215 559.375623789999850 2019 11 14 09:18:41.435612440109 28248832.7 -22000.3 -7.781978e-004
    6218 559.645626499999930 2019 11 14 09:18:41.705617010593 28248806.5 -22026.5 -7.791245e-004
    6222 560.005619359999970 2019 11 14 09:18:42.065623104572 28248739.3 -22093.7 -7.815016e-004
    6231 560.815986210000010 2019 11 14 09:18:42.875998914242 28248619.9 -22213.1 -7.857250e-004
    6234 561.085636640000080 2019 11 14 09:18:43.145641386509 28248575.3 -22257.7 -7.873026e-004
    6243 561.896212289999880 2019 11 14 09:18:43.956218361855 28248422.6 -22410.4 -7.927039e-004
    6251 562.615640640000040 2019 11 14 09:18:44.675627052784 28248331.4 -22501.6 -7.959299e-004
    6263 563.695663999999970 2019 11 14 09:18:45.755645334721 28248165.9 -22667.1 -8.017839e-004
    6266 563.965684639999950 2019 11 14 09:18:46.025690138340 28248133.8 -22699.2 -8.029194e-004
    6270 564.325677999999930 2019 11 14 09:18:46.385696232319 28248065.4 -22767.6 -8.053388e-004
    6282 565.405804360000050 2019 11 14 09:18:47.465794980526 28247886.9 -22946.1 -8.116528e-004
    6291 566.215710930000110 2019 11 14 09:18:48.275728225708 28247795.0 -23038.0 -8.149035e-004
    6299 566.935700430000000 2019 11 14 09:18:48.995700180531 28247680.1 -23152.9 -8.189677e-004
    6311 568.015739000000050 2019 11 14 09:18:50.075758695602 28247521.5 -23311.5 -8.245778e-004
    6318 568.645737070000110 2019 11 14 09:18:50.705729126930 28247438.4 -23394.6 -8.275172e-004
    6330 569.725908210000060 2019 11 14 09:18:51.785908341408 28247280.5 -23552.5 -8.331024e-004
    6339 570.535776860000060 2019 11 14 09:18:52.595761120319 28247152.9 -23680.1 -8.376159e-004
    6347 571.255768139999990 2019 11 14 09:18:53.315773308277 28247063.6 -23769.4 -8.407747e-004
    6359 572.335796210000010 2019 11 14 09:18:54.395791590214 28246912.9 -23920.1 -8.461052e-004
    6378 574.045844859999990 2019 11 14 09:18:56.105860769749 28246677.8 -24155.2 -8.544212e-004
    6387 574.855829709999850 2019 11 14 09:18:56.915834248066 28246571.1 -24261.9 -8.581954e-004
    6395 575.575824140000010 2019 11 14 09:18:57.635806202888 28246475.5 -24357.5 -8.615770e-004
    6407 576.655859859999960 2019 11 14 09:18:58.715864717960 28246330.1 -24502.9 -8.667201e-004
    6426 578.366174789999830 2019 11 14 09:19:00.426175296307 28246109.4 -24723.6 -8.745268e-004
    6435 579.175910860000040 2019 11 14 09:19:01.235907375813 28246005.3 -24827.7 -8.782090e-004
    6443 579.895891000000010 2019 11 14 09:19:01.955879330635 28245908.9 -24924.1 -8.816189e-004
    6455 580.975932640000110 2019 11 14 09:19:03.035937845707 28245778.3 -25054.7 -8.862385e-004
    6474 582.686138360000090 2019 11 14 09:19:04.746127724648 28245561.5 -25271.5 -8.939072e-004
    6483 583.495958709999970 2019 11 14 09:19:05.555940270424 28245460.4 -25372.6 -8.974833e-004
    6491 584.215963429999990 2019 11 14 09:19:06.275952458382 28245377.0 -25456.0 -9.004333e-004
    6503 585.295994570000180 2019 11 14 09:19:07.356010973454 28245240.1 -25592.9 -9.052758e-004
    6506 585.566004929999960 2019 11 14 09:19:07.626015543938 28245226.7 -25606.3 -9.057498e-004
    6522 587.006021069999970 2019 11 14 09:19:09.066039919853 28245042.3 -25790.7 -9.122724e-004
    6531 587.816037069999990 2019 11 14 09:19:09.876053631306 28244953.9 -25879.1 -9.153993e-004
    6539 588.536033999999970 2019 11 14 09:19:10.596025586128 28244869.9 -25963.1 -9.183705e-004
    6551 589.616107930000000 2019 11 14 09:19:11.676124334335 28244747.1 -26085.9 -9.227142e-004
    6554 589.886059139999930 2019 11 14 09:19:11.946048438549 28244718.2 -26114.8 -9.237365e-004
    6570 591.326097570000000 2019 11 14 09:19:13.386113047600 28244545.6 -26287.4 -9.298417e-004
    6579 592.136105359999990 2019 11 14 09:19:14.196086525917 28244459.8 -26373.2 -9.328767e-004
    6587 592.856108069999890 2019 11 14 09:19:14.916098713875 28244388.3 -26444.7 -9.354058e-004
    6599 593.936233789999850 2019 11 14 09:19:15.996237695217 28244267.0 -26566.0 -9.396964e-004
    6602 594.206126570000040 2019 11 14 09:19:16.266121566296 28244241.5 -26591.5 -9.405984e-004
    6618 595.646451930000010 2019 11 14 09:19:17.706467807293 28244084.3 -26748.7 -9.461589e-004
    6627 596.456180639999960 2019 11 14 09:19:18.516199886799 28243993.0 -26840.0 -9.493884e-004
    6635 597.176170860000070 2019 11 14 09:19:19.236171841621 28243930.9 -26902.1 -9.515850e-004
    6647 598.256792570000130 2019 11 14 09:19:20.316793620586 28243815.0 -27018.0 -9.556846e-004
    6650 598.526193999999920 2019 11 14 09:19:20.586194694042 28243794.2 -27038.8 -9.564204e-004
    6666 599.966554569999970 2019 11 14 09:19:22.026540935040 28243647.9 -27185.1 -9.615953e-004
    6683 601.496247999999920 2019 11 14 09:19:23.556244969368 28243497.7 -27335.3 -9.669082e-004
    6698 602.846262569999910 2019 11 14 09:19:24.906267821789 28243368.4 -27464.6 -9.714818e-004
    6731 605.816322639999950 2019 11 14 09:19:27.876318097115 28243084.2 -27748.8 -9.815346e-004
    6746 607.166340289999990 2019 11 14 09:19:29.226340949535 28242956.4 -27876.6 -9.860551e-004
    6779 610.136394070000050 2019 11 14 09:19:32.196391224861 28242690.3 -28142.7 -9.954677e-004
    6794 611.486411500000030 2019 11 14 09:19:33.546414077282 28242573.4 -28259.6 -9.996027e-004
    6827 614.456472429999960 2019 11 14 09:19:36.516464352608 28242317.4 -28515.6 -1.008658e-003
    6842 615.806480570000080 2019 11 14 09:19:37.866487205029 28242207.3 -28625.7 -1.012552e-003
    6875 618.776552140000040 2019 11 14 09:19:40.836537480354 28241961.6 -28871.4 -1.021243e-003
    6890 620.126561999999920 2019 11 14 09:19:42.186560332775 28241859.0 -28974.0 -1.024873e-003
    6923 623.096629570000000 2019 11 14 09:19:45.156610608101 28241632.3 -29200.7 -1.032891e-003
    6938 624.446645709999870 2019 11 14 09:19:46.506633460522 28241525.6 -29307.4 -1.036666e-003
    6971 627.416821289999920 2019 11 14 09:19:49.476804435253 28241307.6 -29525.4 -1.044377e-003
    6986 628.766722930000010 2019 11 14 09:19:50.826706588268 28241214.1 -29618.9 -1.047684e-003
    7226 650.367143929999880 2019 11 14 09:20:12.427152693272 28239845.9 -30987.1 -1.096080e-003
    7830 704.729618570000070 2019 11 14 09:21:06.789601743221 28306028.5 35195.5 1.244940e-003
    7848 706.349730140000020 2019 11 14 09:21:08.409749865532 28306000.7 35167.7 1.243957e-003
    7896 710.670060570000150 2019 11 14 09:21:12.730064392090 28305939.6 35106.6 1.241796e-003
    7976 717.868885570000090 2019 11 14 09:21:19.928898811340 28237239.7 -33593.3 -1.188267e-003
    7992 719.309288859999920 2019 11 14 09:21:21.369285285473 28305842.9 35009.9 1.238375e-003
    8024 722.188593640000140 2019 11 14 09:21:24.248609840870 28237123.1 -33709.9 -1.192391e-003
    8070 726.329129789999800 2019 11 14 09:21:28.389122486115 28305719.0 34886.0 1.233993e-003
    8168 735.149009500000030 2019 11 14 09:21:37.208990156651 28236832.1 -34000.9 -1.202685e-003
    8214 739.288864570000210 2019 11 14 09:21:41.348859071732 28305537.0 34704.0 1.227555e-003
    8216 739.469670999999950 2019 11 14 09:21:41.529666781425 28236726.4 -34106.6 -1.206424e-003
    8264 743.789710640000180 2019 11 14 09:21:45.849699676037 28236623.8 -34209.2 -1.210053e-003
    8280 745.228821070000090 2019 11 14 09:21:47.288838922977 28305432.8 34599.8 1.223869e-003
    8332 749.910723859999960 2019 11 14 09:21:51.970728635788 28274478.3 3645.3 1.289421e-004
    8424 758.188608140000040 2019 11 14 09:22:00.248615741730 28305168.0 34335.0 1.214503e-003
    8428 758.550680289999950 2019 11 14 09:22:00.610673725605 28273665.4 2832.4 1.001881e-004
    8502 765.208688360000110 2019 11 14 09:22:07.268694341183 28305017.6 34184.6 1.209183e-003
    8520 766.828277429999960 2019 11 14 09:22:08.888279199600 28304977.3 34144.3 1.207757e-003
    8568 771.148181140000020 2019 11 14 09:22:13.208191394806 28304867.7 34034.7 1.203880e-003
    8712 784.107899789999920 2019 11 14 09:22:26.167887747288 28304520.3 33687.3 1.191592e-003
    8808 792.747730070000100 2019 11 14 09:22:34.807712137699 28304271.1 33438.1 1.182777e-003
    8856 797.067640069999920 2019 11 14 09:22:39.127624332905 28304119.5 33286.5 1.177415e-003
    8952 805.707452789999930 2019 11 14 09:22:47.767448723316 28303818.5 32985.5 1.166768e-003
    8982 808.407976500000020 2019 11 14 09:22:50.467977225780 28303709.5 32876.5 1.162912e-003
    9000 810.027366859999920 2019 11 14 09:22:52.087360918522 28303655.5 32822.5 1.161002e-003
    9030 812.727737430000050 2019 11 14 09:22:54.787728488445 28303563.3 32730.3 1.157741e-003
    9048 814.347275859999850 2019 11 14 09:22:56.407273113728 28303480.7 32647.7 1.154819e-003
    9096 818.667181999999910 2019 11 14 09:23:00.727185308933 28303301.4 32468.4 1.148477e-003
    9126 821.367284709999810 2019 11 14 09:23:03.427271246910 28303184.6 32351.6 1.144345e-003
    9132 821.907171859999950 2019 11 14 09:23:03.967159688473 28303171.8 32338.8 1.143893e-003
    9144 822.987110069999970 2019 11 14 09:23:05.047097504139 28303108.5 32275.5 1.141654e-003
    9192 827.307010709999870 2019 11 14 09:23:09.367009699345 28302911.8 32078.8 1.134696e-003
    9228 830.547308359999990 2019 11 14 09:23:12.607305943966 28302764.3 31931.3 1.129479e-003
    9240 831.626927209999960 2019 11 14 09:23:13.686921894550 28302690.7 31857.7 1.126875e-003
    9288 835.946851069999980 2019 11 14 09:23:18.006834089756 28302466.3 31633.3 1.118938e-003
    9318 838.646822209999980 2019 11 14 09:23:20.706839561462 28302317.5 31484.5 1.113674e-003
    9324 839.186800140000060 2019 11 14 09:23:21.246808469296 28302294.8 31461.8 1.112871e-003
    9336 840.266757139999980 2019 11 14 09:23:22.326746284962 28302231.5 31398.5 1.110632e-003
    9384 844.586674570000130 2019 11 14 09:23:26.646658480167 28301984.0 31151.0 1.101878e-003
    9420 847.826633289999900 2019 11 14 09:23:29.886632859707 28301781.9 30948.9 1.094729e-003
    9432 848.906592209999990 2019 11 14 09:23:30.966610908508 28301719.9 30886.9 1.092536e-003
    9468 852.146549499999990 2019 11 14 09:23:34.206545054913 28301523.1 30690.1 1.085575e-003
    9480 853.226514640000000 2019 11 14 09:23:35.286523103714 28301445.0 30612.0 1.082812e-003
    9516 856.466460639999920 2019 11 14 09:23:38.526457250118 28301219.9 30386.9 1.074850e-003
    9528 857.546428139999880 2019 11 14 09:23:39.606435298920 28301146.2 30313.2 1.072243e-003
    9542 858.806519289999870 2019 11 14 09:23:40.866537094116 28301059.8 30226.8 1.069187e-003
    9564 860.786384000000110 2019 11 14 09:23:42.846369445324 28300915.0 30082.0 1.064065e-003
    9573 861.596918789999900 2019 11 14 09:23:43.656906187534 28300855.0 30022.0 1.061943e-003
    9576 861.866349289999900 2019 11 14 09:23:43.926347494125 28300835.3 30002.3 1.061246e-003
    9590 863.126341640000080 2019 11 14 09:23:45.186328589916 28300734.7 29901.7 1.057687e-003
    9612 865.106306500000070 2019 11 14 09:23:47.166321873665 28300588.8 29755.8 1.052526e-003
    9624 866.186274000000030 2019 11 14 09:23:48.246259689331 28300502.8 29669.8 1.049484e-003
    9638 867.446275639999950 2019 11 14 09:23:49.506281018257 28300401.8 29568.8 1.045912e-003
    9660 869.426216639999890 2019 11 14 09:23:51.486234068871 28300244.4 29411.4 1.040344e-003
    9672 870.506192360000000 2019 11 14 09:23:52.566212117672 28300156.9 29323.9 1.037249e-003
    9686 871.766202709999900 2019 11 14 09:23:53.826193213463 28300044.7 29211.7 1.033280e-003
    9708 873.746139360000030 2019 11 14 09:23:55.806146264076 28299880.6 29047.6 1.027476e-003
    9720 874.826115639999900 2019 11 14 09:23:56.886124312878 28299790.0 28957.0 1.024271e-003
    9734 876.086111139999960 2019 11 14 09:23:58.146105408669 28299671.0 28838.0 1.020062e-003
    9756 878.066058929999940 2019 11 14 09:24:00.126058459282 28299495.5 28662.5 1.013854e-003
    9768 879.146041930000020 2019 11 14 09:24:01.206036508083 28299402.1 28569.1 1.010550e-003
    9782 880.406032139999980 2019 11 14 09:24:02.466017603874 28299274.8 28441.8 1.006047e-003
    9785 880.676122429999960 2019 11 14 09:24:02.736102640629 28299249.9 28416.9 1.005167e-003
    9804 882.385985000000010 2019 11 14 09:24:04.445970654488 28299095.0 28262.0 9.996876e-004
    9816 883.465964639999920 2019 11 14 09:24:05.525948703289 28298986.8 28153.8 9.958603e-004
    9830 884.725951000000010 2019 11 14 09:24:06.785970032215 28298870.1 28037.1 9.917324e-004
    9852 886.705906860000030 2019 11 14 09:24:08.765923082829 28298663.5 27830.5 9.844245e-004
    9864 887.785894430000100 2019 11 14 09:24:09.845901131630 28298554.3 27721.3 9.805618e-004
    9878 889.045880640000060 2019 11 14 09:24:11.105882227421 28298421.3 27588.3 9.758573e-004
    9900 891.025838000000020 2019 11 14 09:24:13.085835278034 28298215.1 27382.1 9.685636e-004
    9912 892.105825640000030 2019 11 14 09:24:14.165813326836 28298096.0 27263.0 9.643508e-004
    9926 893.365802289999920 2019 11 14 09:24:15.425794422626 28297952.3 27119.3 9.592678e-004
    9948 895.345761139999920 2019 11 14 09:24:17.405747473240 28297729.6 26896.6 9.513904e-004
    9960 896.425772570000160 2019 11 14 09:24:18.485765755177 28297608.0 26775.0 9.470892e-004
    9974 897.685742000000120 2019 11 14 09:24:19.745746850967 28297452.8 26619.8 9.415994e-004
    9996 899.665697359999970 2019 11 14 09:24:21.725699901581 28297221.5 26388.5 9.334178e-004
