    16 1.450654140000000 2019 11 13 12:18:29.030650556087 28300662.1 29829.1 1.055119e-003
    19 1.720668290000000 2019 11 13 12:18:29.300655126572 28300648.0 29815.0 1.054620e-003
    64 5.770512569999999 2019 11 13 12:18:33.350522518158 28300433.9 29600.9 1.047047e-003
    67 6.040548430000000 2019 11 13 12:18:33.620567321777 28300419.7 29586.7 1.046545e-003
   112 10.090355570000000 2019 11 13 12:18:37.670354247093 28300186.7 29353.7 1.038303e-003
   115 10.360364140000000 2019 11 13 12:18:37.940358817577 28300161.3 29328.3 1.037405e-003
   160 14.410171999999999 2019 11 13 12:18:41.990185976028 28299924.9 29091.9 1.029043e-003
   163 14.680176710000000 2019 11 13 12:18:42.260190546513 28299900.0 29067.0 1.028162e-003
   208 18.730023289999991 2019 11 13 12:18:46.310017704964 28299651.8 28818.8 1.019383e-003
   211 19.000021430000000 2019 11 13 12:18:46.580022275448 28299631.6 28798.6 1.018668e-003
   256 23.046947140000000 2019 11 13 12:18:50.626952648163 28299379.7 28546.7 1.009758e-003
   259 23.316930500000005 2019 11 13 12:18:50.896916985512 28299348.2 28515.2 1.008644e-003
   270 24.318982290000001 2019 11 13 12:18:51.898963451385 28299326.0 28493.0 1.007859e-003
   304 27.366864860000003 2019 11 13 12:18:54.946864843369 28299076.6 28243.6 9.990367e-004
   307 27.636855290000007 2019 11 13 12:18:55.216869413853 28299060.0 28227.0 9.984495e-004
   318 28.630129709999999 2019 11 13 12:18:56.210145056248 28298977.3 28144.3 9.955243e-004
   352 31.690377290000001 2019 11 13 12:18:59.270357787609 28298782.7 27949.7 9.886408e-004
   355 31.956784360000000 2019 11 13 12:18:59.536781609058 28298749.9 27916.9 9.874806e-004
   366 32.953264429999990 2019 11 13 12:19:00.533275902271 28298672.7 27839.7 9.847499e-004
   400 36.010458000000000 2019 11 13 12:19:03.590471148491 28298454.8 27621.8 9.770423e-004
   403 36.276704860000002 2019 11 13 12:19:03.856693804264 28298429.2 27596.2 9.761368e-004
   414 37.266832500000007 2019 11 13 12:19:04.846831262112 28298343.1 27510.1 9.730912e-004
   448 40.332579140000007 2019 11 13 12:19:07.912596166134 28298105.5 27272.5 9.646868e-004
   451 40.596634360000003 2019 11 13 12:19:08.176646232605 28298089.2 27256.2 9.641103e-004
   462 41.586651499999995 2019 11 13 12:19:09.166662991047 28298011.8 27178.8 9.613725e-004
   499 44.916564569999991 2019 11 13 12:19:12.496558427811 28297742.4 26909.4 9.518432e-004
   510 45.910717000000005 2019 11 13 12:19:13.490719199181 28297629.5 26796.5 9.478497e-004
   544 48.971289289999994 2019 11 13 12:19:16.551294028759 28297419.5 26586.5 9.404215e-004
   547 49.236481930000004 2019 11 13 12:19:16.816470623016 28297376.8 26543.8 9.389111e-004
   558 50.233801000000000 2019 11 13 12:19:17.813809812069 28297292.6 26459.6 9.359328e-004
   564 50.771095140000007 2019 11 13 12:19:18.351083099842 28297221.3 26388.3 9.334108e-004
   595 53.556416859999999 2019 11 13 12:19:21.136423051357 28296990.2 26157.2 9.252363e-004
   606 54.551174709999998 2019 11 13 12:19:22.131187319756 28296897.8 26064.8 9.219679e-004
   702 63.186813860000001 2019 11 13 12:19:30.766827464104 28296070.5 25237.5 8.927045e-004
   750 67.512988569999990 2019 11 13 12:19:35.092975795269 28295629.0 24796.0 8.770877e-004
   756 68.053946859999968 2019 11 13 12:19:35.633950531483 28295592.7 24759.7 8.758037e-004
   798 71.826157069999979 2019 11 13 12:19:39.406169056892 28295187.7 24354.7 8.614780e-004
   809 72.821039859999985 2019 11 13 12:19:40.401054024696 28295259.6 24426.6 8.640212e-004
   846 76.146099359999980 2019 11 13 12:19:43.726081252098 28294702.4 23869.4 8.443119e-004
   894 80.466022640000020 2019 11 13 12:19:48.046033680439 28294202.3 23369.3 8.266223e-004
   942 84.785976709999986 2019 11 13 12:19:52.365986108780 28293685.0 22852.0 8.083243e-004
   990 89.105895139999987 2019 11 13 12:19:56.685898303986 28293136.5 22303.5 7.889226e-004
  1001 90.104117709999983 2019 11 13 12:19:57.684122622013 28293015.6 22182.6 7.846461e-004
  1038 93.425844139999967 2019 11 13 12:20:01.005850732327 28292580.0 21747.0 7.692380e-004
  1049 94.416079139999979 2019 11 13 12:20:01.996068656445 28292445.1 21612.1 7.644663e-004
  1086 97.745794640000014 2019 11 13 12:20:05.325803160667 28291977.6 21144.6 7.479299e-004
  1097 98.736703500000004 2019 11 13 12:20:06.316705048084 28291841.1 21008.1 7.431016e-004
  1134 102.065749709999990 2019 11 13 12:20:09.645755589008 28291382.6 20549.6 7.268834e-004
  1145 103.060025859999980 2019 11 13 12:20:10.640037059784 28291254.1 20421.1 7.223381e-004
  1182 106.385681709999990 2019 11 13 12:20:13.965667784214 28290732.1 19899.1 7.038738e-004
  1193 107.375666499999980 2019 11 13 12:20:14.955684542656 28290582.7 19749.7 6.985892e-004
  1230 110.705625639999990 2019 11 13 12:20:18.285620212555 28290070.8 19237.8 6.804822e-004
  1241 111.695614430000010 2019 11 13 12:20:19.275596737862 28289920.8 19087.8 6.751764e-004
  1278 115.025581859999990 2019 11 13 12:20:22.605572640896 28289393.7 18560.7 6.565318e-004
  1289 116.015556430000000 2019 11 13 12:20:23.595549166203 28289226.6 18393.6 6.506211e-004
  1326 119.346394000000000 2019 11 13 12:20:26.926410198212 28288677.8 17844.8 6.312089e-004
  1337 120.335515070000000 2019 11 13 12:20:27.915501594543 28288510.1 17677.1 6.252769e-004
  1374 123.666217070000000 2019 11 13 12:20:31.246201694012 28287951.3 17118.3 6.055110e-004
  1385 124.655464569999990 2019 11 13 12:20:32.235454022884 28287784.1 16951.1 5.995968e-004
  1433 128.975427640000020 2019 11 13 12:20:36.555446684361 28287002.1 16169.1 5.719357e-004
  1481 133.295380639999990 2019 11 13 12:20:40.875399112701 28286207.9 15374.9 5.438432e-004
  1529 137.615331070000000 2019 11 13 12:20:45.195311307907 28285398.3 14565.3 5.152059e-004
  1577 141.935292500000000 2019 11 13 12:20:49.515303969383 28284548.8 13715.8 4.851573e-004
  1611 145.004413709999990 2019 11 13 12:20:52.584408223629 28283906.0 13073.0 4.624200e-004
  1625 146.255259360000030 2019 11 13 12:20:53.835256397724 28283677.4 12844.4 4.543340e-004
  1643 147.875558569999980 2019 11 13 12:20:55.455565452576 28283327.4 12494.4 4.419537e-004
  1673 150.575224289999990 2019 11 13 12:20:58.155208826065 28282788.4 11955.4 4.228881e-004
  1691 152.195630429999990 2019 11 13 12:20:59.775638580322 28282454.2 11621.2 4.110668e-004
  1707 153.635989360000020 2019 11 13 12:21:01.215984821320 28282147.5 11314.5 4.002181e-004
  1721 154.895193860000010 2019 11 13 12:21:02.475201487541 28281869.9 11036.9 3.903988e-004
  1739 156.520653429999980 2019 11 13 12:21:04.100660383701 28281534.7 10701.7 3.785421e-004
  1755 157.956595929999990 2019 11 13 12:21:05.536580979824 28281208.8 10375.8 3.670143e-004
  1769 159.215168209999970 2019 11 13 12:21:06.795153915882 28280933.2 10100.2 3.572657e-004
  1787 160.835178570000010 2019 11 13 12:21:08.415181338787 28280573.3 9740.3 3.445353e-004
  1817 163.535145860000000 2019 11 13 12:21:11.115146577358 28279970.7 9137.7 3.232200e-004
  1835 165.155172360000020 2019 11 13 12:21:12.735174000263 28279615.8 8782.8 3.106665e-004
  1851 166.595222930000010 2019 11 13 12:21:14.175238609314 28279304.0 8471.0 2.996374e-004
  1865 167.855124500000020 2019 11 13 12:21:15.435139238834 28279001.7 8168.7 2.889444e-004
  1883 169.475160360000020 2019 11 13 12:21:17.055166661739 28278619.9 7786.9 2.754394e-004
  1899 170.921789430000020 2019 11 13 12:21:18.501789271832 28278282.3 7449.3 2.634977e-004
  1913 172.175105789999950 2019 11 13 12:21:19.755091667175 28277993.7 7160.7 2.532893e-004
  1931 173.795104069999980 2019 11 13 12:21:21.375119090080 28277628.9 6795.9 2.403856e-004
  1946 175.151724140000000 2019 11 13 12:21:22.731740176678 28277316.1 6483.1 2.293212e-004
  1947 175.242072709999970 2019 11 13 12:21:22.822063565254 28277300.5 6467.5 2.287693e-004
  1961 176.495083709999990 2019 11 13 12:21:24.075084328651 28276993.7 6160.7 2.179172e-004
  1979 178.115077859999990 2019 11 13 12:21:25.695071518421 28276614.4 5781.4 2.045005e-004
  1994 179.475541429999990 2019 11 13 12:21:27.055554986000 28276436.0 5603.0 1.981901e-004
  1995 179.562037430000030 2019 11 13 12:21:27.142056226730 28276286.0 5453.0 1.928843e-004
  2009 180.815070289999990 2019 11 13 12:21:28.395076990128 28275976.2 5143.2 1.819260e-004
  2027 182.435075709999980 2019 11 13 12:21:30.015064179897 28275584.5 4751.5 1.680707e-004
  2042 183.785077640000000 2019 11 13 12:21:31.365087032318 28275266.0 4433.0 1.568047e-004
  2057 185.135071289999960 2019 11 13 12:21:32.715069651604 28274937.9 4104.9 1.451991e-004
  2075 186.755053929999970 2019 11 13 12:21:34.335056841373 28274543.8 3710.8 1.312590e-004
  2105 189.455060710000000 2019 11 13 12:21:37.035062313080 28273887.1 3054.1 1.080301e-004
  2123 191.075049999999980 2019 11 13 12:21:38.655049502850 28273494.3 2661.3 9.413589e-005
  2150 193.514429289999980 2019 11 13 12:21:41.094424724579 28272903.2 2070.2 7.322741e-005
  2153 193.775351289999950 2019 11 13 12:21:41.355336606503 28272853.3 2020.3 7.146234e-005
  2171 195.395038710000020 2019 11 13 12:21:42.975042164326 28272435.0 1602.0 5.666618e-005
  2198 197.826725570000010 2019 11 13 12:21:45.406732857227 28271842.9 1009.9 3.572233e-005
  2201 198.095057000000000 2019 11 13 12:21:45.675047636032 28271796.5  963.5 3.408106e-005
  2219 199.715035569999970 2019 11 13 12:21:47.295034825802 28271385.1  552.1 1.952896e-005
  2235 201.156043710000010 2019 11 13 12:21:48.736024796963 28271051.6  218.6 7.732351e-006
  2267 204.035041640000000 2019 11 13 12:21:51.615027487278 28270330.3 -502.7 -1.778158e-005
  2283 205.475523139999980 2019 11 13 12:21:53.055534660816 28269980.4 -852.6 -3.015829e-005
  2306 207.550320430000030 2019 11 13 12:21:55.130317211151 28269475.1 -1357.9 -4.803184e-005
  2315 208.355034430000020 2019 11 13 12:21:55.935020148754 28269266.9 -1566.1 -5.539632e-005
  2331 209.801973000000000 2019 11 13 12:21:57.381964623928 28268903.0 -1930.0 -6.826824e-005
  2363 212.675059209999970 2019 11 13 12:22:00.255053043365 28268221.4 -2611.6 -9.237789e-005
  2379 214.126466570000020 2019 11 13 12:22:01.706463396549 28267683.5 -3149.5 -1.114046e-004
  2411 216.995054999999980 2019 11 13 12:22:04.575045704842 28267171.2 -3661.8 -1.295257e-004
  2427 218.440657569999980 2019 11 13 12:22:06.020662486553 28266789.2 -4043.8 -1.430379e-004
  2438 219.426121500000020 2019 11 13 12:22:07.006132900715 28266590.8 -4242.2 -1.500557e-004
  2459 221.315071069999990 2019 11 13 12:22:08.895078599453 28266133.6 -4699.4 -1.662279e-004
  2483 223.484362570000000 2019 11 13 12:22:11.064368784428 28265605.8 -5227.2 -1.848973e-004
  2486 223.745098499999980 2019 11 13 12:22:11.325079500675 28265529.7 -5303.3 -1.875891e-004
  2507 225.635087430000000 2019 11 13 12:22:13.215071260929 28265093.3 -5739.7 -2.030255e-004
  2523 227.081615140000000 2019 11 13 12:22:14.661613404751 28264754.9 -6078.1 -2.149954e-004
  2534 228.065086430000010 2019 11 13 12:22:15.645072162151 28264524.6 -6308.4 -2.231416e-004
  2555 229.955114140000010 2019 11 13 12:22:17.535104155540 28264081.8 -6751.2 -2.388044e-004
  2571 231.403774139999970 2019 11 13 12:22:18.983778655529 28263749.8 -7083.2 -2.505480e-004
  2582 232.385115140000010 2019 11 13 12:22:19.965105056763 28263504.0 -7329.0 -2.592424e-004
  2603 234.275131709999980 2019 11 13 12:22:21.855137050152 28263078.0 -7755.0 -2.743110e-004
  2619 235.716561289999960 2019 11 13 12:22:23.296569585800 28262756.3 -8076.7 -2.856902e-004
  2630 236.705120999999990 2019 11 13 12:22:24.285137951374 28262529.6 -8303.4 -2.937091e-004
  2651 238.595148500000020 2019 11 13 12:22:26.175129711628 28262103.8 -8729.2 -3.087705e-004
  2667 240.035233289999980 2019 11 13 12:22:27.615234553814 28261775.1 -9057.9 -3.203974e-004
  2678 241.025144070000010 2019 11 13 12:22:28.605130612850 28261553.2 -9279.8 -3.282464e-004
  2699 242.915185429999980 2019 11 13 12:22:30.495202839375 28261151.4 -9681.6 -3.424590e-004
  2715 244.355256210000020 2019 11 13 12:22:31.935267448425 28260829.6 -10003.4 -3.538417e-004
  2726 245.345171860000020 2019 11 13 12:22:32.925163507462 28260607.2 -10225.8 -3.617085e-004
  2771 249.402995140000000 2019 11 13 12:22:36.982997059822 28259736.3 -11096.7 -3.925141e-004
  2774 249.665202290000000 2019 11 13 12:22:37.245196402073 28259670.9 -11162.1 -3.948274e-004
  2789 251.016834789999990 2019 11 13 12:22:38.596828579903 28259387.0 -11446.0 -4.048696e-004
  2819 253.726492710000000 2019 11 13 12:22:41.306490004063 28258779.9 -12053.1 -4.263440e-004
  2822 253.985253070000000 2019 11 13 12:22:41.565269529819 28258766.7 -12066.3 -4.268109e-004
  2837 255.341739140000020 2019 11 13 12:22:42.921729683876 28258473.0 -12360.0 -4.371997e-004
  2867 258.035983289999990 2019 11 13 12:22:45.615981817245 28257913.8 -12919.2 -4.569798e-004
  2870 258.305275499999990 2019 11 13 12:22:45.885262191296 28257877.2 -12955.8 -4.582744e-004
  2885 259.661797289999920 2019 11 13 12:22:47.241802811623 28257604.1 -13228.9 -4.679346e-004
  2918 262.625310359999960 2019 11 13 12:22:50.205295085907 28257009.0 -13824.0 -4.889845e-004
  2966 266.945339639999930 2019 11 13 12:22:54.525327980518 28256170.9 -14662.1 -5.186299e-004
  3014 271.265377859999940 2019 11 13 12:22:58.845360875130 28255354.8 -15478.2 -5.474971e-004
  3029 272.620390429999930 2019 11 13 12:23:00.200372636318 28255117.4 -15715.6 -5.558945e-004
  3035 273.156502999999930 2019 11 13 12:23:00.736519396305 28254987.2 -15845.8 -5.604999e-004
  3062 275.585422790000000 2019 11 13 12:23:03.165434002876 28254570.4 -16262.6 -5.752430e-004
  3083 277.482777140000000 2019 11 13 12:23:05.062788426876 28254234.2 -16598.8 -5.871352e-004
  3104 279.365488789999970 2019 11 13 12:23:06.945497989655 28253895.0 -16938.0 -5.991334e-004
  3107 279.636884430000010 2019 11 13 12:23:07.216870486736 28253855.4 -16977.6 -6.005341e-004
  3110 279.905465140000050 2019 11 13 12:23:07.485466897488 28253809.3 -17023.7 -6.021648e-004
  3125 281.266362999999960 2019 11 13 12:23:08.846352696419 28253441.0 -17392.0 -6.151923e-004
  3131 281.796283499999960 2019 11 13 12:23:09.376303553581 28253489.1 -17343.9 -6.134909e-004
  3152 283.692261140000030 2019 11 13 12:23:11.272249817848 28253167.0 -17666.0 -6.248843e-004
  3155 283.955556069999940 2019 11 13 12:23:11.535575687885 28253115.3 -17717.7 -6.267131e-004
  3158 284.225535069999860 2019 11 13 12:23:11.805540025234 28253080.9 -17752.1 -6.279299e-004
  3200 288.005871790000010 2019 11 13 12:23:15.585885643959 28252448.6 -18384.4 -6.502957e-004
  3203 288.275573289999950 2019 11 13 12:23:15.855568349361 28252393.7 -18439.3 -6.522376e-004
  3206 288.545728569999990 2019 11 13 12:23:16.125733852386 28252359.4 -18473.6 -6.534509e-004
  3248 292.325812499999930 2019 11 13 12:23:19.905797839165 28251751.2 -19081.8 -6.749642e-004
  3251 292.595609429999970 2019 11 13 12:23:20.175601243973 28251722.7 -19110.3 -6.759723e-004
  3254 292.865617499999930 2019 11 13 12:23:20.445605814457 28251676.3 -19156.7 -6.776136e-004
  3296 296.645731790000010 2019 11 13 12:23:24.225750267506 28251094.8 -19738.2 -6.981825e-004
  3299 296.915664429999990 2019 11 13 12:23:24.495674371719 28251063.0 -19770.0 -6.993073e-004
  3302 297.185731999999920 2019 11 13 12:23:24.765719175339 28251019.9 -19813.1 -7.008318e-004
  3344 300.966179639999890 2019 11 13 12:23:28.546185493469 28250457.0 -20376.0 -7.207428e-004
  3347 301.235729569999930 2019 11 13 12:23:28.815747499466 28250432.3 -20400.7 -7.216165e-004
  3350 301.510140859999920 2019 11 13 12:23:29.090137481689 28250381.0 -20452.0 -7.234311e-004
  3392 305.294862140000020 2019 11 13 12:23:32.874868512154 28249848.5 -20984.5 -7.422668e-004
  3440 309.605897000000030 2019 11 13 12:23:37.185889184475 28249258.7 -21574.3 -7.631293e-004
  3443 309.876199929999870 2019 11 13 12:23:37.456215620041 28249226.3 -21606.7 -7.642753e-004
  3488 313.926406639999930 2019 11 13 12:23:41.506404876709 28248693.3 -22139.7 -7.831287e-004
  3491 314.196540859999970 2019 11 13 12:23:41.776530146599 28248675.7 -22157.3 -7.837512e-004
  3521 316.896943709999960 2019 11 13 12:23:44.476937949657 28248301.7 -22531.3 -7.969804e-004
  3536 318.245942140000010 2019 11 13 12:23:45.825954973698 28248149.8 -22683.2 -8.023534e-004
  3539 318.516063789999920 2019 11 13 12:23:46.096080243587 28248094.4 -22738.6 -8.043131e-004
  3569 321.215996209999960 2019 11 13 12:23:48.796005249023 28247782.3 -23050.7 -8.153527e-004
  3584 322.573881429999970 2019 11 13 12:23:50.153873562813 28247629.6 -23203.4 -8.207540e-004
  3665 329.856766140000050 2019 11 13 12:23:57.436755001545 28246781.7 -24051.3 -8.507461e-004
  3713 334.176215139999950 2019 11 13 12:24:01.756224632263 28246312.5 -24520.5 -8.673427e-004
  3809 342.824491430000020 2019 11 13 12:24:10.404497981071 28245458.4 -25374.6 -8.975540e-004
  3857 347.136385709999960 2019 11 13 12:24:14.716403782368 28245033.9 -25799.1 -9.125695e-004
  3905 351.464769429999990 2019 11 13 12:24:19.044764935970 28244656.1 -26176.9 -9.259331e-004
  4001 360.096606499999950 2019 11 13 12:24:27.676623165607 28243910.1 -26922.9 -9.523207e-004
  4484 403.575146709999960 2019 11 13 12:25:11.155164241791 28241038.7 -29794.3 -1.053888e-003
  4580 412.216566709999940 2019 11 13 12:25:19.796557724476 28240615.4 -30217.6 -1.068861e-003
  4628 416.533364859999950 2019 11 13 12:25:24.113371968269 28240398.4 -30434.6 -1.076537e-003
  4676 420.855298570000000 2019 11 13 12:25:28.435295820236 28240116.5 -30716.5 -1.086508e-003
  4724 425.174520429999970 2019 11 13 12:25:32.754524052143 28240034.3 -30798.7 -1.089416e-003
  4772 429.497546859999940 2019 11 13 12:25:37.077534198761 28239828.7 -31004.3 -1.096689e-003
  4916 442.452203430000000 2019 11 13 12:25:50.032201409340 28239352.3 -31480.7 -1.113540e-003
  4964 446.772377289999950 2019 11 13 12:25:54.352395236492 28239182.4 -31650.6 -1.119550e-003
  5012 451.095852999999920 2019 11 13 12:25:58.675847947598 28239050.8 -31782.2 -1.124205e-003
  5060 455.414441570000010 2019 11 13 12:26:02.994432449341 28238879.7 -31953.3 -1.130257e-003
  5152 463.703224429999920 2019 11 13 12:26:11.283222734928 28302718.4 31885.4 1.127855e-003
  5200 468.019724999999990 2019 11 13 12:26:15.599715113640 28302599.0 31766.0 1.123632e-003
  5248 472.334736859999960 2019 11 13 12:26:19.914718866348 28302483.3 31650.3 1.119539e-003
  5296 476.658114709999950 2019 11 13 12:26:24.238131344318 28302369.2 31536.2 1.115503e-003
  5344 480.975593859999950 2019 11 13 12:26:28.555589318275 28302232.2 31399.2 1.110657e-003
  5392 485.293781859999970 2019 11 13 12:26:32.873771488667 28302091.3 31258.3 1.105673e-003
  5395 485.569667140000040 2019 11 13 12:26:33.149650096893 28302073.4 31240.4 1.105040e-003
  5440 489.613642710000020 2019 11 13 12:26:37.193643450737 28301939.2 31106.2 1.100293e-003
  5443 489.883668290000000 2019 11 13 12:26:37.463688254356 28301932.2 31099.2 1.100045e-003
  5488 493.938690429999950 2019 11 13 12:26:41.518705487251 28301796.0 30963.0 1.095228e-003
  5536 498.253328709999950 2019 11 13 12:26:45.833347141743 28301632.1 30799.1 1.089430e-003
  5539 498.523718569999910 2019 11 13 12:26:46.103713810444 28301628.4 30795.4 1.089299e-003
  5584 502.573259569999950 2019 11 13 12:26:50.153259336948 28301479.1 30646.1 1.084018e-003
  5587 502.845342290000020 2019 11 13 12:26:50.425356030464 28301445.3 30612.3 1.082823e-003
  5632 506.892993999999930 2019 11 13 12:26:54.473010599613 28301316.5 30483.5 1.078267e-003
  5635 507.162965999999980 2019 11 13 12:26:54.742974936962 28301288.0 30455.0 1.077259e-003
  5680 511.212827860000000 2019 11 13 12:26:58.792842328548 28301141.0 30308.0 1.072059e-003
  5683 511.482832859999920 2019 11 13 12:26:59.062846899033 28301128.5 30295.5 1.071617e-003
  5728 515.532665859999720 2019 11 13 12:27:03.112674057484 28300945.3 30112.3 1.065137e-003
  5731 515.802653859999850 2019 11 13 12:27:03.382638394833 28300946.8 30113.8 1.065190e-003
  5776 519.852497859999860 2019 11 13 12:27:07.432505786419 28300754.7 29921.7 1.058395e-003
  5779 520.122486429999980 2019 11 13 12:27:07.702470123768 28300754.7 29921.7 1.058395e-003
  5824 524.172345429999950 2019 11 13 12:27:11.752337515354 28300575.3 29742.3 1.052049e-003
  5827 524.442322429999880 2019 11 13 12:27:12.022342085838 28300558.4 29725.4 1.051451e-003
  5872 528.492250999999900 2019 11 13 12:27:16.072249710560 28300379.1 29546.1 1.045109e-003
  5875 528.762182859999940 2019 11 13 12:27:16.342173814774 28300358.2 29525.2 1.044370e-003
  5920 532.813671000000000 2019 11 13 12:27:20.393690764904 28300141.2 29308.2 1.036694e-003
  5923 533.082022709999930 2019 11 13 12:27:20.662005543709 28300141.7 29308.7 1.036712e-003
  5968 537.137290999999890 2019 11 13 12:27:24.717304408550 28299932.6 29099.6 1.029315e-003
  5971 537.401864999999930 2019 11 13 12:27:24.981877505779 28299926.3 29093.3 1.029092e-003
  6019 541.721704570000160 2019 11 13 12:27:29.301709234715 28299688.6 28855.6 1.020684e-003
  6067 546.041553139999910 2019 11 13 12:27:33.621540963650 28299458.9 28625.9 1.012559e-003
  6115 550.361397289999900 2019 11 13 12:27:37.941412925720 28299222.2 28389.2 1.004187e-003
  6163 554.681297709999970 2019 11 13 12:27:42.261284887791 28298955.8 28122.8 9.947638e-004
  6211 559.001094859999970 2019 11 13 12:27:46.581076383591 28298697.9 27864.9 9.856413e-004
  6259 563.320949570000040 2019 11 13 12:27:50.900948345661 28298424.2 27591.2 9.759599e-004
  6307 567.640820570000070 2019 11 13 12:27:55.220820307732 28298128.4 27295.4 9.654968e-004
  6355 571.960663999999720 2019 11 13 12:27:59.540652036667 28297830.9 26997.9 9.549736e-004
  6397 575.741828999999940 2019 11 13 12:28:03.321842551231 28297568.7 26735.7 9.456991e-004
  6403 576.280510710000040 2019 11 13 12:28:03.860523998737 28297527.7 26694.7 9.442488e-004
  6445 580.060425999999890 2019 11 13 12:28:07.640427052975 28297253.3 26420.3 9.345427e-004
  6451 580.600384000000080 2019 11 13 12:28:08.180395960808 28297204.8 26371.8 9.328271e-004
  6493 584.380283999999960 2019 11 13 12:28:11.960299015045 28296923.3 26090.3 9.228699e-004
  6499 584.920247429999900 2019 11 13 12:28:12.500227689743 28296859.4 26026.4 9.206096e-004
  6541 588.700146710000010 2019 11 13 12:28:16.280130743980 28296570.6 25737.6 9.103941e-004
  6547 589.240093860000000 2019 11 13 12:28:16.820099651814 28296520.4 25687.4 9.086184e-004
  6569 591.220246429999970 2019 11 13 12:28:18.800253868103 28296364.0 25531.0 9.030862e-004
  6589 593.016993070000010 2019 11 13 12:28:20.596985220909 28296205.3 25372.3 8.974727e-004
  6595 593.556986570000050 2019 11 13 12:28:21.136994361877 28296162.3 25329.3 8.959517e-004
  6637 597.336940289999920 2019 11 13 12:28:24.916937649250 28295842.1 25009.1 8.846255e-004
  6643 597.876922859999920 2019 11 13 12:28:25.456906557083 28295795.4 24962.4 8.829736e-004
  6685 601.656870860000030 2019 11 13 12:28:29.236890077591 28295452.0 24619.0 8.708268e-004
  6798 611.835094570000020 2019 11 13 12:28:39.415108859539 28294485.7 23652.7 8.366467e-004
  6846 616.150430860000030 2019 11 13 12:28:43.730434477329 28294036.4 23203.4 8.207540e-004
  6894 620.466793639999990 2019 11 13 12:28:48.046806156635 28293600.6 22767.6 8.053388e-004
  6942 624.791386000000100 2019 11 13 12:28:52.371385395527 28293123.5 22290.5 7.884628e-004
  6990 629.114165709999840 2019 11 13 12:28:56.694154143333 28292636.6 21803.6 7.712401e-004
  7038 633.434715289999990 2019 11 13 12:29:01.014710068703 28292136.5 21303.5 7.535505e-004
  7053 634.788117710000050 2019 11 13 12:29:02.368112504482 28291976.5 21143.5 7.478909e-004
  7149 643.416351360000020 2019 11 13 12:29:10.996349751949 28290888.9 20055.9 7.094202e-004
  7182 646.394379709999950 2019 11 13 12:29:13.974366188049 28290509.8 19676.8 6.960106e-004
  7197 647.736226639999930 2019 11 13 12:29:15.316221714020 28290321.4 19488.4 6.893465e-004
  7241 651.705137710000030 2019 11 13 12:29:19.285140037537 28289796.4 18963.4 6.707761e-004
  7245 652.056179359999990 2019 11 13 12:29:19.636174142361 28289739.1 18906.1 6.687493e-004
  7337 660.341621999999800 2019 11 13 12:29:27.921625077724 28288571.6 17738.6 6.274523e-004
  7355 661.956668789999750 2019 11 13 12:29:29.536663591862 28288341.8 17508.8 6.193238e-004
  7385 664.656955570000040 2019 11 13 12:29:32.236950695515 28287929.5 17096.5 6.047399e-004
  7403 666.283912290000100 2019 11 13 12:29:33.863898217678 28287654.5 16821.5 5.950125e-004
  7433 668.976935499999970 2019 11 13 12:29:36.556943356991 28287266.6 16433.6 5.812917e-004
  7481 673.295957290000050 2019 11 13 12:29:40.875970423222 28286583.9 15750.9 5.571431e-004
  7499 674.916251859999870 2019 11 13 12:29:42.496239244938 28286329.6 15496.6 5.481480e-004
  7529 677.616239210000000 2019 11 13 12:29:45.196244716644 28285883.7 15050.7 5.323755e-004
  7547 679.236407570000100 2019 11 13 12:29:46.816392838955 28285625.6 14792.6 5.232460e-004
  7577 681.935912929999970 2019 11 13 12:29:49.515915513039 28285164.1 14331.1 5.069217e-004
  7625 686.255836710000040 2019 11 13 12:29:53.835827708244 28284426.0 13593.0 4.808136e-004
  7643 687.876140640000020 2019 11 13 12:29:55.456136763096 28284140.7 13307.7 4.707219e-004
  7673 690.575798790000020 2019 11 13 12:29:58.155780136585 28283668.0 12835.0 4.540015e-004
  7691 692.196180430000030 2019 11 13 12:29:59.776169657707 28283390.1 12557.1 4.441716e-004
  7721 694.895770500000140 2019 11 13 12:30:02.475772798061 28282904.1 12071.1 4.269807e-004
  7739 696.516303930000050 2019 11 13 12:30:04.096323251724 28282600.2 11767.2 4.162311e-004
  7769 699.215733210000170 2019 11 13 12:30:06.795725226402 28282103.4 11270.4 3.986582e-004
  7787 700.835738070000050 2019 11 13 12:30:08.415752649307 28281788.3 10955.3 3.875125e-004
  7817 703.535719640000020 2019 11 13 12:30:11.115717887878 28281305.5 10472.5 3.704348e-004
  7835 705.155700140000020 2019 11 13 12:30:12.735705077648 28280987.8 10154.8 3.591971e-004
  7865 707.855696209999910 2019 11 13 12:30:15.435710549355 28280457.3 9624.3 3.404321e-004
  7883 709.475679209999950 2019 11 13 12:30:17.055697739124 28280157.4 9324.4 3.298240e-004
  7913 712.175670930000140 2019 11 13 12:30:19.755662977695 28279627.2 8794.2 3.110697e-004
  7931 713.795652070000070 2019 11 13 12:30:21.375650167465 28279316.2 8483.2 3.000690e-004
  7961 716.495644139999970 2019 11 13 12:30:24.075655639172 28278774.7 7941.7 2.809150e-004
  7979 718.115627639999840 2019 11 13 12:30:25.695642828941 28278450.5 7617.5 2.694473e-004
  8009 720.816319789999850 2019 11 13 12:30:28.396332263947 28277908.0 7075.0 2.502579e-004
  8027 722.435605929999840 2019 11 13 12:30:30.015595257282 28277574.2 6741.2 2.384507e-004
  8042 723.785785360000200 2019 11 13 12:30:31.365779042244 28277301.8 6468.8 2.288153e-004
  8057 725.135742930000110 2019 11 13 12:30:32.715761661530 28277038.1 6205.1 2.194877e-004
  8075 726.755592859999980 2019 11 13 12:30:34.335587918758 28276689.9 5856.9 2.071711e-004
  8090 728.105701930000120 2019 11 13 12:30:35.685691237450 28276410.3 5577.3 1.972811e-004
  8105 729.462403139999880 2019 11 13 12:30:37.042392790318 28276108.6 5275.6 1.866093e-004
  8123 731.075583499999990 2019 11 13 12:30:38.655580580235 28275795.0 4962.0 1.755166e-004
  8138 732.425847500000030 2019 11 13 12:30:40.005844831467 28275522.6 4689.6 1.658812e-004
  8171 735.395556210000000 2019 11 13 12:30:42.975573241711 28274892.0 4059.0 1.435755e-004
  8186 736.745564429999830 2019 11 13 12:30:44.325555860996 28274605.1 3772.1 1.334273e-004
  8201 738.102981570000110 2019 11 13 12:30:45.682981610298 28274328.5 3495.5 1.236433e-004
  8219 739.715562789999920 2019 11 13 12:30:47.295565903187 28273985.0 3152.0 1.114930e-004
  8234 741.065568709999870 2019 11 13 12:30:48.645588755608 28273697.7 2864.7 1.013306e-004
  8267 744.035545640000010 2019 11 13 12:30:51.615558564663 28273067.9 2234.9 7.905321e-005
  8282 745.385550930000020 2019 11 13 12:30:52.965541183949 28272783.6 1950.6 6.899691e-005
  8315 748.355546069999830 2019 11 13 12:30:55.935551226139 28272142.3 1309.3 4.631275e-005
  8330 749.706399930000090 2019 11 13 12:30:57.286418974400 28271864.1 1031.1 3.647222e-005
  8354 751.865739570000070 2019 11 13 12:30:59.445731341839 28271382.9  549.9 1.945114e-005
  8363 752.675532640000140 2019 11 13 12:31:00.255543887615 28271229.4  396.4 1.402152e-005
  8378 754.030152429999930 2019 11 13 12:31:01.610153317451 28270946.7  113.7 4.021813e-006
  8402 756.185558570000130 2019 11 13 12:31:03.765563070774 28270476.1 -356.9 -1.262432e-005
  8411 756.995544210000050 2019 11 13 12:31:04.575536549091 28270302.2 -530.8 -1.877553e-005
  8450 760.505553289999970 2019 11 13 12:31:08.085555732250 28269558.3 -1274.7 -4.508887e-005
  8459 761.315537640000000 2019 11 13 12:31:08.895529210567 28269381.4 -1451.6 -5.134621e-005
  8498 764.825577709999830 2019 11 13 12:31:12.405588626862 28268640.3 -2192.7 -7.756050e-005
  8507 765.635556500000010 2019 11 13 12:31:13.215562105179 28268459.0 -2374.0 -8.397347e-005
  8546 769.146659289999890 2019 11 13 12:31:16.726667582989 28267709.8 -3123.2 -1.104743e-004
  8555 769.966419859999860 2019 11 13 12:31:17.546417713165 28267588.6 -3244.4 -1.147614e-004
  8594 773.465590570000020 2019 11 13 12:31:21.045573949814 28266806.9 -4026.1 -1.424118e-004
  8603 774.275588360000140 2019 11 13 12:31:21.855587661266 28266640.5 -4192.5 -1.482977e-004
  8615 775.360993859999890 2019 11 13 12:31:22.940997183323 28266412.1 -4420.9 -1.563767e-004
  8642 777.785616710000000 2019 11 13 12:31:25.365606844425 28265896.4 -4936.6 -1.746181e-004
  8645 778.062525289999830 2019 11 13 12:31:25.642531514168 28265857.4 -4975.6 -1.759976e-004
  8651 778.595578070000100 2019 11 13 12:31:26.175580322742 28265740.0 -5093.0 -1.801503e-004
  8663 779.680042570000070 2019 11 13 12:31:27.260024249554 28265512.8 -5320.2 -1.881869e-004
  8678 781.036749570000100 2019 11 13 12:31:28.616766035557 28265249.7 -5583.3 -1.974933e-004
  8699 782.915599859999930 2019 11 13 12:31:30.495613217354 28264841.5 -5991.5 -2.119322e-004
  8711 783.995590930000050 2019 11 13 12:31:31.575591266155 28264628.1 -6204.9 -2.194806e-004
  8726 785.346199999999730 2019 11 13 12:31:32.926217615604 28264354.3 -6478.7 -2.291655e-004
  8747 787.235683570000110 2019 11 13 12:31:34.815686345100 28263962.5 -6870.5 -2.430243e-004
  8759 788.315619289999860 2019 11 13 12:31:35.895624160767 28263744.7 -7088.3 -2.507284e-004
  8774 789.665888070000050 2019 11 13 12:31:37.245888411999 28263461.8 -7371.2 -2.607352e-004
  8795 791.555621709999850 2019 11 13 12:31:39.135638773441 28263100.7 -7732.3 -2.735080e-004
  8807 792.635645289999840 2019 11 13 12:31:40.215657055378 28262880.1 -7952.9 -2.813111e-004
  8822 793.985658789999890 2019 11 13 12:31:41.565639674664 28262608.6 -8224.4 -2.909147e-004
  8843 795.875653499999880 2019 11 13 12:31:43.455671668053 28262230.4 -8602.6 -3.042924e-004
  8855 796.955656289999870 2019 11 13 12:31:44.535649716854 28262027.5 -8805.5 -3.114694e-004
  8870 798.305675360000010 2019 11 13 12:31:45.885672569275 28261752.3 -9080.7 -3.212038e-004
  8891 800.195693789999840 2019 11 13 12:31:47.775704562664 28261392.0 -9441.0 -3.339484e-004
  8903 801.275673570000210 2019 11 13 12:31:48.855682611465 28261185.8 -9647.2 -3.412422e-004
  8907 801.636588070000020 2019 11 13 12:31:49.216573834419 28261142.2 -9690.8 -3.427844e-004
  8918 802.625693999999840 2019 11 13 12:31:50.205705463886 28260931.4 -9901.6 -3.502408e-004
  8939 804.522969859999880 2019 11 13 12:31:52.102979421616 28260547.4 -10285.6 -3.638237e-004
  8951 805.595707289999950 2019 11 13 12:31:53.175715506077 28260364.1 -10468.9 -3.703074e-004
  8966 806.945717640000000 2019 11 13 12:31:54.525698125362 28260103.9 -10729.1 -3.795113e-004
  8981 808.303134570000110 2019 11 13 12:31:55.883123874664 28259845.0 -10988.0 -3.886691e-004
  8987 808.836101429999870 2019 11 13 12:31:56.416092216969 28259756.0 -11077.0 -3.918172e-004
  8999 809.915738499999970 2019 11 13 12:31:57.495748400688 28259546.0 -11287.0 -3.992454e-004
  9014 811.266880209999950 2019 11 13 12:31:58.846897780895 28259308.0 -11525.0 -4.076640e-004
  9029 812.615907139999990 2019 11 13 12:32:00.195914804935 28259050.8 -11782.2 -4.167617e-004
  9047 814.235775290000110 2019 11 13 12:32:01.815781295300 28258761.7 -12071.3 -4.269878e-004
  9062 815.590230140000020 2019 11 13 12:32:03.170229792595 28258512.0 -12321.0 -4.358202e-004
  9077 816.936846500000000 2019 11 13 12:32:04.516832828522 28258296.7 -12536.3 -4.434358e-004
  9095 818.563469139999940 2019 11 13 12:32:06.143458485603 28257994.8 -12838.2 -4.541147e-004
  9110 819.911442429999970 2019 11 13 12:32:07.491429448128 28257762.9 -13070.1 -4.623175e-004
  9125 821.255828429999840 2019 11 13 12:32:08.835819661617 28257522.2 -13310.8 -4.708315e-004
  9158 824.234445000000050 2019 11 13 12:32:11.814439594746 28257006.3 -13826.7 -4.890800e-004
  9173 825.575862140000030 2019 11 13 12:32:13.155852556229 28256771.4 -14061.6 -4.973890e-004
  9206 828.545895789999920 2019 11 13 12:32:16.125902831554 28256275.3 -14557.7 -5.149371e-004
  9221 829.895890860000010 2019 11 13 12:32:17.475885450840 28256057.5 -14775.5 -5.226411e-004
  9227 830.440600570000020 2019 11 13 12:32:18.020601868629 28255952.5 -14880.5 -5.263552e-004
  9254 832.865938570000030 2019 11 13 12:32:20.445935726166 28255575.6 -15257.4 -5.396870e-004
  9269 834.215934429999950 2019 11 13 12:32:21.795918345451 28255355.7 -15477.3 -5.474653e-004
  9275 834.763119709999840 2019 11 13 12:32:22.343129217625 28255264.6 -15568.4 -5.506877e-004
  9302 837.190169859999970 2019 11 13 12:32:24.770152866840 28254866.6 -15966.4 -5.647658e-004
  9317 838.535984139999980 2019 11 13 12:32:26.115991473198 28254660.9 -16172.1 -5.720419e-004
  9323 839.076825930000040 2019 11 13 12:32:26.656845510006 28254556.9 -16276.1 -5.757206e-004
  9347 841.236038000000010 2019 11 13 12:32:28.816037178040 28254251.4 -16581.6 -5.865268e-004
  9350 841.506012639999990 2019 11 13 12:32:29.086001515388 28254204.3 -16628.7 -5.881928e-004
  9365 842.856028359999870 2019 11 13 12:32:30.436024367809 28254001.5 -16831.5 -5.953663e-004
  9371 843.400201429999920 2019 11 13 12:32:30.980217754841 28253908.0 -16925.0 -5.986736e-004
  9395 845.556266569999930 2019 11 13 12:32:33.136271238327 28253594.0 -17239.0 -6.097804e-004
  9398 845.826079429999940 2019 11 13 12:32:33.406074643135 28253547.4 -17285.6 -6.114287e-004
  9413 847.176063570000110 2019 11 13 12:32:34.756057262421 28253347.3 -17485.7 -6.185067e-004
  9419 847.720817000000010 2019 11 13 12:32:35.300813913345 28253288.9 -17544.1 -6.205724e-004
  9443 849.876100640000000 2019 11 13 12:32:37.456102967262 28252956.6 -17876.4 -6.323266e-004
  9446 850.146114069999840 2019 11 13 12:32:37.726107537746 28252914.2 -17918.8 -6.338264e-004
  9461 851.496115859999920 2019 11 13 12:32:39.076130390167 28252730.3 -18102.7 -6.403313e-004
  9467 852.036592289999930 2019 11 13 12:32:39.616582095623 28252645.2 -18187.8 -6.433415e-004
  9488 853.931138139999920 2019 11 13 12:32:41.511120200157 28252377.1 -18455.9 -6.528248e-004
  9491 854.196144140000000 2019 11 13 12:32:41.776135861874 28252344.1 -18488.9 -6.539920e-004
  9494 854.466155789999790 2019 11 13 12:32:42.046140432358 28252304.7 -18528.3 -6.553857e-004
  9509 855.816175929999990 2019 11 13 12:32:43.396163284779 28252131.8 -18701.2 -6.615016e-004
  9536 858.246573000000010 2019 11 13 12:32:45.826566517353 28251795.5 -19037.5 -6.733972e-004
  9539 858.516185709999830 2019 11 13 12:32:46.096168756485 28251755.2 -19077.8 -6.748227e-004
  9542 858.786206290000000 2019 11 13 12:32:46.366213560104 28251723.8 -19109.2 -6.759334e-004
  9557 860.136315789999910 2019 11 13 12:32:47.716316878796 28251534.0 -19299.0 -6.826470e-004
  9584 862.570986289999950 2019 11 13 12:32:50.150984823704 28251215.8 -19617.2 -6.939024e-004
  9587 862.836240499999920 2019 11 13 12:32:50.416241884232 28251179.1 -19653.9 -6.952006e-004
  9590 863.106265499999720 2019 11 13 12:32:50.686246454716 28251151.7 -19681.3 -6.961698e-004
  9605 864.464441289999970 2019 11 13 12:32:52.044436633587 28250960.2 -19872.8 -7.029436e-004
  9632 866.891785710000020 2019 11 13 12:32:54.471782147884 28250652.5 -20180.5 -7.138276e-004
  9635 867.156293429999890 2019 11 13 12:32:54.736274778843 28250622.6 -20210.4 -7.148852e-004
  9638 867.434163429999900 2019 11 13 12:32:55.014165043831 28250597.9 -20235.1 -7.157589e-004
  9680 871.213961140000040 2019 11 13 12:32:58.793947398663 28250122.9 -20710.1 -7.325607e-004
  9683 871.476352290000020 2019 11 13 12:32:59.056347906590 28250089.0 -20744.0 -7.337598e-004
  9731 875.796423499999830 2019 11 13 12:33:03.376421034336 28249563.7 -21269.3 -7.523408e-004
  9779 880.116466789999890 2019 11 13 12:33:07.696453928947 28249057.3 -21775.7 -7.702532e-004
  9809 882.824244139999910 2019 11 13 12:33:10.404224395752 28248770.1 -22062.9 -7.804121e-004
  9824 884.166777070000080 2019 11 13 12:33:11.746763885021 28248623.9 -22209.1 -7.855835e-004
  9827 884.436523429999850 2019 11 13 12:33:12.016527056694 28248577.7 -22255.3 -7.872177e-004
  9875 888.756597999999940 2019 11 13 12:33:16.336600184441 28248130.2 -22702.8 -8.030467e-004
  9905 891.456772290000000 2019 11 13 12:33:19.036766588688 28247825.0 -23008.0 -8.138423e-004
  9923 893.076647789999920 2019 11 13 12:33:20.656633079052 28247671.7 -23161.3 -8.192649e-004
  9953 895.776688000000040 2019 11 13 12:33:23.356678783894 28247391.2 -23441.8 -8.291867e-004
  9971 897.396718139999960 2019 11 13 12:33:24.976706206799 28247228.0 -23605.0 -8.349595e-004
