    76  6.84431729  28249599.00  
   124  11.16437357  28249119.00  
   148  13.32629943  28287876.20  
   196  17.64628371  28287302.90  
   244  21.96657086  28286825.20  
   268  24.12466129  28247798.10  
   340  30.60615629  28286228.90  
   364  32.76466929  28246995.00  
   436  39.24610600  28285355.60  
   447  40.23593986  28285245.30  
   495  44.55591443  28284825.00  
   543  48.87652843  28284616.30  
   556  50.04492971  28245521.40  
   591  53.19582571  28283925.70  
   639  57.51583543  28283464.10  
   687  61.83576014  28283008.10  
   735  66.15572743  28282540.60  
   783  70.47569171  28282066.30  
   831  74.79566900  28281574.70  
   879  79.11562700  28281100.00  
   920  82.80545671  28243214.80  
   927  83.43560900  28280606.30  
   975  87.75559014  28280109.00  
  1023  92.07557829  28279605.50  
  1041  93.69569843  28279398.20  
  1071  96.39554157  28279089.80  
  1089  98.01554271  28278901.70  
  1119  100.71552129  28278576.00  
  1137  102.33553843  28278392.70  
  1167  105.03552229  28278060.40  
  1185  106.65549243  28277852.30  
  1233  110.97548814  28277329.30  
  1281  115.29545500  28276798.40  
  1425  128.25597157  28275182.40  
  1473  132.57566857  28274638.60  
  1521  136.89603314  28274108.30  
  1569  141.21538600  28273553.50  
  1617  145.53538714  28273002.10  
  1665  149.85538629  28272450.60  
  1713  154.17537329  28271893.10  
  2073  186.57542086  28267754.40  
  2169  195.21542114  28266674.10  
  3006  270.54612257  28257936.90  
  3276  294.84645029  28255678.50  
  3420  307.80618457  28254275.30  
  3468  312.12691229  28254028.80  
  3516  316.44669386  28253662.40  
  4262  383.58297814  28279595.40  
  4310  387.90292300  28278675.10  
  4318  388.62293171  28278514.70  
  4358  392.22289671  28277768.50  
  4366  392.94291000  28277622.00  
  4393  395.37291229  28277088.80  
  4406  396.54289043  28276847.80  
  4414  397.26329543  28276692.50  
  4441  399.69289514  28276169.80  
  4454  400.86286343  28275918.70  
  4462  401.58322557  28275757.20  
  4489  404.01288814  28275221.70  
  4502  405.18285743  28274977.50  
  4537  408.33285971  28274287.60  
  4550  409.50285029  28274024.20  
  4585  412.65332029  28273325.00  
  4598  413.82283414  28273066.10  
  4604  414.36335514  28272947.30  
  4633  416.97287043  28272372.80  
  4646  418.14283700  28272110.90  
  4678  421.02368543  28271481.20  
  4681  421.29284957  28271414.30  
  4694  422.46282586  28271151.70  
  4697  422.73320471  28271077.10  
  4700  423.00360214  28270986.60  
  4714  424.26354600  28270737.10  
  4726  425.34294529  28270516.00  
  4729  425.61292143  28270431.80  
  4742  426.78282800  28270181.80  
  4745  427.05286800  28270137.80  
  4774  429.66284071  28269544.10  
  4790  431.10282686  28269223.80  
  4793  431.37285243  28269190.90  
  4796  431.64285714  28269107.20  
  4822  433.98283729  28268587.90  
  4838  435.42283129  28268267.60  
  4841  435.69357086  28268227.70  
  4844  435.96284429  28268149.50  
  4846  436.14310229  28268090.70  
  4870  438.30283943  28267626.80  
  4886  439.74284457  28267312.90  
  4892  440.28327614  28267195.90  
  4918  442.62286814  28266677.80  
  4934  444.06285829  28266358.60  
  4940  444.60311571  28266252.00  
  4966  446.94287514  28265729.90  
  4982  448.38287129  28265429.10  
  4985  448.65291957  28265371.10  
  4988  448.92289129  28265312.40  
  5014  451.26290186  28264799.80  
  5030  452.70290671  28264507.70  
  5033  452.97289814  28264439.90  
  5036  453.24290400  28264389.30  
  5050  454.50298371  28264107.40  
  5062  455.58291029  28263886.70  
  5078  457.02290714  28263578.40  
  5081  457.29290414  28263524.10  
  5084  457.56290357  28263467.70  
  5090  458.10299429  28263345.70  
  5098  458.82293257  28263188.80  
  5108  459.72821000  28293980.60  
  5110  459.90320971  28262978.20  
  5126  461.34293114  28262681.80  
  5129  461.61293157  28262627.40  
  5132  461.88292886  28262574.70  
  5146  463.14298900  28262290.00  
  5174  465.66295514  28261794.80  
  5177  465.93294514  28261722.30  
  5180  466.20295157  28261669.60  
  5222  469.98298157  28260907.10  
  5225  470.25297571  28260859.90  
  5228  470.52298100  28260802.80  
  5270  474.30299943  28260062.00  
  5273  474.57300114  28259998.50  
  5276  474.84301086  28259949.50  
  5318  478.62303900  28259209.70  
  5321  478.89303214  28259159.10  
  5324  479.16303400  28259108.60  
  5338  480.42306714  28258859.70  
  5366  482.94307186  28258390.40  
  5369  483.21306000  28258340.10  
  5372  483.48306571  28258291.90  
  5378  484.02323429  28258198.60  
  5386  484.74307800  28258054.70  
  5414  487.26333614  28257584.90  
  5417  487.53309557  28257540.80  
  5420  487.80311729  28257494.80  
  5434  489.06312486  28257259.30  
  5468  492.12397271  28256703.00  
  5482  493.38317814  28256487.80  
  5516  496.44374300  28255952.00  
  5530  497.70318729  28255732.00  
  5564  500.76326314  28255211.80  
  5578  502.02322486  28254996.10  
  5626  506.34328343  28254280.40  
  5660  509.40348700  28253779.30  
  5674  510.66332114  28253599.30  
  5692  512.28373743  28253348.10  
  5722  514.98336514  28252923.30  
  5740  516.60347286  28252676.90  
  5764  518.76732514  28290411.10  
  5770  519.30342000  28252280.40  
  5812  523.08749014  28290124.40  
  5866  527.94406943  28251028.40  
  5884  529.56354100  28250822.90  
  5908  531.72723071  28289519.40  
  5914  532.26359943  28250440.10  
  5932  533.88360400  28250234.60  
  5956  536.04708257  28289207.20  
  5980  538.20365300  28249677.80  
  6004  540.36707157  28288885.20  
  6028  542.52370157  28249133.20  
  6052  544.68755729  28288554.30  
  6100  549.00693200  28288238.40  
  6124  551.16382843  28248103.40  
  6172  555.48474200  28247623.60  
  6220  559.80396700  28247151.70  
  6244  561.96701243  28287176.00  
  6268  564.12402757  28246711.90  
  6316  568.44407157  28246281.50  
  6340  570.60673057  28286622.30  
  6344  570.96441271  28246036.10  
  6399  575.91735986  28286009.40  
  6412  577.08423214  28245464.20  
  6436  579.24663871  28285667.90  
  6495  584.55666600  28285478.70  
  6508  585.72436700  28244717.70  
  6532  587.88682614  28284514.40  
  6536  588.24452614  28244492.80  
  6543  588.87658286  28284977.20  
  6580  592.20673386  28284275.10  
  6584  592.56447857  28244153.10  
  6591  593.19659057  28284439.00  
  6632  596.88454786  28243813.20  
  6639  597.51660657  28284107.40  
  6680  601.20467671  28243489.80  
  6687  601.83644286  28283746.30  
  6728  605.52471286  28243183.90  
  6735  606.15730014  28283181.10  
  6776  609.84479814  28242893.20  
  6783  610.47636229  28282699.10  
  6824  614.16482857  28242603.10  
  6831  614.79634414  28282483.80  
  6879  619.11653071  28281757.20  
  6927  623.43660171  28281694.80  
  6968  627.12527800  28241813.00  
  7016  631.44514071  28241554.50  
  7023  632.07623371  28280669.70  
  7087  637.83525914  28241224.20  
  7119  640.71618086  28279724.20  
  7137  642.33687586  28279331.60  
  7167  645.03623514  28279276.00  
  7183  646.47545943  28240784.60  
  7231  650.79556900  28240579.40  
  7279  655.11577714  28240386.90  
  7281  655.29654000  28278084.10  
  7309  657.81592614  28240283.50  
  7327  659.43564500  28240200.70  
  7329  659.61670886  28277992.60  
  7375  663.75572557  28240016.80  
  7377  663.93608686  28277145.70  
  7405  666.45618143  28239933.50  
  7423  668.07595800  28239832.00  
  7471  672.39590229  28239674.40  
  7519  676.71603700  28239514.40  
  7615  685.35647000  28238977.10  
  7663  689.67687600  28238952.60  
  7665  689.85600271  28274226.90  
  7711  693.99642671  28238763.70  
  7759  698.31641129  28238879.40  
  7807  702.63688214  28238501.50  
  7903  711.27681929  28238459.00  
  7929  713.61656300  28271464.20  
  8945  805.05406586  28298910.10  
  8993  809.37411214  28298597.80  
  9137  822.33386886  28297459.00  
  9185  826.65369343  28297078.30  
 10358  932.22247400  28280014.20  
 10366  932.94244657  28279845.10  
 10406  936.54241814  28278991.80  
 10414  937.26241929  28278826.50  
 10418  937.62249314  28278748.40  
 10454  940.86240843  28277942.20  
 10462  941.58240971  28277779.90  
 10466  941.94283100  28277682.30  
 10502  945.18238229  28276906.40  
 10510  945.90239814  28276728.60  
 10550  949.50237514  28275836.10  
 10598  953.82236357  28274759.40  
 10610  954.90252286  28274495.80  
 10633  956.97237114  28273968.30  
 10646  958.14234200  28273676.10  
 10658  959.22236214  28273396.00  
 10681  961.29242029  28272884.30  
 10694  962.46234086  28272576.00  
 10706  963.54296843  28272311.70  
 10742  966.78233214  28271471.80  
 10748  967.32236700  28271355.60  
 10750  967.50243543  28271297.20  
 10754  967.86233600  28271199.00  
 10777  969.93249471  28270685.70  
 10790  971.10232914  28270372.60  
 10796  971.64233314  28270237.30  
 10798  971.82235429  28270196.80  
 10802  972.18237600  28270100.80  
 10822  973.98235129  28269630.30  
 10825  974.25236014  28269562.90  
 10838  975.42232871  28269275.50  
 10844  975.96233443  28269142.80  
 10846  976.14256329  28269096.50  
 10850  976.50235929  28269013.70  
 10870  978.30261614  28268535.40  
 10886  979.74234471  28268178.50  
 10892  980.28234886  28268039.80  
 10894  980.46234786  28268010.30  
 10898  980.82254486  28267891.10  
 10918  982.62298486  28267454.00  
 10934  984.06234057  28267090.20  
 10940  984.60235657  28266955.80  
 10946  985.14302471  28266825.60  
 10966  986.94255914  28266383.60  
 10982  988.38235843  28266006.00  
 10988  988.92237329  28265869.40  
 10994  989.46270814  28265742.50  
 11014  991.26246200  28265285.50  
 11020  991.80252371  28265166.30  
 11030  992.70238429  28264937.20  
 11036  993.24237171  28264811.50  
 11042  993.78238714  28264660.60  
 11050  994.50241000  28264490.80  
 11062  995.58254757  28264246.00  
 11068  996.12264186  28264114.70  
 11078  997.02240671  28263878.30  
 11084  997.56239543  28263750.00  
 11098  998.82242186  28263445.80  
 11126  1001.34240971  28262850.10  
 11132  1001.88240643  28262718.00  
 11134  1002.06335771  28262689.70  
 11138  1002.42242429  28262588.10  
 11146  1003.14246314  28262418.30  
 11158  1004.22312414  28262135.90  
 11174  1005.66242786  28261829.70  
 11180  1006.20242871  28261704.30  
 11186  1006.74320600  28261568.00  
 11222  1009.98246171  28260833.70  
 11228  1010.52245014  28260708.20  
 11234  1011.06248014  28260581.60  
 11270  1014.30249057  28259856.70  
 11276  1014.84247986  28259728.30  
 11282  1015.38269229  28259607.60  
 11308  1017.72254029  28259096.90  
 11318  1018.62252800  28258886.20  
 11324  1019.16251629  28258781.90  
 11356  1022.04259671  28258138.30  
 11366  1022.94278514  28257966.20  
 11369  1023.21278029  28257898.60  
 11372  1023.48254714  28257851.50  
 11386  1024.74258229  28257575.50  
 11404  1026.36294243  28257262.60  
 11420  1027.80258686  28256949.40  
 11434  1029.06331643  28256689.90  
 11468  1032.12262757  28256077.10  
 11482  1033.38272429  28255821.90  
 11516  1036.44266457  28255222.20  
 11530  1037.70300714  28254981.70  
 11564  1040.76271643  28254410.40  
 11584  1042.56291786  28254053.50  
 11612  1045.08276314  28253614.60  
 11626  1046.34279400  28253382.50  
 11632  1046.88278557  28253286.90  
 11644  1047.96294114  28253099.10  
 11660  1049.40280143  28252842.60  
 11672  1050.48351129  28252653.30  
 11680  1051.20283014  28252530.20  
 11692  1052.28286386  28252351.60  
 11708  1053.72285229  28252110.90  
 11728  1055.52287186  28251804.90  
 11740  1056.60288457  28251626.00  
 11756  1058.04290243  28251397.50  
 11768  1059.12361571  28251241.10  
 11776  1059.84293386  28251104.50  
 11788  1060.92293986  28250934.80  
 11804  1062.36295129  28250705.40  
 11824  1064.16298314  28250428.20  
 11836  1065.24299029  28250263.60  
 11852  1066.68300800  28250037.30  
 11872  1068.48303857  28249783.30  
 11884  1069.56305786  28249623.20  
 11908  1071.72797600  28289420.70  
 11920  1072.80311386  28249177.80  
 11932  1073.88310600  28249011.20  
 11980  1078.20317557  28248416.30  
 12064  1085.76355586  28247423.10  
 12104  1089.36340371  28247004.60  
 12112  1090.08373757  28246902.70  
 12124  1091.16337086  28246791.80  
 12152  1093.68351486  28246502.40  
 12160  1094.40340900  28246419.10  
 12172  1095.48360671  28246297.20  
 12200  1098.00367586  28246007.20  
 12248  1102.32352886  28245541.60  
 12292  1106.28785100  28286975.80  
 12296  1106.64358129  28245097.40  
 12340  1110.60746671  28286676.40  
 12344  1110.96373557  28244690.60  
 12436  1119.24753357  28285973.30  
 12440  1119.60379943  28243877.90  
 12447  1120.23747886  28285899.60  
 12484  1123.56753586  28285636.80  
 12495  1124.55785229  28285558.70  
 12536  1128.24420414  28243143.30  
 12543  1128.87733057  28285222.90  
 12584  1132.56402071  28242808.90  
 12591  1133.19725400  28284838.80  
 12607  1134.63448943  28242611.10  
 12632  1136.88410514  28242486.50  
 12639  1137.51721029  28284506.00  
 12655  1138.95437786  28242321.30  
 12687  1141.83734957  28284134.60  
 12776  1149.84433929  28241591.40  
 12799  1151.91439886  28241439.70  
 12824  1154.16450529  28241314.70  
 12847  1156.23444671  28241189.90  
 12872  1158.48466657  28241039.80  
 12895  1160.55470586  28240931.90  
 12943  1164.87509300  28240688.70  
 12991  1169.19470971  28240452.90  
 13023  1172.07703243  28281449.80  
 13071  1176.39719543  28281059.80  
 13087  1177.83495214  28240012.20  
 13119  1180.71769757  28280665.90  
 13183  1186.47505000  28239620.40  
 13231  1190.79510971  28239417.20  
 13375  1203.75602957  28238911.70  
 13423  1208.07552857  28238735.10  
 13471  1212.39551814  28238598.50  
 13519  1216.71559343  28238461.60  
 13567  1221.03569314  28238310.40  
 13615  1225.35576629  28238188.70  
 13617  1225.53693786  28275954.10  
 13663  1229.67586100  28238050.80  
 13711  1233.99594800  28237934.30  
 13807  1242.63613114  28237735.80  
 13855  1246.95630014  28237484.60  
 14765  1328.85436600  28301865.30  
 14813  1333.17421157  28301655.20  
 14849  1336.41424571  28301461.00  
 14861  1337.49404343  28301378.90  
 14993  1349.37385143  28300638.60  
 15005  1350.45414771  28300559.60  
 15185  1366.65351986  28299340.50  
 15214  1369.26367257  28299139.80  
 15233  1370.97341714  28298984.20  
 15329  1379.61333657  28298195.80  
 15377  1383.93323314  28297754.80  
 15425  1388.25312243  28297317.50  
 15451  1390.59366714  28297073.80  
 15473  1392.57306271  28296855.40  
 15521  1396.89299143  28296356.40  
 15569  1401.21292586  28295837.00  
 15588  1402.92319543  28295640.30  
 15617  1405.53285971  28295283.90  
 15665  1409.85278414  28294724.70  
 15691  1412.19329271  28294385.30  
 15713  1414.17271943  28294115.80  
 15739  1416.51271057  28293783.80  
 15742  1416.78293600  28293733.00  
 15761  1418.49265800  28293482.30  
 15790  1421.10265214  28293088.90  
 15809  1422.81260714  28292811.30  
 15838  1425.42257471  28292407.20  
 15857  1427.13254500  28292131.70  
 15886  1429.74251986  28291695.80  
 15905  1431.45251271  28291397.80  
 15934  1434.06258929  28290946.80  
 15982  1438.38240229  28290163.80  
 16001  1440.09245571  28289831.70  
 16030  1442.70235757  28289342.40  
 16049  1444.41235357  28289021.90  
 16068  1446.12236429  28288680.40  
 16078  1447.02230686  28288490.70  
 16097  1448.73299314  28288133.30  
 16116  1450.44229586  28287787.70  
 16126  1451.34226657  28287606.90  
 16145  1453.05245443  28287244.80  
 16164  1454.76224671  28286883.00  
 16174  1455.66221829  28286684.40  
 16178  1456.02273986  28286616.90  
 16212  1459.08221671  28285939.60  
 16222  1459.98217129  28285732.50  
 16226  1460.34239171  28285637.00  
 16260  1463.40246843  28284959.70  
 16270  1464.30214471  28284736.70  
 16274  1464.66276700  28284615.30  
 16318  1468.62211443  28283711.20  
 16366  1472.94207571  28282649.50  
 16462  1481.58202629  28280459.60  
 16466  1481.94247057  28280353.60  
 16500  1485.00299671  28279525.60  
 16510  1485.90200571  28279303.40  
 16514  1486.26198457  28279201.40  
 16558  1490.22219386  28278123.30  
 16562  1490.58197157  28278033.00  
 16596  1493.64203443  28277191.00  
 16610  1494.90194986  28276838.50  
 16644  1497.96249957  28276008.60  
 16658  1499.22193586  28275628.40  
 16706  1503.54192000  28274391.20  
 16754  1507.86192071  28273157.50  
 16798  1511.82253971  28272001.80  
 16802  1512.18191643  28271902.20  
 16850  1516.50201286  28270645.00  
 16883  1519.47212429  28269820.30  
 16892  1520.28191871  28269559.50  
 16894  1520.46200271  28269521.20  
 16898  1520.82190886  28269399.20  
 16931  1523.79200029  28268546.40  
 16940  1524.60191429  28268314.00  
 16946  1525.14190914  28268165.40  
 16979  1528.11194871  28267308.60  
 16988  1528.92193000  28267087.20  
 16994  1529.46192086  28266921.70  
 17027  1532.43195243  28266072.20  
 17036  1533.24199329  28265844.50  
 17042  1533.78192429  28265695.50  
 17075  1536.75222029  28264884.30  
 17084  1537.56197043  28264633.70  
 17090  1538.10195814  28264493.60  
 17132  1541.88197629  28263444.80  
 17138  1542.42198314  28263298.70  
 17180  1546.20200600  28262282.10  
 17225  1550.25265200  28261197.60  
 17228  1550.52201414  28261139.80  
 17248  1552.32209729  28260651.20  
 17267  1554.03205114  28260220.20  
 17276  1554.84204071  28260021.30  
 17296  1556.64235014  28259569.00  
 17315  1558.35208729  28259133.40  
 17324  1559.16208100  28258929.40  
 17344  1560.96209286  28258485.30  
 17363  1562.67211814  28258079.50  
 17372  1563.48211229  28257868.80  
 17392  1565.28229200  28257436.30  
 17411  1566.99217214  28257045.90  
 17420  1567.80214629  28256855.80  
 17459  1571.31286300  28256038.30  
 17468  1572.12218800  28255865.10  
 17482  1573.38222029  28255590.90  
 17507  1575.63274529  28255099.50  
 17516  1576.44222500  28254911.40  
 17530  1577.70243286  28254632.40  
 17555  1579.95258900  28254163.60  
 17564  1580.76226743  28253995.60  
 17576  1581.84269429  28253773.40  
 17584  1582.56228986  28253615.60  
 17612  1585.08249243  28253105.20  
 17651  1588.59241871  28252409.20  
 17660  1589.40236300  28252260.90  
 17663  1589.67296743  28252209.00  
 17672  1590.48316114  28252051.40  
 17674  1590.66240457  28252000.30  
 17680  1591.20238414  28251917.50  
 17699  1592.91252443  28251585.00  
 17708  1593.72242071  28251454.30  
 17728  1595.52243157  28251118.30  
 17747  1597.23247786  28250814.60  
 17756  1598.04274843  28250662.60  
 17770  1599.30288100  28250455.40  
 17776  1599.84248429  28250351.80  
 17795  1601.55254714  28250061.40  
 17804  1602.36330071  28249913.00  
 17807  1602.63264257  28249866.50  
 17824  1604.16255357  28249614.20  
 17843  1605.87281557  28249358.40  
 17872  1608.48259200  28248920.90  
 17891  1610.19283814  28248632.00  
 17903  1611.27267371  28248491.10  
 17920  1612.80265386  28248251.50  
 17968  1617.12284429  28247616.80  
 17980  1618.20305800  28247466.00  
 17987  1618.83297757  28247370.70  
 17999  1619.91278586  28247212.50  
 18008  1620.72278429  28247110.00  
 18016  1621.44277286  28247012.70  
 18028  1622.52280671  28246855.00  
 18035  1623.15292171  28246791.50  
 18047  1624.23326586  28246642.10  
 18056  1625.04285286  28246530.00  
 18064  1625.76284200  28246437.60  
 18076  1626.84287071  28246291.30  
 18104  1629.36289743  28245980.10  
 18112  1630.08291300  28245887.00  
 18124  1631.16294457  28245761.30  
 18152  1633.68316514  28245454.30  
 18160  1634.40297471  28245365.10  
 18172  1635.48330043  28245225.50  
 18175  1635.75345857  28245213.40  
 18191  1637.19304186  28245054.10  
 18200  1638.00303543  28244940.20  
 18208  1638.72305457  28244869.10  
 18220  1639.80321429  28244749.50  
 18223  1640.07307343  28244726.40  
 18239  1641.51310943  28244563.90  
 18248  1642.32310757  28244474.00  
 18256  1643.04311829  28244393.70  
 18271  1644.39314914  28244245.50  
 18287  1645.83331971  28244089.50  
 18296  1646.64318714  28244031.20  
 18304  1647.36320486  28243944.00  
 18319  1648.71338100  28243806.30  
 18340  1650.60882357  28286848.20  
 18352  1651.68380686  28243519.50  
 18367  1653.03329643  28243384.50  
 18388  1654.92848200  28286538.00  
 18392  1655.28399600  28243203.70  
 18400  1656.00338429  28243102.50  
 18415  1657.35336029  28242987.40  
 18463  1661.67344314  28242599.50  
 18496  1664.64350500  28242352.30  
 18511  1665.99350014  28242247.00  
 18532  1667.88880514  28285632.60  
 18543  1668.87803243  28285569.00  
 18544  1668.96362357  28242017.40  
 18559  1670.31357543  28241898.30  
 18592  1673.28404857  28241660.50  
 18607  1674.63365329  28241575.30  
 18639  1677.51873371  28284931.60  
 18640  1677.60373600  28241358.80  
 18655  1678.95374471  28241257.00  
 18687  1681.83793643  28284588.50  
 18703  1683.27382271  28240960.40  
 18735  1686.15841829  28284272.70  
 18751  1687.59389514  28240688.40  
 18799  1691.91397871  28240415.10  
 18847  1696.23412243  28240160.70  
 18895  1700.55414900  28239923.10  
 18925  1703.25434600  28239763.50  
 18943  1704.87446729  28239678.10  
 18976  1707.84441657  28239557.80  
 18991  1709.19430971  28239471.30  
 19021  1711.89439300  28239329.00  
 19039  1713.51438529  28239247.50  
 19069  1716.21450771  28239136.70  
 19087  1717.83450286  28239065.20  
 19135  1722.15455900  28238863.40  
 19183  1726.47464900  28238682.80  
 19231  1730.79474143  28238528.10  
 19327  1739.43490629  28238167.20  
 19597  1763.73563257  28237410.60  
 19741  1776.69580457  28237080.10  
 19789  1781.01582686  28236967.40  
 19997  1799.73560929  28305283.30  
