    35  3.19004586  28298715.00  
    38  3.46003286  28298688.00  
    41  3.73000843  28298656.70  
    57  5.17000700  28298504.30  
    83  7.50996857  28298232.50  
    86  7.77996257  28298193.10  
    89  8.04993414  28298171.50  
   131  11.82988400  28297739.90  
   137  12.36986814  28297672.20  
   179  16.14982157  28297209.40  
   185  16.68979186  28297149.90  
   227  20.46974029  28296660.20  
   233  21.00972043  28296587.10  
   275  24.78968471  28296074.10  
   281  25.32965686  28295993.10  
   322  29.01962014  28295452.60  
   323  29.10960343  28295435.20  
   326  29.37964657  28295402.00  
   329  29.64959129  28295361.80  
   370  33.34007714  28294793.00  
   371  33.42954629  28294771.10  
   374  33.69954100  28294735.70  
   377  33.96952643  28294699.20  
   418  37.65974600  28294094.30  
   419  37.74949300  28294075.40  
   422  38.01949371  28294032.20  
   425  38.28946843  28293987.80  
   466  41.97948886  28293353.70  
   470  42.33942386  28293288.00  
   473  42.60940986  28293239.60  
   479  43.14940671  28293143.10  
   514  46.29941143  28292569.70  
   518  46.65936286  28292498.10  
   521  46.92935514  28292448.60  
   527  47.46934886  28292346.00  
   562  50.61934129  28291746.80  
   566  50.97931643  28291661.30  
   569  51.24930614  28291615.70  
   575  51.78928743  28291507.00  
   610  54.94003257  28290882.40  
   617  55.56968143  28290730.40  
   623  56.10923400  28290625.30  
   658  59.25928114  28289955.50  
   671  60.42918100  28289694.70  
   717  64.56923700  28288753.90  
   719  64.74912900  28288714.80  
   767  69.06908500  28287684.10  
   806  72.57907086  28286806.60  
   815  73.38904029  28286606.20  
   863  77.70900157  28285491.20  
   898  80.85899814  28284643.00  
   902  81.21981629  28284550.30  
   911  82.02896271  28284324.50  
   959  86.34892986  28283106.10  
  1007  90.66890014  28281842.90  
  1040  93.63888500  28280960.20  
  1046  94.17889543  28280789.40  
  1055  94.98887200  28280543.80  
  1088  97.95886800  28279628.40  
  1094  98.49886886  28279467.10  
  1103  99.30884486  28279204.20  
  1136  102.27883986  28278268.00  
  1142  102.81905143  28278099.00  
  1151  103.62882829  28277836.80  
  1152  103.71893171  28277811.30  
  1156  104.07885900  28277688.80  
  1184  106.59882143  28276871.50  
  1199  107.94880943  28276437.10  
  1200  108.03882500  28276395.00  
  1204  108.39882257  28276295.20  
  1232  110.91882000  28275445.90  
  1247  112.26882686  28275007.00  
  1248  112.35911414  28274974.60  
  1280  115.23879429  28274019.10  
  1295  116.58893514  28273575.60  
  1296  116.67905371  28273532.50  
  1328  119.55878771  28272571.40  
  1345  121.08889600  28272054.20  
  1376  123.87877871  28271114.00  
  1393  125.40885471  28270593.50  
  1424  128.19879271  28269652.70  
  1441  129.72900114  28269135.30  
  1472  132.51879114  28268194.80  
  1473  132.60880471  28268166.40  
  1489  134.04880971  28267696.10  
  1520  136.83880729  28266758.70  
  1521  136.92881257  28266726.90  
  1537  138.36880114  28266254.60  
  1585  142.68881571  28264838.30  
  1627  146.46884829  28263612.90  
  1633  147.00883557  28263441.10  
  1664  149.79886529  28262562.20  
  1675  150.78892986  28262252.10  
  1679  151.14953157  28262115.10  
  1681  151.32884929  28262078.50  
  1684  151.59887014  28261993.20  
  1712  154.11888971  28261220.60  
  1723  155.10983457  28260924.90  
  1729  155.64887471  28260754.00  
  1732  155.91930543  28260670.90  
  1760  158.43889529  28259921.70  
  1777  159.96891100  28259470.90  
  1825  164.28895657  28258217.20  
  1873  168.60898971  28257020.90  
  1904  171.39902857  28256265.70  
  1921  172.92902243  28255860.30  
  1969  177.24906586  28254752.20  
  2017  181.56910829  28253706.00  
  2065  185.88916000  28252683.30  
  2113  190.20921014  28251711.10  
  2161  194.52925886  28250800.10  
  2209  198.84931914  28249926.60  
  2257  203.16936600  28249098.60  
  2260  203.43940957  28249057.40  
  2293  206.40964129  28248513.40  
  2301  207.12942714  28248368.30  
  2305  207.48943043  28248322.10  
  2389  215.04957814  28247050.20  
  2397  215.76953957  28246951.50  
  2401  216.12954686  28246883.30  
  2404  216.40002371  28246830.70  
  2437  219.36961100  28246380.40  
  2445  220.08960457  28246281.70  
  2485  223.68971429  28245754.30  
  2493  224.40967543  28245649.90  
  2533  228.00973686  28245146.00  
  2541  228.72974171  28245049.50  
  2581  232.32980814  28244603.70  
  2589  233.04998629  28244502.30  
  2637  237.36994743  28243982.00  
  2677  240.97031357  28243563.70  
  2685  241.68995414  28243479.90  
  2725  245.29002100  28243085.00  
  2733  246.01001629  28243010.90  
  2740  246.64005486  28242942.20  
  2781  250.33009843  28242562.10  
  2788  250.96011343  28242503.10  
  2803  252.31016014  28242375.30  
  2821  253.93028700  28242221.80  
  2829  254.65018329  28242162.90  
  2836  255.28019043  28242094.50  
  2869  258.25048243  28241832.10  
  2877  258.97025657  28241763.00  
  2884  259.60026457  28241697.70  
  2899  260.95048714  28241591.70  
  2925  263.29034114  28241387.50  
  2932  263.92033914  28241338.40  
  2973  267.61042243  28241041.40  
  2980  268.24044029  28240998.10  
  3796  341.68230300  28237309.30  
  3892  350.32205043  28237035.40  
  3940  354.64213243  28236921.30  
  4036  363.28237214  28236722.90  
  4084  367.60240014  28236613.40  
  4132  371.92249771  28236517.60  
  4180  376.24258500  28236431.10  
  4228  380.56267886  28236344.80  
  4262  383.62386557  28305534.60  
  4276  384.88284629  28236257.50  
  4324  389.20298986  28236190.30  
  4646  418.18310043  28304910.80  
  4790  431.14249171  28304589.00  
  4886  439.78231557  28304367.20  
  4982  448.42212357  28304110.50  
  5030  452.74203614  28303968.60  
  5078  457.06193986  28303831.50  
  5126  461.38184529  28303678.30  
  5174  465.70175857  28303520.30  
  5222  470.02167129  28303356.00  
  5253  472.81164886  28303229.70  
  5270  474.34158529  28303177.40  
  5318  478.66150143  28302987.00  
  5366  482.98141400  28302795.40  
  5397  485.77141471  28302670.10  
  5414  487.30133214  28302590.20  
  5445  490.09131014  28302461.80  
  5462  491.62124629  28302373.30  
  5493  494.41121600  28302229.20  
  5507  495.67128714  28302166.10  
  5510  495.94116700  28302137.70  
  5555  499.99111214  28301917.20  
  5558  500.26108043  28301906.60  
  5589  503.05104300  28301738.20  
  5603  504.31101586  28301659.10  
  5606  504.58099486  28301650.80  
  5637  507.37095700  28301476.80  
  5651  508.63094957  28301407.40  
  5654  508.90092514  28301382.90  
  5685  511.69087157  28301202.50  
  5688  511.96087371  28301193.80  
  5699  512.95084686  28301129.90  
  5702  513.22084143  28301103.50  
  5733  516.01079429  28300917.50  
  5747  517.27077357  28300825.20  
  5750  517.54075700  28300802.20  
  5781  520.33072429  28300601.50  
  5795  521.59077914  28300504.70  
  5798  521.86069386  28300498.60  
  5829  524.65064443  28300280.30  
  5843  525.91060586  28300183.20  
  5846  526.18060714  28300165.60  
  5877  528.97055243  28299938.60  
  5880  529.24062814  28299931.20  
  5891  530.23053843  28299829.10  
  5894  530.50053514  28299817.60  
  5925  533.29047686  28299576.10  
  5939  534.55045886  28299472.20  
  5942  534.82045471  28299447.60  
  5973  537.61040543  28299192.50  
  5987  538.87038871  28299080.50  
  5990  539.14039229  28299067.40  
  6021  541.93032671  28298791.50  
  6035  543.19029643  28298673.40  
  6038  543.46035457  28298642.40  
  6069  546.25025657  28298377.00  
  6083  547.51022886  28298243.40  
  6086  547.78059671  28298210.10  
  6089  548.05055671  28298181.30  
  6131  551.83015600  28297791.40  
  6137  552.37017157  28297732.40  
  6179  556.15008500  28297299.40  
  6227  560.47001500  28296798.10  
  6233  561.01001357  28296735.00  
  6275  564.78994429  28296256.80  
  6281  565.32995300  28296188.80  
  6323  569.10987957  28295688.00  
  6329  569.65005086  28295619.10  
  6371  573.42982200  28295087.30  
  6377  573.96982714  28295012.30  
  6419  577.74975457  28294461.40  
  6425  578.28975100  28294380.70  
  6431  578.82974786  28294298.70  
  6467  582.06969186  28293790.30  
  6473  582.60971243  28293710.90  
  6515  586.38963971  28293091.50  
  6521  586.92963586  28293006.80  
  6527  587.46963314  28292913.20  
  6563  590.70957229  28292352.40  
  6569  591.24956929  28292254.80  
  6575  591.78956543  28292162.30  
  6611  595.02951829  28291581.90  
  6617  595.56952971  28291478.40  
  6623  596.10950900  28291378.80  
  6659  599.34947700  28290757.60  
  6665  599.88948771  28290661.10  
  6671  600.42945014  28290559.50  
  6707  603.66947429  28289912.50  
  6713  604.20942886  28289790.80  
  6719  604.74939900  28289689.70  
  6761  608.52944100  28288886.20  
  6767  609.06934800  28288779.20  
  6815  613.38929871  28287829.10  
  6863  617.70925329  28286835.00  
  6911  622.02921657  28285799.50  
  6959  626.34917686  28284734.70  
  7007  630.66914329  28283622.90  
  7055  634.98910929  28282461.10  
  7103  639.30907714  28281283.10  
  7150  643.53911900  28280082.30  
  7151  643.62905200  28280053.80  
  7184  646.59905586  28279185.20  
  7198  647.85905614  28278812.50  
  7199  647.94904071  28278796.90  
  7232  650.91903929  28277918.70  
  7246  652.17921143  28277539.90  
  7247  652.26901543  28277519.10  
  7280  655.23900071  28276621.40  
  7295  656.58900743  28276206.90  
  7328  659.55899586  28275305.80  
  7343  660.90901500  28274866.70  
  7376  663.87897971  28273965.10  
  7391  665.22898914  28273557.60  
  7424  668.19897871  28272612.00  
  7472  672.51897314  28271262.00  
  7520  676.83898114  28269901.70  
  7543  678.90901829  28269251.20  
  7568  681.15897271  28268545.20  
  7616  685.47898371  28267201.20  
  7664  689.79899614  28265868.50  
  7681  691.32914386  28265416.20  
  7708  693.75904500  28264689.40  
  7712  694.11900843  28264556.50  
  7723  695.10903371  28264257.20  
  7729  695.64902443  28264098.10  
  7760  698.43902600  28263272.90  
  7771  699.42905157  28262985.40  
  7777  699.96912300  28262812.00  
  7808  702.75905814  28261995.60  
  7819  703.74908171  28261723.30  
  7825  704.28907214  28261571.70  
  7856  707.07909257  28260770.80  
  7867  708.06909600  28260502.80  
  7873  708.60908986  28260352.10  
  7904  711.39912057  28259574.70  
  7915  712.38913357  28259302.80  
  7921  712.92911714  28259156.60  
  7969  717.24915857  28258012.40  
  8017  721.56918771  28256899.10  
  8065  725.88923843  28255829.80  
  8113  730.20927057  28254798.50  
  8122  731.01958500  28254617.50  
  8155  733.98981400  28253934.40  
  8161  734.52931657  28253808.70  
  8203  738.30937943  28252988.40  
  8209  738.84935243  28252864.90  
  8245  742.09048686  28252178.90  
  8257  743.16941871  28251956.80  
  8293  746.40945629  28251296.30  
  8299  746.94951214  28251197.20  
  8305  747.48946286  28251111.10  
  8341  750.72960671  28250461.40  
  8353  751.80951871  28250276.00  
  8389  755.04955329  28249681.60  
  8401  756.12958914  28249492.10  
  8437  759.36961514  28248928.20  
  8449  760.44963100  28248755.90  
  8485  763.68968343  28248211.90  
  8533  768.00974143  28247538.40  
  8581  772.32979500  28246892.90  
  8629  776.64986400  28246272.10  
  8677  780.96992457  28245696.60  
  8725  785.28999843  28245148.60  
  8773  789.61005757  28244635.80  
  8806  792.58060214  28244265.50  
  8821  793.93013014  28244139.60  
  8869  798.25020843  28243679.20  
  8905  801.49089900  28243337.70  
  8917  802.57026643  28243219.80  
  8947  805.27033643  28242969.40  
  8965  806.89036500  28242810.00  
  8995  809.59060614  28242546.80  
  9013  811.21043600  28242413.90  
  9043  813.91049971  28242174.70  
  9091  818.23081243  28241796.80  
