   211  19.01755129  28305180.00  
   451  40.61698614  28304655.00  
   481  43.31691929  28304580.00  
   499  44.93687543  28304525.00  
   529  47.63681214  28304440.00  
   547  49.25680114  28304405.00  
   579  52.13920871  28235750.00  
   595  53.57665914  28304260.00  
   625  56.27663157  28304185.00  
   643  57.89660571  28304100.00  
   673  60.59653257  28304030.00  
   691  62.21649700  28303965.00  
   721  64.91644543  28303860.00  
   739  66.53640500  28303795.00  
   769  69.23636843  28303690.00  
   787  70.85631429  28303640.00  
   817  73.55642529  28303520.00  
   835  75.17623000  28303465.00  
   865  77.87619714  28303345.00  
   883  79.49614886  28303265.00  
   913  82.19610686  28303150.00  
   931  83.81605914  28303075.00  
   961  86.51603043  28302950.00  
   979  88.13596486  28302870.00  
  1009  90.83605114  28302740.00  
  1027  92.45588186  28302640.00  
  1057  95.15596614  28302500.00  
  1075  96.77579643  28302420.00  
  1105  99.47608443  28302275.00  
  1123  101.09571614  28302170.00  
  1153  103.79570571  28302015.00  
  1171  105.41562457  28301900.00  
  1219  109.73554586  28301640.00  
  1267  114.05546500  28301355.00  
  1303  117.29542929  28301140.00  
  1315  118.37538229  28301045.00  
  1329  119.63556029  28300950.00  
  1345  121.07540857  28300865.00  
  1351  121.61534429  28300805.00  
  1363  122.69530700  28300730.00  
  1377  123.95545257  28300620.00  
  1399  125.93525700  28300475.00  
  1411  127.01522629  28300385.00  
  1425  128.27521071  28300280.00  
  1447  130.25516857  28300125.00  
  1459  131.33514971  28300020.00  
  1473  132.59513743  28299915.00  
  1495  134.57510057  28299750.00  
  1507  135.65507386  28299645.00  
  1521  136.91506186  28299525.00  
  1543  138.89501843  28299350.00  
  1555  139.97499643  28299245.00  
  1569  141.23499657  28299120.00  
  1591  143.21495500  28298935.00  
  1603  144.29493286  28298820.00  
  1617  145.55491329  28298675.00  
  1639  147.53487929  28298480.00  
  1651  148.61485757  28298365.00  
  1665  149.87482971  28298230.00  
  1687  151.85479857  28298005.00  
  1699  152.93478500  28297880.00  
  1713  154.19475757  28297740.00  
  1735  156.17471914  28297505.00  
  1761  158.51468671  28297215.00  
  1783  160.49465900  28296980.00  
  1809  162.83462186  28296670.00  
  1831  164.81459171  28296415.00  
  1850  166.52457343  28296185.00  
  1857  167.15456257  28296100.00  
  1879  169.13451743  28295820.00  
  1898  170.84450443  28295585.00  
  1905  171.47448686  28295480.00  
  1927  173.45445329  28295190.00  
  1946  175.16444843  28294945.00  
  1953  175.79441786  28294845.00  
  1975  177.77439071  28294530.00  
  1994  179.48437529  28294255.00  
  2001  180.11437186  28294140.00  
  2023  182.09434000  28293830.00  
  2042  183.80430400  28293535.00  
  2049  184.43437386  28293430.00  
  2071  186.41427329  28293095.00  
  2090  188.12424129  28292785.00  
  2097  188.75424614  28292675.00  
  2138  192.44418071  28291985.00  
  2145  193.07419586  28291865.00  
  2186  196.76412200  28291150.00  
  2193  197.39416057  28291015.00  
  2215  199.37416200  28290620.00  
  2234  201.08407786  28290265.00  
  2263  203.69404743  28289705.00  
  2282  205.40402029  28289330.00  
  2289  206.03426086  28289210.00  
  2311  208.01401529  28288755.00  
  2330  209.72397586  28288355.00  
  2359  212.33396129  28287740.00  
  2378  214.04393486  28287335.00  
  2426  218.36389014  28286265.00  
  2440  219.62410986  28285945.00  
  2474  222.68385257  28285155.00  
  2522  227.00381771  28283995.00  
  2570  231.32378057  28282800.00  
  2584  232.58398214  28282450.00  
  2599  233.93378586  28282045.00  
  2618  235.64374971  28281560.00  
  2632  236.90376971  28281200.00  
  2666  239.96373014  28280275.00  
  2647  238.25374700  28280785.00  
  2665  239.87431343  28280320.00  
  2680  241.22373014  28279905.00  
  2714  244.28372600  28278955.00  
  2728  245.54370100  28278580.00  
  2762  248.60369829  28277620.00  
  2776  249.86366657  28277225.00  
  2810  252.92371486  28276250.00  
  2805  252.47383114  28276410.00  
  2820  253.82373600  28275970.00  
  2823  254.09373543  28275865.00  
  2824  254.18365729  28275845.00  
  2858  257.24366714  28274855.00  
  2872  258.50364829  28274445.00  
  2906  261.56367514  28273440.00  
  2920  262.82363757  28273035.00  
  2943  264.89375271  28272335.00  
  2968  267.14363914  28271605.00  
  2997  269.75366457  28270745.00  
  3016  271.46363386  28270175.00  
  3064  275.78364271  28268755.00  
  3084  277.58374614  28268160.00  
  3112  280.10365786  28267340.00  
  3161  284.51368314  28265895.00  
  3145  283.07366229  28266390.00  
  3160  284.42366514  28265945.00  
  3180  286.22385857  28265365.00  
  3193  287.39367443  28264995.00  
  3208  288.74367400  28264565.00  
  3237  291.35373814  28263745.00  
  3241  291.71368171  28263625.00  
  3250  292.52406657  28263375.00  
  3256  293.06370743  28263215.00  
  3285  295.67385714  28262410.00  
  3289  296.03370629  28262290.00  
  3298  296.84389114  28262055.00  
  3337  300.35372343  28260985.00  
  3346  301.16402271  28260755.00  
  3386  304.76383214  28259700.00  
  3376  303.86413629  28259945.00  
  3385  304.67375814  28259715.00  
  3414  307.28381314  28258970.00  
  3397  305.75443557  28259400.00  
  3433  308.99379086  28258495.00  
  3462  311.60389571  28257770.00  
  3445  310.07381000  28258195.00  
  3477  312.95383829  28257395.00  
  3506  315.56404014  28256690.00  
  3481  313.31382200  28257305.00  
  3493  314.39385814  28257015.00  
  3525  317.27390600  28256255.00  
  3554  319.88390214  28255565.00  
  3529  317.63386657  28256160.00  
  3555  319.97442186  28255570.00  
  3541  318.71389557  28255895.00  
  3577  321.95390571  28255065.00  
  3589  323.03391729  28254805.00  
  3625  326.27394086  28254015.00  
  3651  328.61431971  28253475.00  
  3654  328.88398586  28253400.00  
  3634  327.08395700  28253815.00  
  3637  327.35409614  28253755.00  
  3696  332.66427643  28252525.00  
  3673  330.59398843  28253005.00  
  3702  333.20404200  28252420.00  
  3682  331.40414757  28252805.00  
  3685  331.67402914  28252770.00  
  3721  334.91403814  28252040.00  
  3750  337.52407971  28251495.00  
  3730  335.72422343  28251880.00  
  3733  335.99405300  28251805.00  
  3769  339.23410686  28251130.00  
  3798  341.84425886  28250600.00  
  3781  340.31411543  28250915.00  
  3843  345.89424671  28249815.00  
  3817  343.55415000  28250265.00  
  3846  346.16419457  28249755.00  
  3826  344.36422157  28250130.00  
  3829  344.63415657  28250050.00  
  3891  350.21424043  28249000.00  
  3865  347.87419914  28249435.00  
  3894  350.48425871  28248960.00  
  3877  348.95421543  28249235.00  
  3909  351.83466714  28248725.00  
  3939  354.53431371  28248245.00  
  3913  352.19427243  28248650.00  
  3942  354.80444571  28248185.00  
  3925  353.27426786  28248455.00  
  3987  358.85438986  28247505.00  
  3961  356.51432614  28247895.00  
  3990  359.12442143  28247480.00  
  3973  357.59433514  28247720.00  
  4035  363.17442929  28246840.00  
  4009  360.83445500  28247200.00  
  4038  363.44443286  28246800.00  
  4021  361.91440071  28247035.00  
  4057  365.15446243  28246535.00  
  4086  367.76448543  28246145.00  
  4069  366.23446914  28246375.00  
  4098  368.84452486  28245990.00  
  4105  369.47452457  28245915.00  
  4134  372.08455200  28245545.00  
  4117  370.55452743  28245755.00  
  4126  371.36457729  28245620.00  
  4182  376.40462171  28244965.00  
  4165  374.87459943  28245160.00  
  4194  377.48528671  28244820.00  
  4230  380.72470129  28244420.00  
  4213  379.19467329  28244605.00  
  4278  385.04476100  28243915.00  
  4261  383.51473671  28244085.00  
  4270  384.32549700  28243995.00  
  4323  389.09485886  28243460.00  
  4326  389.36482800  28243425.00  
  4309  387.83480457  28243590.00  
  4371  393.41490757  28242995.00  
  4374  393.68490714  28242965.00  
  4357  392.15488086  28243125.00  
  4419  397.73497429  28242570.00  
  4422  398.00498071  28242535.00  
  4405  396.47496143  28242690.00  
  4414  397.28505957  28242600.00  
  4467  402.05504800  28242155.00  
  4470  402.32506871  28242120.00  
  4453  400.79504029  28242265.00  
  4515  406.37512557  28241755.00  
  4518  406.64513843  28241740.00  
  4501  405.11525786  28241870.00  
  4563  410.69520271  28241400.00  
  4566  410.96521429  28241375.00  
  4549  409.43518929  28241505.00  
  4611  415.01528014  28241050.00  
  4614  415.28528629  28241030.00  
  4597  413.75553443  28241155.00  
  4659  419.33536529  28240725.00  
  4662  419.60538229  28240710.00  
  4645  418.07535771  28240820.00  
  4707  423.65544286  28240410.00  
  4710  423.92545371  28240395.00  
  4693  422.39543671  28240510.00  
  4755  427.97551586  28240125.00  
  4758  428.24553786  28240100.00  
  4741  426.71555986  28240205.00  
  4803  432.29560900  28239840.00  
  4806  432.56564786  28239825.00  
  4789  431.03560100  28239960.00  
  4851  436.61569900  28239580.00  
  4899  440.93577729  28239325.00  
  4947  445.25585543  28239095.00  
  4995  449.57593657  28238880.00  
  5043  453.89601857  28238665.00  
  5084  457.58612571  28238500.00  
  5091  458.21610471  28238470.00  
  5132  461.90650886  28238300.00  
  5139  462.53619486  28238280.00  
  5187  466.85628729  28238095.00  
  5235  471.17638357  28237935.00  
  5283  475.49646000  28237765.00  
  5420  487.82699386  28237355.00  
  5379  484.13665957  28237465.00  
  5468  492.14704857  28237205.00  
  5427  488.45672671  28237330.00  
  5475  492.77680957  28237200.00  
  5523  497.09693243  28237075.00  
  5571  501.41705643  28236975.00  
  5619  505.73709857  28236845.00  
  5617  505.55908300  28306255.00  
  5667  510.05718086  28236730.00  
  5715  514.37730971  28236625.00  
  5907  531.65764957  28236250.00  
  6003  540.29786414  28236115.00  
  6051  544.61792457  28236040.00  
  6049  544.43805914  28305765.00  
  6145  553.07766614  28305655.00  
  6193  557.39826329  28305525.00  
  6673  600.59699186  28304515.00  
  6721  604.91662929  28304390.00  
  6769  609.23645429  28304250.00  
  6817  613.55637329  28304095.00  
  6865  617.87627414  28303940.00  
  6913  622.19619586  28303780.00  
  6961  626.51610943  28303600.00  
  7009  630.83601700  28303420.00  
  7057  635.15593171  28303225.00  
  7105  639.47591000  28303005.00  
  7153  643.79576014  28302795.00  
  7201  648.11567071  28302565.00  
  7249  652.43558986  28302310.00  
  7281  655.31580157  28302150.00  
  7297  656.75550686  28302060.00  
  7329  659.63557586  28301880.00  
  7345  661.07542671  28301785.00  
  7371  663.41571343  28301630.00  
  7377  663.95539157  28301595.00  
  7393  665.39534057  28301495.00  
  7399  665.93535986  28301460.00  
  7425  668.27531386  28301295.00  
  7441  669.71525686  28301190.00  
  7467  672.05527029  28301010.00  
  7447  670.25573857  28301150.00  
  7473  672.59520829  28300970.00  
  7489  674.03517843  28300860.00  
  7515  676.37515071  28300680.00  
  7495  674.57540543  28300815.00  
  7521  676.91513414  28300640.00  
  7537  678.35509943  28300520.00  
  7569  681.23506043  28300280.00  
  7585  682.67502543  28300150.00  
  7611  685.01501857  28299940.00  
  7617  685.55498900  28299900.00  
  7633  686.99495057  28299765.00  
  7659  689.33521257  28299550.00  
  7665  689.87490043  28299490.00  
  7681  691.31487786  28299355.00  
  7707  693.65484857  28299130.00  
  7687  691.85487286  28299320.00  
  7713  694.19482643  28299065.00  
  7729  695.63479786  28298920.00  
  7735  696.17525186  28298875.00  
  7761  698.51474543  28298605.00  
  7777  699.95492614  28298460.00  
  7803  702.29516771  28298185.00  
  7809  702.83467557  28298135.00  
  7857  707.15459886  28297620.00  
  7905  711.47452914  28297080.00  
  7953  715.79446686  28296505.00  
  8001  720.11439500  28295895.00  
  8017  721.55438743  28295685.00  
  8049  724.43432914  28295260.00  
  8065  725.87432614  28295030.00  
  8138  732.44441929  28293955.00  
  8097  728.75425900  28294565.00  
  8103  729.29428157  28294485.00  
  8113  730.19426243  28294335.00  
  8186  736.76415843  28293200.00  
  8145  733.07420314  28293840.00  
  8160  734.42451829  28293610.00  
  8161  734.51419014  28293595.00  
  8234  741.08409529  28292395.00  
  8193  737.39413657  28293080.00  
  8209  738.83413714  28292830.00  
  8282  745.40404657  28291535.00  
  8241  741.71408414  28292275.00  
  8247  742.25373486  28292155.00  
  8257  743.15416371  28291980.00  
  8330  749.72398043  28290645.00  
  8283  745.49406014  28291510.00  
  8289  746.03402657  28291415.00  
  8295  746.57403843  28291305.00  
  8378  754.04393071  28289705.00  
  8331  749.81400143  28290635.00  
  8337  750.35397329  28290510.00  
  8343  750.89397486  28290400.00  
  8426  758.36388057  28288710.00  
  8379  754.13435343  28289685.00  
  8385  754.67392771  28289560.00  
  8391  755.21392557  28289440.00  
  8495  764.57806843  28285440.00  
  8433  758.99388043  28288575.00  
  8439  759.53388857  28288435.00  
  8449  760.43399129  28288220.00  
  8543  768.89802543  28284250.00  
  8508  765.74821329  28285120.00  
  8570  771.32803886  28283575.00  
  8591  773.21799929  28283015.00  
  8542  768.80868557  28284280.00  
  8603  774.29861071  28282685.00  
  8609  774.83800971  28282535.00  
  8556  770.06804014  28283920.00  
  8618  775.64820414  28282300.00  
  8624  776.18818671  28282130.00  
  8639  777.53796729  28281745.00  
  8598  773.84807657  28282850.00  
  8657  779.15810071  28281245.00  
  8604  774.38800014  28282680.00  
  8687  781.85795000  28280410.00  
  8699  782.93793814  28280080.00  
  8646  778.16798286  28281555.00  
  8702  783.20797843  28280025.00  
  8652  778.70796586  28281375.00  
  8662  779.60800857  28281120.00  
  8735  786.17791671  28279060.00  
  8694  782.48794586  28280200.00  
  8747  787.25794586  28278720.00  
  8700  783.02793357  28280055.00  
  8710  783.92794086  28279775.00  
  8734  786.08814543  28279100.00  
  8783  790.49790071  28277675.00  
  8733  785.99823229  28279110.00  
  8748  787.34791043  28278685.00  
  8760  788.42803443  28278330.00  
  8782  790.40791471  28277700.00  
  8831  794.81793271  28276245.00  
  8781  790.31835229  28277755.00  
  8796  791.66789586  28277285.00  
  8808  792.74790043  28276925.00  
  8830  794.72832243  28276305.00  
  8879  799.13787286  28274805.00  
  8838  795.44790229  28276050.00  
  8844  795.98788886  28275850.00  
  8927  803.45787529  28273335.00  
  8893  800.39832971  28274375.00  
  8942  804.80787471  28272880.00  
  8892  800.30786929  28274405.00  
  8975  807.77786114  28271870.00  
  8925  803.27788700  28273405.00  
  8941  804.71787443  28272915.00  
  8990  809.12786414  28271395.00  
  8940  804.62785700  28272940.00  
  8950  805.52852514  28272660.00  
  8974  807.68788986  28271900.00  
  9023  812.09786414  28270395.00  
  8973  807.59788329  28271945.00  
  8989  809.03787000  28271435.00  
  9038  813.44786471  28269925.00  
  8988  808.94785657  28271470.00  
  9071  816.41787243  28268905.00  
  9022  812.00786157  28270420.00  
  9021  811.91787871  28270450.00  
  9086  817.76785714  28268455.00  
  9037  813.35785786  28269955.00  
  9036  813.26786929  28269990.00  
  9048  814.34850586  28269630.00  
  9070  816.32785029  28268945.00  
  9069  816.23789743  28268970.00  
  9085  817.67787143  28268480.00  
  9134  822.08786714  28266995.00  
  9118  820.64786900  28267470.00  
  9133  821.99789471  28267005.00  
  9174  825.66211214  28265570.00  
  9222  829.98211571  28264175.00  
  9175  825.75208200  28265565.00  
  9272  834.48198200  28262725.00  
  9320  838.80198200  28261370.00  
  9368  843.12199114  28260045.00  
  9416  847.44198229  28258755.00  
  9464  851.76198200  28257530.00  
  9512  856.08198214  28256335.00  
  9560  860.40198200  28255185.00  
  9319  838.71198200  28261385.00  
  9563  860.67198200  28255110.00  
  9608  864.72198200  28254095.00  
  9611  864.99198329  28254025.00  
  9656  869.04198200  28253050.00  
  9704  873.36198214  28252055.00  
  9364  842.76198200  28260140.00  
  9367  843.03201500  28260060.00  
  9376  843.84198786  28259825.00  
  9752  877.68198286  28251115.00  
  9400  846.00198243  28259185.00  
  9424  848.16198200  28258550.00  
  9800  882.00198200  28250215.00  
  9448  850.32198243  28257935.00  
  9848  886.32198200  28249350.00  
  9851  886.59198214  28249300.00  
  9496  854.64198214  28256710.00  
  9896  890.64253400  28248535.00  
  9899  890.91199486  28248505.00  
  9544  858.96198200  28255565.00  
  9592  863.28198200  28254460.00  
  9640  867.60198200  28253400.00  
  9652  868.68198200  28253145.00  
  9688  871.92198286  28252380.00  
  9700  873.00201629  28252145.00  
  9736  876.24198200  28251420.00  
  9748  877.32198200  28251195.00  
  9784  880.56198200  28250500.00  
  9796  881.64198200  28250280.00  
  9832  884.88198200  28249640.00  
  9844  885.96198200  28249430.00  
  9880  889.20202686  28248815.00  
  9892  890.28198200  28248615.00  
