     1  0.10815957  28283783.50  
     7  0.64832657  28283638.40  
     9  0.82817357  28283599.90  
    12  1.09814129  28283532.10  
    13  1.18815543  28283518.70  
    16  1.45841943  28283438.60  
    30  2.71843043  28283133.10  
    38  3.43813443  28282947.40  
    39  3.52820786  28282963.90  
    49  4.42813029  28282723.30  
    55  4.96814000  28282589.00  
    57  5.14829157  28282538.20  
    60  5.41811543  28282466.10  
    61  5.50811100  28282441.10  
    78  7.03822000  28282064.20  
    86  7.75811629  28281869.10  
    94  8.47832929  28281675.10  
    97  8.74811043  28281608.20  
   108  9.73807543  28281361.50  
   109  9.82808829  28281336.20  
   126  11.35810300  28280934.70  
   132  11.89809743  28280783.50  
   134  12.07814557  28280737.30  
   142  12.79809243  28280554.40  
   145  13.06759929  28280476.60  
   156  14.05806114  28280221.00  
   157  14.14806600  28280202.80  
   171  15.40860071  28279880.90  
   174  15.67845686  28279804.90  
   180  16.21863871  28279639.50  
   182  16.39852014  28279628.50  
   183  16.48843000  28279574.90  
   190  17.11806014  28279390.90  
   204  18.37804357  28279052.60  
   205  18.46804586  28279041.20  
   208  18.73873686  28278952.80  
   219  19.72806229  28278701.50  
   222  19.99806114  28278618.00  
   231  20.80805286  28278402.40  
   237  21.34830929  28278247.50  
   238  21.43802500  28278213.70  
   252  22.69801871  28277867.60  
   253  22.78801771  28277849.30  
   267  24.04813514  28277477.90  
   270  24.31801943  28277419.10  
   272  24.49814400  28277427.60  
   279  25.12801886  28277202.50  
   285  25.66873914  28277029.50  
   286  25.75800543  28277015.40  
   289  26.02807357  28276960.30  
   297  26.74813971  28276737.90  
   300  27.01805186  28276669.50  
   301  27.10799857  28276635.50  
   306  27.55861714  28276496.70  
   318  28.63747357  28276204.90  
   326  29.35800343  28275997.10  
   327  29.44802129  28275969.10  
   334  30.07799100  28275786.10  
   337  30.34800157  28275695.30  
   348  31.33801029  28275408.60  
   349  31.42669029  28275266.10  
   366  32.95834371  28274973.10  
   372  33.49806943  28274805.20  
   374  33.67798671  28274755.60  
   382  34.39798257  28274556.00  
   396  35.65800457  28274187.50  
   397  35.74799129  28274167.10  
   414  37.27801400  28273721.30  
   422  37.99813457  28273502.10  
   430  38.71797457  28273305.70  
   444  39.97797700  28272919.70  
   445  40.06799329  28272907.20  
   462  41.59799671  28272459.10  
   468  42.13805457  28272320.70  
   478  43.03796629  28272035.90  
   483  43.48842286  28271902.10  
   489  44.02799029  28271761.90  
   492  44.29797271  28271660.10  
   493  44.38799286  28271644.60  
   510  45.91797414  28271196.60  
   512  46.09880871  28271099.30  
   519  46.72798814  28270956.10  
   526  47.35796486  28270770.70  
   529  47.62800143  28270701.20  
   537  48.34796186  28270485.00  
   540  48.61798300  28270446.60  
   541  48.70797257  28270416.30  
   549  49.42796929  28270275.30  
   558  50.23808129  28270016.80  
   560  50.41804071  28269962.70  
   566  50.95817029  28269817.50  
   567  51.04798686  28269796.30  
   574  51.67796386  28269607.70  
   585  52.66798271  28269327.60  
   588  52.93800357  28269232.90  
   597  53.74824257  28269015.80  
   606  54.55854657  28268752.00  
   612  55.09801271  28268614.40  
   614  55.27853786  28268552.30  
   622  55.99796929  28268342.90  
   627  56.44823929  28268242.00  
   633  56.98798143  28268055.10  
   639  57.52799629  28267912.80  
   654  58.87828386  28267510.10  
   660  59.41800514  28267354.90  
   670  60.31798371  28267094.80  
   675  60.76799843  28266966.60  
   681  61.30819471  28266795.20  
   684  61.57830029  28266721.80  
   686  61.75800900  28266712.20  
   687  61.84798771  28266660.40  
   702  63.19799014  28266279.10  
   708  63.73802771  28266118.70  
   718  64.63798771  28265857.10  
   723  65.08808200  28265659.30  
   732  65.89801071  28265426.30  
   735  66.16799871  28265349.10  
   744  66.97800829  28265114.40  
   750  67.51709571  28265090.90  
   752  67.69804743  28264912.50  
   759  68.32801586  28264734.30  
   762  68.59856214  28264650.10  
   766  68.95671843  28264497.00  
   767  69.04840129  28264513.70  
   771  69.40812186  28264432.50  
   777  69.94801900  28264287.20  
   780  70.21802943  28264200.80  
   783  70.48801057  28264122.20  
   792  71.29853629  28263888.30  
   798  71.83803286  28263751.40  
   800  72.01805200  28263704.10  
   807  72.64804686  28263533.50  
   810  72.91872986  28263472.30  
   814  73.27802571  28263360.30  
   825  74.26802257  28263079.20  
   828  74.53825143  28263002.20  
   831  74.80804157  28262940.80  
   846  76.15806343  28262555.30  
   848  76.33806171  28262508.20  
   852  76.69815343  28262417.60  
   862  77.59806000  28262177.80  
   867  78.04873843  28262040.30  
   873  78.58804471  28261909.50  
   879  79.12806171  28261770.20  
   894  80.47816171  28261392.00  
   900  81.01807871  28261256.00  
   910  81.91729343  28261029.60  
   915  82.36812657  28260885.60  
   921  82.90807386  28260759.50  
   927  83.44809514  28260630.70  
   936  84.25819000  28260417.40  
   942  84.79812271  28260265.60  
   948  85.33812586  28260131.00  
   958  86.23810857  28259892.90  
   963  86.68811700  28259785.00  
   969  87.22809371  28259644.30  
   975  87.76812057  28259508.80  
   984  88.57774029  28259331.90  
   996  89.65829386  28259037.80  
   999  89.92868029  28258979.40  
  1006  90.55813986  28258811.00  
  1011  91.00813543  28258694.60  
  1017  91.54813443  28258557.30  
  1023  92.08814086  28258428.90  
  1032  92.89815943  28258223.10  
  1047  94.24817643  28257888.90  
  1054  94.87816786  28257741.10  
  1059  95.32832329  28257615.90  
  1065  95.86816257  28257499.80  
  1068  96.13819814  28257416.30  
  1071  96.40818557  28257371.70  
  1080  97.21820371  28257171.40  
  1095  98.56826871  28256882.40  
  1107  99.64837357  28256633.20  
  1113  100.18820400  28256490.20  
  1119  100.72821057  28256354.50  
  1128  101.53824600  28256170.40  
  1143  102.88830486  28255862.40  
  1150  103.51826129  28255721.20  
  1155  103.96824914  28255616.70  
  1161  104.50824357  28255499.20  
  1167  105.04825071  28255374.50  
  1176  105.85826743  28255193.40  
  1188  106.93837857  28254971.60  
  1198  107.83838986  28254733.90  
  1209  108.82829014  28254549.70  
  1215  109.36829600  28254444.40  
  1224  110.17831400  28254261.70  
  1251  112.60854529  28253742.00  
  1257  113.14834529  28253637.10  
  1263  113.68834571  28253544.40  
  1272  114.49855100  28253356.30  
  1284  115.57844014  28253130.20  
  1299  116.92838614  28252869.80  
  1302  117.19851086  28252800.50  
  1305  117.46838286  28252768.20  
  1311  118.00839143  28252651.80  
  1347  121.24844514  28252006.20  
  1353  121.78843843  28251933.50  
  1383  124.48847800  28251419.20  
  1390  125.11860429  28251279.10  
  1395  125.56847386  28251217.90  
  1398  125.83849029  28251171.90  
  1401  126.10847643  28251117.50  
  1407  126.64862257  28251047.60  
  1431  128.80859686  28250649.20  
  1443  129.88852600  28250449.80  
  1446  130.15854129  28250388.00  
  1449  130.42853757  28250357.90  
  1455  130.96858257  28250266.60  
  1479  133.12857771  28249896.30  
  1491  134.20859471  28249704.80  
  1494  134.47860014  28249670.60  
  1497  134.74859414  28249611.50  
  1503  135.28861314  28249528.90  
  1527  137.44862786  28249179.40  
  1539  138.52863514  28249009.00  
  1542  138.79864671  28248960.30  
  1545  139.06864143  28248917.20  
  1551  139.60867086  28248840.00  
  1552  139.69872629  28248839.70  
  1575  141.76869500  28248516.20  
  1587  142.84868943  28248336.60  
  1590  143.11869529  28248298.20  
  1593  143.38871000  28248258.50  
  1595  143.56912029  28248213.20  
  1599  143.92871700  28248165.50  
  1620  145.81939043  28247891.80  
  1635  147.16875386  28247697.30  
  1638  147.43878700  28247661.30  
  1641  147.70878414  28247626.30  
  1643  147.88877871  28247581.10  
  1647  148.24878800  28247545.20  
  1668  150.13882543  28247261.60  
  1683  151.48881586  28247084.00  
  1686  151.75883629  28247050.50  
  1689  152.02885043  28247013.30  
  1691  152.20884814  28246983.90  
  1695  152.56884657  28246948.90  
  1716  154.45898514  28246664.80  
  1720  154.81909943  28246621.70  
  1731  155.80888014  28246511.00  
  1734  156.07890343  28246483.10  
  1737  156.34919100  28246418.20  
  1739  156.52889871  28246408.40  
  1743  156.88893471  28246368.40  
  1764  158.77916100  28246133.50  
  1767  159.04928229  28246082.90  
  1779  160.12893857  28245954.90  
  1782  160.39898229  28245925.60  
  1785  160.66804214  28245889.00  
  1787  160.84897657  28245866.80  
  1791  161.20899814  28245825.90  
  1812  163.09918129  28245587.70  
  1815  163.36900500  28245557.60  
  1816  163.45903971  28245531.90  
  1827  164.44900500  28245436.90  
  1830  164.71902857  28245406.20  
  1833  164.98902657  28245361.20  
  1835  165.16903329  28245349.90  
  1839  165.52905429  28245311.90  
  1863  167.68906871  28245065.50  
  1864  167.77916800  28245053.60  
  1875  168.76907486  28244933.60  
  1878  169.03930871  28244905.30  
  1881  169.30910000  28244871.20  
  1883  169.48909543  28244854.20  
  1887  169.84910757  28244819.80  
  1892  170.29913186  28244789.30  
  1911  172.00914186  28244579.60  
  1923  173.08915243  28244462.90  
  1929  173.62918171  28244383.10  
  1931  173.80918071  28244383.90  
  1935  174.16919371  28244364.20  
  1959  176.32920114  28244124.00  
  1971  177.40921943  28244007.90  
  1977  177.94925171  28243957.60  
  1979  178.12922614  28243946.50  
  1983  178.48926443  28243918.70  
  2007  180.64926643  28243692.40  
  2019  181.72928700  28243585.30  
  2025  182.26930814  28243536.40  
  2027  182.44930700  28243520.50  
  2031  182.80932086  28243481.10  
  2036  183.25951757  28243450.00  
  2049  184.42945457  28243335.40  
  2051  184.60973157  28243297.00  
  2055  184.96934700  28243279.20  
  2067  186.04936100  28243180.20  
  2073  186.58938614  28243137.80  
  2075  186.76940057  28243123.00  
  2079  187.12940443  28243078.10  
  2097  188.74951800  28242956.80  
  2103  189.28776143  28243226.10  
  2115  190.36944329  28242793.80  
  2121  190.90946386  28242762.10  
  2123  191.08947014  28242738.90  
  2127  191.44948300  28242698.60  
  2145  193.06950457  28242563.90  
  2148  193.33963629  28242554.90  
  2151  193.60949543  28242521.20  
  2163  194.68952986  28242424.90  
  2169  195.22953686  28242381.40  
  2171  195.40955229  28242365.30  
  2175  195.76955586  28242336.50  
  2193  197.38957014  28242199.30  
  2196  197.65967014  28242189.30  
  2199  197.92913671  28242157.80  
  2211  199.00959229  28242080.70  
  2217  199.54981600  28242038.20  
  2219  199.72963700  28242020.30  
  2223  200.08963829  28242001.10  
  2228  200.53969286  28241950.00  
  2241  201.70964800  28241866.10  
  2244  201.97966371  28241838.30  
  2247  202.24964071  28241829.70  
  2259  203.32966971  28241744.80  
  2265  203.86968671  28241692.70  
  2267  204.04968929  28241694.20  
  2271  204.40970286  28241687.50  
  2276  204.86001686  28241648.20  
  2289  206.02971671  28241545.40  
  2292  206.29974343  28241533.30  
  2295  206.56972371  28241513.10  
  2307  207.64975200  28241429.80  
  2313  208.19021357  28241386.60  
  2315  208.36985971  28241383.00  
  2319  208.72983229  28241374.40  
  2337  210.34979386  28241246.40  
  2340  210.61982743  28241242.80  
  2343  210.88980329  28241213.90  
  2355  211.96984271  28241129.60  
  2367  213.05020586  28241058.40  
  2370  213.32045657  28241031.30  
  2385  214.66987671  28240958.40  
  2388  214.93990029  28240953.60  
  2391  215.20987729  28240921.30  
  2403  216.28997914  28240873.00  
  2433  218.98995829  28240693.10  
  2439  219.52997500  28240650.20  
  2481  223.31012714  28240431.80  
  2487  223.85004814  28240395.30  
  2529  227.63021000  28240152.60  
  2577  231.95021029  28239935.60  
  2583  232.49022329  28239909.30  
  2673  240.59037557  28239483.30  
  2679  241.13061200  28239468.30  
  2721  244.91046071  28239282.40  
  2727  245.45057457  28239266.10  
  2817  253.55063371  28238905.10  
  2865  257.87070986  28238743.10  
  3009  270.83150600  28238255.10  
  3057  275.15105514  28238091.00  
  3105  279.47115229  28237954.80  
  3107  279.65340971  28304734.00  
  3153  283.79127757  28237835.00  
  3155  283.97298914  28304662.00  
  3201  288.11134871  28237685.70  
  3251  292.61318686  28304509.20  
  3268  294.14294414  28304492.30  
  3349  301.43309443  28278691.10  
  3445  310.07189829  28277885.90  
  3489  314.03186314  28237057.40  
  3491  314.21234843  28304060.00  
  3537  318.35195314  28236960.80  
  3541  318.71301943  28276909.60  
  3585  322.67204929  28236880.80  
  3587  322.85219600  28303852.80  
  3589  323.03301671  28276438.00  
  3633  326.99212886  28236796.20  
  3637  327.35298457  28275995.60  
  3652  328.70204814  28303739.60  
  3681  331.31220157  28236724.70  
  3683  331.49211043  28303636.70  
  3685  331.67296886  28275542.50  
  3729  335.63230557  28236655.40  
  3731  335.81190900  28303526.00  
  3733  335.99295429  28275069.90  
  3777  339.95123257  28236682.30  
  3779  340.13181714  28303404.00  
  3781  340.31294014  28274603.50  
  3825  344.27249014  28236512.70  
  3827  344.45175929  28303262.30  
  3829  344.63294000  28274143.10  
  3873  348.59256100  28236443.10  
  3875  348.77177857  28303135.80  
  3877  348.95293643  28273683.80  
  3921  352.91266400  28236383.20  
  3923  353.09170600  28302997.00  
  3925  353.27293529  28273206.20  
  3969  357.23275857  28236310.30  
  3971  357.41147586  28302850.60  
  3973  357.59291229  28272734.40  
  4017  361.55284629  28236269.10  
  4021  361.91291286  28272274.70  
  4065  365.87293929  28236215.70  
  4067  366.05132543  28302535.30  
  4069  366.23291214  28271791.30  
  4113  370.19303886  28236159.00  
  4114  370.28354486  28271354.90  
  4117  370.55291614  28271320.60  
  4161  374.51312557  28236109.60  
  4163  374.69113043  28302206.20  
  4209  378.83322671  28236063.20  
  4210  378.92291900  28270417.10  
  4211  379.01105071  28302024.40  
  4214  379.28120557  28301985.80  
  4257  383.15330529  28236027.70  
  4258  383.24291529  28269941.00  
  4259  383.33097114  28301837.20  
  4262  383.60097243  28301820.40  
  4305  387.47340500  28235974.00  
  4306  387.56304829  28269458.50  
  4307  387.65088129  28301638.10  
  4310  387.92146043  28301612.50  
  4353  391.79350686  28235946.80  
  4354  391.88292971  28268996.40  
  4355  391.97010271  28301417.30  
  4401  396.11364100  28235904.60  
  4402  396.20202057  28268473.10  
  4403  396.29072014  28301214.00  
  4406  396.56116571  28301195.90  
  4417  397.55075357  28301129.00  
  4450  400.52292471  28268055.50  
  4451  400.61063714  28300984.20  
  4454  400.88065071  28300976.40  
  4465  401.87063486  28300917.40  
  4498  404.84293643  28267595.30  
  4499  404.93055600  28300752.50  
  4502  405.20056600  28300732.20  
  4513  406.19015914  28300701.00  
  4546  409.16295457  28267110.30  
  4547  409.25048314  28300500.70  
  4550  409.52049543  28300503.60  
  4561  410.51047143  28300427.50  
  4564  410.78072300  28300417.50  
  4595  413.57039371  28300241.70  
  4598  413.84039271  28300224.10  
  4609  414.83038900  28300167.10  
  4642  417.80298300  28266188.30  
  4643  417.89032429  28299970.90  
  4646  418.16034129  28299949.50  
  4657  419.15034529  28299886.70  
  4663  419.69034314  28299867.90  
  4668  420.14029500  28299827.30  
  4690  422.12299029  28265724.90  
  4691  422.21025643  28299689.90  
  4694  422.48025071  28299672.20  
  4705  423.47024600  28299602.10  
  4708  423.74046071  28299564.90  
  4738  426.44301014  28265271.60  
  4739  426.53017829  28299384.40  
  4742  426.80016943  28299367.90  
  4753  427.79035500  28299296.70  
  4759  428.33030743  28299271.70  
  4764  428.78016057  28299230.20  
  4765  428.87016914  28299204.60  
  4786  430.76300429  28264807.70  
  4787  430.85009829  28299077.00  
  4790  431.12009900  28299060.00  
  4791  431.21018386  28299084.80  
  4801  432.11009529  28298983.60  
  4807  432.65010186  28298942.90  
  4812  433.10023271  28298921.10  
  4832  434.90089971  28298813.20  
  4834  435.08314129  28264349.80  
  4835  435.17002600  28298754.70  
  4838  435.44001457  28298726.90  
  4849  436.43001900  28298665.40  
  4855  436.97002986  28298603.20  
  4860  437.42001143  28298574.00  
  4883  439.48995186  28298417.50  
  4886  439.75994129  28298391.00  
  4897  440.74995400  28298313.70  
  4903  441.29038271  28298254.30  
  4931  443.80988657  28298056.70  
  4934  444.07987486  28298033.60  
  4945  445.06986671  28297953.20  
  4951  445.60988271  28297911.40  
  4956  446.05987371  28297874.30  
  4979  448.12981443  28297678.50  
  4982  448.39979629  28297660.70  
  4983  448.48982843  28297671.90  
  4993  449.38978900  28297575.70  
  4999  449.92981371  28297514.20  
  5004  450.37994800  28297485.80  
  5027  452.44976657  28297292.80  
  5030  452.71972814  28297269.80  
  5031  452.80983843  28297278.30  
  5041  453.70976629  28297173.90  
  5047  454.24974100  28297130.60  
  5052  454.69971014  28297081.00  
  5075  456.76968300  28296882.60  
  5078  457.03965771  28296864.70  
  5079  457.13029971  28296867.70  
  5089  458.02964671  28296769.00  
  5095  458.56964971  28296716.00  
  5100  459.01988900  28296684.90  
  5123  461.08988243  28296458.60  
  5126  461.35958814  28296436.70  
  5137  462.34957857  28296336.70  
  5143  462.88958543  28296279.40  
  5148  463.33966100  28296241.20  
  5168  465.13979657  28296036.70  
  5174  465.67952357  28295991.80  
  5185  466.66950743  28295887.00  
  5191  467.20951986  28295827.90  
  5196  467.65959100  28295778.60  
  5216  469.45950443  28295575.10  
  5222  469.99946200  28295516.90  
  5233  470.98944586  28295409.90  
  5239  471.52944671  28295347.60  
  5264  473.77953014  28295103.10  
  5270  474.31939086  28295035.00  
  5281  475.30936786  28294917.50  
  5287  475.84936771  28294853.40  
  5292  476.30007200  28294789.70  
  5293  476.38940414  28294796.00  
  5312  478.09933814  28294589.80  
  5318  478.63932743  28294520.40  
  5329  479.62931557  28294407.80  
  5335  480.16930957  28294333.40  
  5340  480.61931614  28294276.40  
  5341  480.70931471  28294272.70  
  5343  480.88934329  28294222.30  
  5360  482.41929857  28294044.30  
  5366  482.95927243  28293988.20  
  5377  483.94925614  28293861.30  
  5383  484.48929386  28293795.80  
  5388  484.93924429  28293759.40  
  5389  485.02933800  28293727.60  
  5408  486.73922429  28293503.00  
  5414  487.27922757  28293420.30  
  5425  488.26919557  28293306.90  
  5431  488.80919800  28293231.60  
  5436  489.25920543  28293165.50  
  5437  489.34925986  28293156.60  
  5456  491.05916814  28292929.00  
  5462  491.59923914  28292849.30  
  5473  492.58914271  28292711.00  
  5479  493.12926857  28292633.40  
  5484  493.57913886  28292572.80  
  5485  493.66915200  28292552.50  
  5488  493.93948186  28292538.40  
  5504  495.37910514  28292324.50  
  5521  496.90906771  28292102.00  
  5527  497.44909000  28292019.60  
  5532  497.89906271  28291958.70  
  5533  497.98791814  28291980.00  
  5536  498.25907829  28291902.60  
  5552  499.69903800  28291685.90  
  5558  500.23927900  28291620.40  
  5559  500.32912943  28291570.50  
  5569  501.22901357  28291459.50  
  5575  501.76902514  28291372.60  
  5580  502.21900914  28291307.10  
  5581  502.30909300  28291304.30  
  5584  502.57911600  28291259.20  
  5600  504.01897843  28291035.10  
  5604  504.37923429  28290977.50  
  5606  504.55911971  28290929.00  
  5607  504.64907300  28290964.10  
  5617  505.54897043  28290796.00  
  5623  506.08897929  28290699.60  
  5628  506.53895171  28290638.20  
  5629  506.62910257  28290616.60  
  5632  506.89924986  28290573.00  
  5648  508.33894500  28290343.00  
  5654  508.87911571  28290283.40  
  5665  509.86891900  28290105.50  
  5671  510.40910914  28290009.80  
  5676  510.85742343  28289942.90  
  5696  512.65889614  28289638.40  
  5700  513.01920871  28289574.00  
  5702  513.19890086  28289543.80  
  5713  514.18886771  28289373.30  
  5719  514.72889071  28289292.60  
  5724  515.17884786  28289208.40  
  5744  516.97883957  28288895.40  
  5748  517.33892771  28288860.90  
  5750  517.51789529  28288844.00  
  5761  518.50882300  28288629.10  
  5767  519.04884600  28288539.50  
  5772  519.49880500  28288455.60  
  5790  521.11895657  28288168.10  
  5792  521.29880557  28288101.60  
  5796  521.65884757  28288082.80  
  5798  521.83880229  28288032.20  
  5809  522.82879814  28287851.10  
  5815  523.36897800  28287762.70  
  5820  523.81875514  28287669.90  
  5824  524.17925871  28287622.50  
  5835  525.16890100  28287422.80  
  5844  525.97888700  28287279.90  
  5846  526.15877557  28287230.80  
  5857  527.14874200  28287052.30  
  5863  527.68874943  28286942.00  
  5868  528.13870486  28286862.50  
  5869  528.22878129  28286872.90  
  5883  529.48872029  28286592.60  
  5888  529.93874143  28286533.60  
  5894  530.47885586  28286396.20  
  5905  531.46876157  28286211.30  
  5916  532.45867200  28286021.90  
  5917  532.54871100  28286002.20  
  5920  532.81868700  28285961.20  
  5931  533.80869214  28285759.40  
  5936  534.25867157  28285658.90  
  5944  534.97874571  28285500.60  
  5953  535.78874743  28285375.10  
  5964  536.77862929  28285148.50  
  5965  536.86886800  28285133.10  
  5968  537.13864986  28285077.00  
  5979  538.12862886  28284870.40  
  5984  538.57864029  28284767.50  
  5998  539.83885557  28284503.50  
  6001  540.10865886  28284478.60  
  6012  541.09859200  28284256.60  
  6013  541.18871014  28284235.70  
  6016  541.45871457  28284181.50  
  6027  542.44860586  28283978.10  
  6032  542.89860286  28283873.70  
  6046  544.15860314  28283624.90  
  6049  544.42861700  28283551.40  
  6060  545.41856043  28283330.70  
  6061  545.50879743  28283356.00  
  6075  546.76857957  28283039.70  
  6080  547.21857114  28282937.40  
  6094  548.47855671  28282658.90  
  6097  548.74920200  28282616.40  
  6108  549.73852929  28282384.60  
  6123  551.08853543  28282085.70  
  6126  551.35854686  28282022.90  
  6128  551.53855057  28281989.40  
  6142  552.79854143  28281695.50  
  6145  553.06853671  28281609.40  
  6153  553.78872114  28281470.80  
  6156  554.05850229  28281414.10  
  6171  555.40870200  28281089.60  
  6174  555.67850257  28281042.50  
  6190  557.11851443  28280706.20  
  6201  558.10853786  28280489.40  
  6204  558.37847529  28280412.40  
  6219  559.72917429  28280101.00  
  6222  559.99847171  28280038.30  
  6237  561.34858243  28279710.80  
  6238  561.43847243  28279674.70  
  6246  562.15849057  28279504.60  
  6249  562.42849886  28279454.20  
  6252  562.69844800  28279395.30  
  6256  563.05847114  28279308.00  
  6270  564.31844371  28279013.00  
  6272  564.49873386  28278966.40  
  6285  565.66844829  28278681.10  
  6286  565.75844143  28278653.80  
  6297  566.74852229  28278412.70  
  6300  567.01842871  28278353.80  
  6304  567.37868486  28278281.70  
  6318  568.63842571  28277953.80  
  6320  568.81843686  28277923.40  
  6333  569.98843214  28277630.60  
  6334  570.07841957  28277615.30  
  6348  571.33840271  28277298.90  
  6352  571.69842286  28277206.40  
  6357  572.14844357  28277101.20  
  6366  572.95840386  28276900.60  
  6368  573.13842014  28276866.20  
  6372  573.49851186  28276776.20  
  6381  574.30840371  28276563.70  
  6382  574.39840614  28276540.80  
  6396  575.65839129  28276227.20  
  6400  576.01842014  28276139.70  
  6414  577.27839314  28275819.90  
  6416  577.45849657  28275769.10  
  6420  577.81841100  28275678.20  
  6429  578.62839743  28275482.40  
  6430  578.71839343  28275455.50  
  6441  579.70842414  28275195.30  
  6444  579.97837814  28275139.60  
  6462  581.59837614  28274727.90  
  6464  581.77841843  28274691.00  
  6468  582.13838229  28274593.30  
  6477  582.94837557  28274387.00  
  6478  583.03837971  28274373.70  
  6486  583.75843571  28274177.80  
  6489  584.02840657  28274116.40  
  6492  584.29837014  28274041.20  
  6501  585.10840114  28273848.20  
  6510  585.91836400  28273629.80  
  6516  586.45836786  28273492.20  
  6525  587.26837014  28273286.20  
  6526  587.35792714  28273258.10  
  6534  588.07839414  28273080.40  
  6537  588.34837743  28273017.10  
  6540  588.61836457  28272934.20  
  6544  588.97841957  28272829.40  
  6549  589.42837857  28272731.50  
  6558  590.23835986  28272520.00  
  6564  590.77838057  28272391.00  
  6573  591.58836943  28272174.80  
  6574  591.67836643  28272149.30  
  6585  592.66837571  28271904.60  
  6588  592.93836543  28271824.40  
  6592  593.29838886  28271723.30  
  6597  593.74835729  28271620.20  
  6606  594.55836129  28271409.80  
  6608  594.73848814  28271361.30  
  6621  595.90836857  28271055.70  
  6622  595.99836286  28271036.10  
  6633  596.98836786  28270776.90  
  6636  597.25837829  28270710.50  
  6640  597.61845614  28270619.10  
  6645  598.06836800  28270506.50  
  6654  598.87835843  28270294.70  
  6656  599.05840386  28270259.40  
  6669  600.22837500  28269949.60  
  6670  600.31836343  28269923.20  
  6681  601.30841471  28269669.60  
  6684  601.57836300  28269618.20  
  6688  601.93845743  28269504.50  
  6693  602.38835657  28269393.60  
  6702  603.19836314  28269181.10  
  6704  603.37845000  28269142.60  
  6708  603.73839829  28269045.30  
  6718  604.63837114  28268821.20  
  6726  605.35841986  28268649.80  
  6732  605.89843029  28268491.60  
  6735  606.16838986  28268428.50  
  6741  606.70838143  28268283.40  
  6750  607.51837129  28268071.80  
  6752  607.69839214  28268045.70  
  6756  608.05839643  28267946.20  
  6766  608.95838643  28267707.30  
  6774  609.67843657  28267530.80  
  6777  609.94839071  28267470.20  
  6780  610.21839200  28267370.00  
  6783  610.48847371  28267311.40  
  6789  611.02837971  28267180.00  
  6798  611.83838243  28266963.20  
  6804  612.37855714  28266828.90  
  6814  613.27838143  28266605.20  
  6822  613.99838643  28266426.20  
  6825  614.26839786  28266355.10  
  6828  614.53840686  28266282.70  
  6837  615.34839329  28266088.90  
  6846  616.15839700  28265883.30  
  6852  616.69889729  28265750.40  
  6858  617.23841471  28265601.20  
  6862  617.59840871  28265523.20  
  6870  618.31843786  28265341.50  
  6873  618.58840157  28265271.30  
  6876  618.85839314  28265201.00  
  6879  619.12859757  28265147.70  
  6880  619.21864286  28265123.00  
  6885  619.66841486  28265009.30  
  6894  620.47840500  28264801.30  
  6906  621.55845257  28264543.00  
  6910  621.91840800  28264449.10  
  6918  622.63857100  28264310.90  
  6921  622.90841671  28264201.80  
  6924  623.17843243  28264140.00  
  6933  623.98844786  28263940.10  
  6942  624.79842129  28263732.20  
  6944  624.97857414  28263679.80  
  6954  625.87845171  28263475.90  
  6958  626.23843943  28263390.10  
  6969  627.22842543  28263148.40  
  6972  627.49845471  28263066.00  
  6981  628.30880300  28262919.20  
  6990  629.11843886  28262698.40  
  6992  629.29864600  28262662.70  
  7002  630.19846414  28262439.80  
  7006  630.55845414  28262351.10  
  7017  631.54845243  28262110.80  
  7020  631.81848243  28262039.50  
  7023  632.08847457  28261983.50  
  7038  633.43845986  28261670.40  
  7040  633.61874729  28261635.80  
  7044  633.97847357  28261531.10  
  7050  634.51848829  28261414.50  
  7054  634.87847700  28261330.60  
  7062  635.59858043  28261152.10  
  7065  635.86847800  28261101.30  
  7071  636.40872757  28260960.60  
  7086  637.75849600  28260668.50  
  7092  638.29858457  28260539.00  
  7098  638.83852971  28260419.70  
  7102  639.19851129  28260333.20  
  7110  639.91862457  28260149.70  
  7113  640.18850814  28260104.80  
  7119  640.72854229  28259976.40  
  7134  642.07854300  28259670.30  
  7140  642.61863643  28259558.30  
  7146  643.15856229  28259436.30  
  7150  643.51859243  28259371.80  
  7155  643.96758743  28259198.30  
  7158  644.23860586  28259181.90  
  7161  644.50853571  28259134.10  
  7182  646.39906000  28258735.50  
  7194  647.47873729  28258508.00  
  7206  648.55858157  28258237.90  
  7209  648.82856529  28258191.40  
  7212  649.09912500  28258108.80  
  7215  649.36859986  28258082.40  
  7216  649.45866586  28258059.80  
  7219  649.72889257  28258001.10  
  7224  650.17872043  28257880.00  
  7230  650.71886486  28257773.10  
  7232  650.89877729  28257750.10  
  7242  651.79862843  28257570.50  
  7251  652.60866300  28257382.60  
  7257  653.14860057  28257276.00  
  7260  653.41880129  28257234.20  
  7278  655.03869900  28256875.40  
  7305  657.46864200  28256377.70  
  7328  659.53869000  28255932.90  
  7353  661.78868186  28255517.10  
  7359  662.32886543  28255428.70  
  7374  663.67874671  28255153.90  
  7376  663.85869271  28255112.10  
  7395  665.56874771  28254799.40  
  7401  666.10873157  28254681.30  
  7422  667.99876357  28254322.10  
  7428  668.53878014  28254234.70  
  7443  669.88878671  28253967.50  
  7446  670.15885743  28253926.70  
  7449  670.42877357  28253873.80  
  7476  672.85902729  28253442.00  
  7491  674.20882486  28253198.80  
  7494  674.47884700  28253158.30  
  7497  674.74884343  28253093.20  
  7539  678.52885843  28252436.40  
  7542  678.79901329  28252359.50  
  7545  679.06888586  28252341.50  
  7587  682.84909357  28251714.20  
  7593  683.38899357  28251633.50  
  7635  687.16896957  28251016.80  
  7641  687.70899271  28250926.40  
  7683  691.48903243  28250343.00  
  7686  691.75914129  28250311.40  
  7689  692.02903614  28250272.60  
  7731  695.80907786  28249706.70  
  7734  696.07908086  28249663.70  
  7737  696.34908557  28249611.60  
  7779  700.12914629  28249083.80  
  7782  700.39914729  28249053.60  
  7785  700.66913843  28249007.30  
  7812  703.09920814  28248674.30  
  7827  704.44918029  28248489.20  
  7830  704.71921143  28248467.00  
  7833  704.98921014  28248411.90  
  7860  707.41923329  28248098.80  
  7881  709.30946800  28247868.60  
  7908  711.73927929  28247543.70  
  7923  713.08930371  28247372.70  
  7956  716.05934000  28247026.50  
  7971  717.40938943  28246859.20  
  8004  720.37940986  28246522.40  
  8019  721.72943500  28246364.80  
  8052  724.69946471  28246035.20  
  8055  724.96960443  28246013.40  
  8067  726.04950557  28245888.80  
  8073  726.58961114  28245821.20  
  8100  729.01954186  28245573.00  
  8103  729.28960000  28245561.60  
  8115  730.36954300  28245444.70  
  8121  730.90959986  28245362.80  
  8148  733.33961714  28245133.10  
  8151  733.60980443  28245120.80  
  8163  734.68962486  28245012.50  
  8196  737.65967271  28244714.70  
  8199  737.92948771  28244694.00  
  8211  739.00970429  28244589.70  
  8217  739.54983029  28244543.70  
  8219  739.72973486  28244522.50  
  8244  741.97974900  28244310.30  
  8247  742.24976157  28244286.20  
  8259  743.32978286  28244183.10  
  8265  743.87016600  28244136.10  
  8267  744.04980743  28244139.90  
  8292  746.29981871  28243925.50  
  8295  746.56983100  28243907.00  
  8307  747.64985143  28243796.30  
  8313  748.18989943  28243768.70  
  8315  748.36989043  28243748.80  
  8340  750.61990014  28243561.70  
  8343  750.88989486  28243531.50  
  8355  751.96995114  28243457.10  
  8361  752.51025743  28243402.40  
  8363  752.68994129  28243395.90  
  8388  754.93996371  28243208.50  
  8391  755.20997229  28243183.50  
  8403  756.29000643  28243096.00  
  8409  756.83018671  28243036.40  
  8411  757.01043257  28243056.60  
  8436  759.26004871  28242867.50  
  8439  759.53005757  28242852.10  
  8451  760.61009171  28242761.10  
  8457  761.15007586  28242753.00  
  8459  761.33042300  28242716.70  
  8484  763.58020200  28242565.00  
  8487  763.85012271  28242536.60  
  8532  767.90033514  28242254.90  
  8535  768.17019329  28242229.00  
  8580  772.22028286  28241935.20  
  8583  772.49027086  28241935.10  
  8631  776.81036271  28241653.40  
  8679  781.13043386  28241392.80  
  8771  789.41442114  28304436.60  
  8871  798.41077271  28240437.90  
  8919  802.73084571  28240229.40  
  9059  815.33386943  28304048.80  
  9107  819.65352286  28303974.50  
  9155  823.97348043  28303890.80  
  9203  828.29344557  28303817.70  
  9251  832.61328657  28303730.20  
  9347  841.25344586  28303565.10  
  9351  841.61185329  28238687.80  
  9491  854.21293443  28303251.10  
  9493  854.39245457  28277998.90  
  9541  858.71241771  28277508.80  
  9589  863.03243229  28277023.20  
  9637  867.35238543  28276531.20  
  9683  871.49249957  28302809.10  
  9685  871.67236314  28276033.00  
  9733  875.99151600  28275520.30  
  9781  880.31234029  28275029.90  
  9825  884.27243557  28237564.00  
  9829  884.63232343  28274511.30  
  9877  888.95231000  28274007.10  
  9925  893.27231014  28273498.00  
  9971  897.41198514  28301954.30  
  9973  897.59229371  28272988.50  
 10021  901.91197243  28272450.70  
 10067  906.05196486  28301646.40  
 10069  906.23230200  28271967.60  
 10113  910.19299686  28237091.60  
 10114  910.28249300  28271453.50  
 10115  910.37188557  28301436.60  
 10117  910.55229371  28271438.40  
 10118  910.64185671  28301446.30  
 10161  914.51307500  28237006.40  
 10162  914.60230543  28270963.30  
 10165  914.87229329  28270922.90  
 10210  918.92229871  28270432.60  
 10211  919.01158457  28301104.70  
 10213  919.19228257  28270408.20  
 10259  923.33148300  28300909.80  
 10262  923.60148929  28300886.60  
 10306  927.56230600  28269405.40  
 10354  931.88231329  28268901.40  
 10355  931.97133757  28300483.40  
 10358  932.24131857  28300480.80  
 10402  936.20231171  28268380.80  
 10403  936.29142814  28300284.30  
 10406  936.56125914  28300259.20  
 10450  940.52231271  28267867.70  
 10498  944.84232900  28267358.30  
 10499  944.93112157  28299819.00  
 10502  945.20108614  28299795.60  
 10546  949.16234900  28266841.00  
 10547  949.25103143  28299566.80  
 10550  949.52103514  28299556.70  
 10561  950.51118729  28299462.40  
 10572  951.50119529  28299448.30  
 10594  953.48234371  28266336.20  
 10595  953.57094700  28299301.90  
 10598  953.84091700  28299289.60  
 10609  954.83110429  28299241.80  
 10642  957.80235214  28265823.30  
 10643  957.89087743  28299033.80  
 10646  958.16084800  28299025.30  
 10668  960.14088657  28298898.90  
 10690  962.12236771  28265319.40  
 10691  962.21081114  28298764.80  
 10694  962.48076286  28298746.40  
 10705  963.47078071  28298687.20  
 10716  964.46105271  28298620.00  
 10736  966.26073486  28298486.50  
 10739  966.53071657  28298467.30  
 10742  966.80069943  28298460.40  
 10764  968.78068486  28298312.30  
 10786  970.76244171  28264322.00  
 10790  971.12063271  28298152.00  
 10801  972.11064771  28298095.20  
 10805  972.47242129  28264144.00  
 10812  973.10068200  28298013.80  
 10832  974.90057857  28297869.00  
 10834  975.08243043  28263840.50  
 10835  975.17067671  28297851.00  
 10838  975.44055800  28297841.80  
 10855  976.97073043  28297739.30  
 10860  977.42053100  28297688.70  
 10861  977.51058129  28297715.60  
 10880  979.22050829  28297558.20  
 10882  979.40244143  28263348.40  
 10886  979.76048943  28297516.60  
 10897  980.75048971  28297448.90  
 10901  981.11155629  28263014.90  
 10903  981.29063100  28297394.30  
 10928  983.54043743  28297212.60  
 10930  983.72246557  28262878.60  
 10934  984.08041014  28297174.90  
 10945  985.07073314  28297111.30  
 10951  985.61056000  28297056.40  
 10956  986.06040171  28297011.70  
 10976  987.86038914  28296867.50  
 10982  988.40034129  28296822.60  
 10993  989.39034986  28296757.40  
 10999  989.93042214  28296702.80  
 11004  990.38033000  28296667.80  
 11024  992.18028814  28296494.80  
 11030  992.72027314  28296453.40  
 11041  993.71029100  28296356.70  
 11047  994.25062643  28296330.00  
 11052  994.70026757  28296285.00  
 11072  996.50022686  28296124.90  
 11078  997.04020971  28296075.10  
 11089  998.03021429  28295977.10  
 11095  998.57037429  28295953.10  
 11100  999.02021857  28295909.20  
 11120  1000.82015471  28295732.70  
 11126  1001.36015114  28295673.20  
 11137  1002.35014729  28295576.40  
 11143  1002.89056414  28295535.80  
 11148  1003.34023271  28295490.70  
 11168  1005.14008829  28295309.20  
 11174  1005.68008114  28295262.90  
 11185  1006.67007786  28295162.40  
 11191  1007.21008043  28295123.80  
 11196  1007.66014971  28295068.20  
 11216  1009.46001757  28294886.90  
 11222  1010.00002543  28294833.50  
 11233  1010.99001271  28294733.30  
 11244  1011.98000214  28294632.50  
 11264  1013.77995214  28294444.20  
 11270  1014.31995757  28294381.10  
 11281  1015.30994186  28294274.90  
 11292  1016.30000243  28294172.00  
 11312  1018.09988586  28293979.10  
 11318  1018.63989571  28293920.10  
 11329  1019.62988114  28293813.00  
 11335  1020.17010843  28293767.10  
 11340  1020.61993857  28293697.40  
 11360  1022.41983429  28293499.80  
 11366  1022.95985143  28293443.70  
 11377  1023.94977143  28293328.90  
 11383  1024.49035171  28293254.30  
 11388  1024.93991429  28293217.40  
 11408  1026.73977871  28293001.70  
 11414  1027.27979329  28292933.30  
 11425  1028.26975900  28292810.00  
 11436  1029.25987500  28292694.50  
 11440  1029.62001943  28292686.80  
 11456  1031.05971557  28292486.80  
 11473  1032.58970514  28292301.90  
 11479  1033.12980814  28292232.70  
 11484  1033.57970271  28292172.60  
 11488  1033.93993600  28292134.80  
 11504  1035.37965886  28291946.20  
 11521  1036.90965657  28291751.60  
 11532  1037.89964714  28291625.60  
 11536  1038.25964700  28291579.40  
 11552  1039.69959871  28291392.80  
 11569  1041.22960214  28291200.70  
 11580  1042.21959086  28291056.50  
 11584  1042.57957543  28291015.90  
 11600  1044.01956514  28290809.90  
 11617  1045.54955900  28290614.70  
 11628  1046.53971629  28290478.80  
 11632  1046.89952129  28290424.60  
 11648  1048.33950457  28290214.20  
 11665  1049.86950671  28290000.00  
 11676  1050.85949114  28289862.60  
 11680  1051.21947314  28289807.80  
 11694  1052.47986629  28289626.20  
 11696  1052.65947286  28289601.10  
 11724  1055.17944386  28289214.50  
 11728  1055.53942500  28289175.80  
 11742  1056.79943014  28288991.60  
 11744  1056.97941457  28288955.70  
 11772  1059.49939029  28288570.30  
 11776  1059.85936586  28288514.80  
 11790  1061.11936371  28288310.80  
 11792  1061.29937500  28288307.60  
 11809  1062.82956000  28288049.60  
 11820  1063.81934957  28287895.30  
 11824  1064.17932771  28287838.90  
 11838  1065.43943043  28287648.40  
 11868  1068.13929714  28287199.60  
 11872  1068.49927800  28287141.10  
 11886  1069.75932343  28286927.00  
 11905  1071.46933143  28286619.90  
 11916  1072.45924614  28286482.30  
 11920  1072.81923929  28286420.40  
 11934  1074.07926743  28286184.70  
 11964  1076.77920086  28285736.90  
 11968  1077.13920071  28285686.00  
 11982  1078.39919671  28285457.20  
 12012  1081.09916314  28284979.40  
 12016  1081.45916314  28284924.00  
 12027  1082.44917786  28284757.40  
 12030  1082.71916200  28284694.50  
 12032  1082.89917571  28284672.70  
 12046  1084.15936814  28284408.10  
 12049  1084.42915829  28284390.60  
 12060  1085.41911929  28284200.90  
 12064  1085.77912443  28284134.60  
 12075  1086.76913557  28283961.10  
 12078  1087.03912671  28283909.60  
 12080  1087.21914400  28283870.70  
 12108  1089.73909571  28283396.30  
 12112  1090.09909171  28283335.60  
 12123  1091.08909157  28283133.10  
 12126  1091.35920300  28283094.10  
 12156  1094.05906757  28282578.30  
 12171  1095.40905514  28282331.60  
 12174  1095.67906414  28282270.70  
 12190  1097.11916400  28281989.10  
 12204  1098.37903229  28281738.40  
 12219  1099.72903486  28281477.80  
 12222  1099.99903071  28281415.00  
 12238  1101.43909129  28281120.10  
 12252  1102.69900500  28280875.80  
 12267  1104.04900386  28280614.30  
 12270  1104.31901443  28280548.60  
 12286  1105.75912686  28280270.30  
 12294  1106.47910214  28280116.30  
 12300  1107.01897600  28280010.40  
 12304  1107.37899229  28279943.10  
 12315  1108.36897671  28279734.70  
 12318  1108.63896071  28279671.20  
 12334  1110.07898486  28279370.30  
 12348  1111.33895829  28279112.20  
 12352  1111.69895543  28279045.50  
 12363  1112.68894986  28278828.10  
 12366  1112.95894857  28278775.40  
 12382  1114.39895286  28278479.70  
 12396  1115.65892729  28278200.70  
 12400  1116.01894229  28278123.10  
 12411  1117.00893071  28277920.60  
 12414  1117.27892057  28277864.70  
 12429  1118.62904043  28277598.20  
 12430  1118.71893029  28277544.30  
 12444  1119.97891629  28277279.70  
 12448  1120.33893300  28277215.40  
 12459  1121.32891929  28277007.70  
 12462  1121.59890943  28276940.50  
 12477  1122.94913614  28276642.50  
 12492  1124.29892857  28276339.30  
 12496  1124.65898900  28276283.10  
 12507  1125.64904786  28276063.00  
 12510  1125.91889443  28276000.10  
 12512  1126.09894714  28275953.00  
 12525  1127.26891714  28275697.90  
 12540  1128.61888886  28275408.90  
 12544  1128.97908457  28275313.80  
 12558  1130.23887600  28275052.00  
 12573  1131.58890071  28274744.00  
 12582  1132.39919100  28274547.30  
 12588  1132.93888557  28274461.70  
 12606  1134.55886271  28274095.20  
 12621  1135.90888943  28273800.50  
 12630  1136.71897686  28273613.40  
 12636  1137.25887200  28273499.70  
 12648  1138.33921743  28273259.90  
 12651  1138.60927786  28273203.10  
 12654  1138.87886071  28273130.90  
 12669  1140.22888457  28272845.00  
 12678  1141.03892714  28272651.50  
 12681  1141.30887586  28272587.50  
 12684  1141.57888500  28272546.70  
 12699  1142.92889343  28272233.80  
 12702  1143.19885571  28272174.40  
 12714  1144.27896057  28271915.40  
 12717  1144.54888614  28271866.60  
 12729  1145.62894857  28271625.40  
 12732  1145.89908314  28271544.40  
 12736  1146.25897543  28271483.70  
 12741  1146.70895243  28271386.20  
 12744  1146.97886129  28271310.30  
 12747  1147.24887300  28271259.60  
 12750  1147.51885100  28271195.50  
 12762  1148.59891443  28270938.30  
 12777  1149.94887929  28270655.90  
 12780  1150.21890500  28270587.90  
 12784  1150.57888586  28270519.10  
 12789  1151.02895443  28270397.00  
 12795  1151.56886043  28270289.00  
 12798  1151.83884786  28270231.60  
 12828  1154.53892200  28269627.60  
 12837  1155.34888043  28269446.40  
 12843  1155.88905643  28269324.20  
 12846  1156.15885314  28269262.70  
 12862  1157.59907357  28268951.80  
 12870  1158.31923571  28268768.20  
 12876  1158.85903514  28268670.40  
 12885  1159.66888286  28268475.50  
 12894  1160.47886814  28268287.70  
 12918  1162.63891086  28267814.10  
 12924  1163.17895057  28267680.70  
 12942  1164.79887286  28267338.50  
 12954  1165.87891243  28267086.60  
 12966  1166.95890057  28266862.20  
 12969  1167.22889571  28266797.70  
 12972  1167.49898171  28266721.10  
 12981  1168.30891300  28266566.20  
 12984  1168.57893957  28266497.90  
 12990  1169.11887500  28266379.60  
 13002  1170.19889371  28266140.30  
 13005  1170.46920971  28266090.90  
 13014  1171.27890643  28265917.00  
 13017  1171.54889657  28265851.30  
 13020  1171.81893114  28265798.60  
 13029  1172.62890686  28265616.50  
 13032  1172.89891843  28265543.00  
 13038  1173.43889471  28265438.70  
 13050  1174.51890200  28265197.80  
 13053  1174.78900171  28265159.20  
 13062  1175.59902086  28264966.20  
 13065  1175.86890800  28264907.10  
 13068  1176.13902414  28264863.80  
 13072  1176.49899586  28264781.00  
 13080  1177.21891486  28264623.80  
 13083  1177.48893686  28264540.20  
 13086  1177.75891414  28264505.00  
 13098  1178.83892200  28264273.70  
 13102  1179.19932071  28264181.10  
 13110  1179.91994557  28264064.00  
 13113  1180.18891514  28263984.00  
 13128  1181.53903371  28263703.60  
 13134  1182.07893286  28263582.30  
 13146  1183.15893629  28263353.60  
 13150  1183.51896571  28263262.40  
 13161  1184.50893900  28263066.90  
 13176  1185.85943200  28262792.60  
 13179  1186.12906057  28262723.90  
 13182  1186.39894886  28262672.40  
 13194  1187.47895357  28262453.30  
 13198  1187.83897900  28262391.60  
 13209  1188.82895986  28262171.70  
 13230  1190.71897457  28261778.90  
 13242  1191.79898400  28261560.50  
 13246  1192.15901271  28261507.30  
 13254  1192.87900814  28261345.50  
 13257  1193.14898200  28261288.00  
 13272  1194.49926414  28261010.10  
 13278  1195.03900443  28260897.00  
 13290  1196.11900743  28260688.00  
 13294  1196.47902457  28260632.30  
 13302  1197.19915229  28260458.20  
 13305  1197.46900957  28260416.10  
 13320  1198.81902600  28260149.30  
 13326  1199.35903586  28260043.10  
 13338  1200.43903157  28259828.40  
 13342  1200.79914929  28259761.30  
 13350  1201.51905629  28259622.00  
 13353  1201.78903314  28259568.40  
 13359  1202.32914271  28259473.50  
 13360  1202.41910429  28259430.10  
 13368  1203.13905343  28259307.10  
 13374  1203.67821529  28259238.90  
 13386  1204.75907643  28258995.50  
 13398  1205.83909214  28258789.10  
 13401  1206.10907971  28258735.70  
 13407  1206.64922886  28258630.40  
 13416  1207.45908300  28258476.30  
 13422  1207.99911986  28258384.40  
 13434  1209.07911057  28258180.50  
 13446  1210.15891200  28257961.60  
 13449  1210.42911443  28257920.10  
 13464  1211.77912057  28257670.90  
 13470  1212.31922086  28257561.10  
 13482  1213.39922671  28257374.30  
 13494  1214.47914557  28257169.90  
 13497  1214.74914486  28257130.90  
 13503  1215.28917529  28257060.20  
 13504  1215.37918086  28257014.60  
 13512  1216.09914914  28256889.20  
 13518  1216.63917543  28256803.60  
 13542  1218.79921900  28256421.50  
 13545  1219.06918200  28256363.50  
 13551  1219.60929029  28256242.60  
 13560  1220.41919486  28256119.40  
 13566  1220.95921529  28256033.50  
 13593  1223.38922757  28255604.50  
 13608  1224.73923043  28255375.30  
 13614  1225.27932186  28255272.10  
 13641  1227.70926500  28254883.40  
 13656  1229.05927771  28254657.30  
 13662  1229.59929957  28254568.30  
 13686  1231.75939157  28254235.90  
 13689  1232.02931043  28254163.60  
 13704  1233.37931614  28253956.60  
 13710  1233.91969614  28253884.40  
 13734  1236.07958786  28253520.80  
 13737  1236.34936900  28253494.60  
 13752  1237.69937071  28253277.50  
 13758  1238.23941200  28253193.60  
 13779  1240.12955543  28252914.20  
 13782  1240.39940100  28252860.70  
 13785  1240.66939629  28252831.30  
 13800  1242.01940329  28252626.00  
 13806  1242.55960343  28252535.50  
 13827  1244.44944443  28252260.20  
 13830  1244.71944543  28252225.30  
 13833  1244.98946829  28252179.00  
 13878  1249.03966900  28251616.70  
 13881  1249.30981086  28251570.50  
 13896  1250.65978971  28251376.50  
 13923  1253.08964571  28251017.60  
 13926  1253.35954929  28250999.20  
 13929  1253.62963086  28250960.40  
 13971  1257.40960343  28250451.40  
 13974  1257.67959686  28250417.70  
 13977  1257.94963129  28250385.50  
 14019  1261.72967486  28249898.80  
 14022  1261.99903171  28249895.50  
 14067  1266.04991043  28249342.30  
 14070  1266.31973243  28249316.40  
 14100  1269.01986471  28249000.70  
 14115  1270.36979614  28248845.30  
 14118  1270.63977257  28248795.30  
 14148  1273.33982900  28248477.30  
 14211  1279.00991700  28247833.80  
 14214  1279.28003286  28247800.30  
 14262  1283.60029629  28247349.80  
 14355  1291.97021129  28246508.60  
 14388  1294.94012514  28246220.10  
 14406  1296.56015571  28246052.20  
 14436  1299.26021614  28245825.00  
 14484  1303.58025357  28245420.10  
 14502  1305.20059186  28245282.90  
 14580  1312.22041186  28244702.90  
 14628  1316.54047329  28244348.80  
 14676  1320.86052143  28244022.70  
 14724  1325.18098586  28243739.10  
 14820  1333.82077757  28243103.00  
 14868  1338.14103943  28242826.70  
 14916  1342.46093843  28242561.10  
 15012  1351.10107329  28242047.90  
 15015  1351.37110571  28242056.00  
 15060  1355.42145771  28241828.20  
 15063  1355.69120457  28241809.90  
 15159  1364.33130286  28241352.50  
 15255  1372.97146929  28240930.00  
 15303  1377.29159500  28240733.00  
 15399  1385.93171557  28240362.20  
 15447  1390.25187429  28240185.40  
 15495  1394.57202343  28240053.40  
 15587  1402.85373214  28302054.30  
 15591  1403.21204057  28239730.70  
 15637  1407.35180114  28277258.20  
 15638  1407.44316371  28301925.60  
 15639  1407.53218786  28239576.30  
 15685  1411.67176114  28276697.40  
 15733  1415.99174586  28276140.80  
 15781  1420.31173814  28275598.90  
 15783  1420.49245857  28239179.00  
 15829  1424.63013300  28274960.30  
 15877  1428.95170686  28274487.20  
 15925  1433.27169571  28273918.90  
 15971  1437.41272957  28300928.40  
 15973  1437.59169157  28273364.90  
 15975  1437.77276100  28238667.80  
 16021  1441.91169314  28272796.70  
 16022  1442.00252257  28300770.90  
 16066  1445.96170986  28272276.40  
 16069  1446.23168500  28272231.10  
 16070  1446.32243071  28300587.40  
 16114  1450.28171000  28271688.70  
 16117  1450.55170014  28271671.00  
 16162  1454.60168914  28271128.40  
 16165  1454.87167600  28271093.00  
 16210  1458.92169229  28270545.20  
 16213  1459.19169400  28270535.80  
 16214  1459.28216657  28300039.20  
 16215  1459.37312457  28238161.70  
 16258  1463.24176257  28270029.40  
 16261  1463.51169929  28269966.60  
 16263  1463.69322486  28238101.10  
 16306  1467.56169229  28269425.00  
 16309  1467.83169886  28269403.00  
 16354  1471.88170043  28268871.90  
 16402  1476.20169700  28268311.20  
 16406  1476.56182286  28299211.40  
 16450  1480.52171971  28267730.70  
 16498  1484.84170900  28267185.00  
 16502  1485.20163814  28298744.90  
 16546  1489.16171643  28266617.50  
 16550  1489.52194871  28298482.40  
 16594  1493.48173157  28266061.10  
 16598  1493.84149743  28298229.80  
 16613  1495.19206771  28265822.00  
 16642  1497.80173986  28265518.70  
 16646  1498.16141200  28297976.80  
 16661  1499.51177357  28265303.90  
 16690  1502.12175571  28264964.50  
 16694  1502.48134043  28297709.60  
 16709  1503.83178686  28264750.70  
 16738  1506.44177757  28264422.80  
 16742  1506.80126200  28297424.30  
 16757  1508.15179900  28264212.50  
 16784  1510.58125443  28297156.70  
 16786  1510.76180186  28263868.20  
 16790  1511.12122043  28297128.40  
 16805  1512.47180486  28263667.70  
 16832  1514.90114200  28296866.60  
 16834  1515.08181729  28263342.40  
 16838  1515.44113514  28296824.30  
 16853  1516.79184343  28263130.90  
 16880  1519.22107814  28296545.10  
 16882  1519.40192957  28262817.60  
 16886  1519.76106029  28296508.80  
 16897  1520.75121000  28296430.40  
 16901  1521.11184071  28262601.90  
 16908  1521.74130814  28296367.80  
 16928  1523.54099743  28296222.00  
 16930  1523.72187229  28262277.50  
 16934  1524.08098943  28296186.90  
 16945  1525.07103286  28296089.50  
 16949  1525.43186957  28262071.20  
 16956  1526.06097643  28296015.20  
 16976  1527.86092443  28295892.40  
 16978  1528.04188971  28261769.90  
 16982  1528.40092414  28295849.90  
 16993  1529.39091600  28295778.90  
 16997  1529.75189057  28261557.70  
 17004  1530.38090457  28295682.00  
 17024  1532.18086086  28295540.90  
 17026  1532.36193100  28261253.70  
 17030  1532.72085443  28295501.20  
 17041  1533.71085371  28295412.00  
 17047  1534.25085629  28295373.40  
 17052  1534.70096486  28295335.00  
 17072  1536.50079143  28295182.10  
 17078  1537.04079343  28295136.40  
 17089  1538.03079929  28295044.50  
 17100  1539.02089886  28294961.30  
 17120  1540.82072886  28294807.30  
 17126  1541.36074400  28294758.10  
 17137  1542.35082429  28294674.50  
 17168  1545.14066814  28294426.80  
 17174  1545.68075714  28294375.40  
 17185  1546.67067014  28294292.00  
 17196  1547.66067586  28294180.50  
 17216  1549.46060543  28294026.30  
 17222  1550.00088857  28294000.80  
 17233  1550.99061200  28293878.80  
 17264  1553.78055057  28293623.60  
 17270  1554.32070214  28293550.90  
 17281  1555.31055671  28293464.60  
 17296  1556.66062314  28293341.30  
 17312  1558.10048200  28293187.70  
 17329  1559.63048614  28293033.60  
 17335  1560.17022657  28292973.60  
 17340  1560.62061686  28292918.60  
 17344  1560.98046657  28292887.90  
 17360  1562.42042829  28292748.30  
 17377  1563.95054971  28292594.00  
 17383  1564.49052486  28292537.10  
 17388  1564.94040886  28292497.30  
 17392  1565.30039843  28292444.90  
 17408  1566.74036671  28292285.70  
 17425  1568.27050800  28292136.50  
 17431  1568.81060586  28292072.10  
 17440  1569.62033857  28291981.30  
 17456  1571.06032357  28291812.70  
 17484  1573.58037929  28291546.00  
 17485  1573.67042986  28291521.80  
 17488  1573.94028843  28291498.80  
 17494  1574.48232529  28256535.50  
 17504  1575.38026457  28291336.10  
 17536  1578.26023586  28291004.50  
 17542  1578.80226557  28256095.30  
 17552  1579.70020900  28290837.30  
 17584  1582.58016686  28290494.30  
 17600  1584.02016557  28290316.70  
 17632  1586.90012214  28289968.00  
 17638  1587.44236486  28255250.40  
 17646  1588.16015329  28289790.90  
 17648  1588.34011786  28289782.10  
 17680  1591.22007429  28289420.60  
 17694  1592.48028986  28289264.90  
 17696  1592.66007686  28289259.10  
 17713  1594.19016100  28289031.50  
 17728  1595.54001929  28288858.50  
 17742  1596.80001529  28288696.20  
 17744  1596.98002557  28288668.00  
 17761  1598.51005714  28288443.80  
 17776  1599.85997329  28288281.00  
 17790  1601.12011800  28288114.60  
 17820  1603.81996543  28287737.80  
 17824  1604.17993129  28287693.90  
 17830  1604.72252471  28253587.90  
 17838  1605.43994500  28287508.10  
 17857  1607.14994471  28287269.40  
 17872  1608.49988157  28287077.80  
 17883  1609.48999886  28286930.60  
 17886  1609.75990271  28286890.90  
 17905  1611.47003357  28286656.70  
 17916  1612.45999614  28286503.70  
 17920  1612.81983914  28286460.70  
 17926  1613.36262543  28252814.70  
 17931  1613.80986429  28286319.80  
 17934  1614.07984643  28286265.60  
 17953  1615.78993643  28286024.80  
 17964  1616.77990900  28285892.30  
 17968  1617.13979257  28285816.40  
 17979  1618.12979200  28285659.90  
 17982  1618.39981614  28285609.30  
 18009  1620.83041586  28285230.90  
 18012  1621.09978600  28285209.40  
 18016  1621.45976129  28285156.10  
 18027  1622.44975086  28285001.80  
 18030  1622.71976857  28284950.00  
 18046  1624.15996986  28284718.20  
 18060  1625.41974143  28284535.50  
 18064  1625.77959886  28284479.10  
 18075  1626.76971829  28284320.30  
 18078  1627.03973829  28284281.90  
 18094  1628.48002571  28284056.50  
 18108  1629.73973300  28283847.80  
 18112  1630.09968871  28283788.30  
 18123  1631.08968657  28283622.20  
 18126  1631.35971200  28283580.00  
 18156  1634.05967214  28283138.00  
 18160  1634.41967043  28283072.40  
 18171  1635.40964929  28282915.50  
 18174  1635.67965857  28282867.80  
 18204  1638.37964843  28282436.40  
 18208  1638.73934929  28282349.20  
 18219  1639.72961400  28282188.60  
 18222  1639.99962886  28282138.70  
 18252  1642.69961700  28281684.90  
 18267  1644.04958257  28281451.00  
 18270  1644.31959114  28281410.50  
 18286  1645.76015229  28281142.90  
 18300  1647.01959714  28280944.60  
 18315  1648.36955800  28280694.20  
 18318  1648.63957671  28280649.40  
 18333  1649.98983071  28280412.10  
 18348  1651.33954986  28280172.10  
 18363  1652.68953914  28279938.90  
 18366  1652.95954571  28279882.60  
 18381  1654.30953486  28279646.40  
 18382  1654.39970771  28279627.00  
 18396  1655.65954529  28279403.40  
 18411  1657.00951129  28279153.80  
 18414  1657.27951114  28279110.40  
 18429  1658.62951486  28278848.80  
 18444  1659.97951357  28278622.10  
 18448  1660.33950629  28278553.20  
 18453  1660.78961257  28278474.80  
 18456  1661.05959771  28278420.30  
 18459  1661.32949671  28278366.20  
 18462  1661.59949271  28278310.70  
 18477  1662.94948986  28278068.20  
 18492  1664.29950386  28277817.90  
 18496  1664.65948557  28277758.40  
 18507  1665.64948929  28277574.40  
 18510  1665.91947386  28277512.70  
 18525  1667.26946986  28277257.80  
 18540  1668.61952386  28277011.80  
 18544  1668.97967257  28276934.60  
 18555  1669.96946443  28276752.70  
 18558  1670.23946043  28276703.30  
 18573  1671.58944700  28276446.90  
 18574  1671.67947414  28276450.00  
 18588  1672.93945986  28276198.50  
 18592  1673.29958957  28276131.70  
 18603  1674.28945500  28275933.30  
 18606  1674.55944743  28275876.60  
 18621  1675.90943443  28275628.90  
 18636  1677.25953086  28275376.10  
 18654  1678.87943271  28275061.70  
 18669  1680.22942143  28274796.60  
 18670  1680.31981886  28274776.80  
 18702  1683.19943129  28274220.10  
 18717  1684.54941143  28273964.30  
 18741  1686.70958157  28273532.80  
 18744  1686.97944329  28273489.80  
 18747  1687.24967143  28273458.40  
 18750  1687.51941786  28273385.10  
 18762  1688.59954214  28273181.70  
 18765  1688.86940100  28273122.60  
 18777  1689.94978729  28272907.00  
 18780  1690.21949514  28272855.90  
 18789  1691.02947671  28272712.00  
 18795  1691.56979429  28272580.90  
 18798  1691.83941343  28272549.90  
 18810  1692.91945943  28272343.60  
 18813  1693.18939843  28272281.60  
 18837  1695.34942029  28271861.90  
 18843  1695.88966000  28271781.90  
 18846  1696.15940200  28271700.80  
 18858  1697.23942300  28271483.90  
 18861  1697.50939743  28271438.00  
 18876  1698.85946314  28271189.00  
 18885  1699.66940600  28271011.20  
 18891  1700.20942400  28270908.30  
 18894  1700.47941129  28270855.30  
 18906  1701.55942743  28270641.80  
 18909  1701.82940886  28270593.50  
 18924  1703.18028529  28270315.70  
 18933  1703.98940643  28270165.60  
 18939  1704.52948171  28270057.30  
 18942  1704.79939643  28270008.60  
 18954  1705.87942657  28269796.60  
 18957  1706.14941900  28269750.30  
 18981  1708.30940543  28269324.60  
 18987  1708.84949471  28269238.00  
 18990  1709.11940486  28269161.90  
 19005  1710.46983386  28268874.40  
 19020  1711.81975471  28268635.80  
 19029  1712.62934500  28268471.30  
 19038  1713.43941071  28268322.90  
 19077  1716.94941800  28267643.00  
 19086  1717.75942729  28267484.40  
 19098  1718.83970871  28267277.40  
 19125  1721.26942386  28266799.80  
 19128  1721.53965029  28266738.90  
 19134  1722.07942914  28266646.00  
 19146  1723.15943843  28266441.80  
 19149  1723.42944557  28266383.30  
 19173  1725.58943214  28265980.70  
 19176  1725.85944500  28265936.00  
 19182  1726.39944071  28265820.90  
 19194  1727.47944657  28265612.40  
 19197  1727.74944757  28265572.40  
 19198  1727.83947843  28265552.00  
 19209  1728.82958557  28265382.20  
 19221  1729.90946086  28265156.30  
 19224  1730.17946957  28265102.20  
 19227  1730.44948471  28265073.80  
 19230  1730.71945629  28265003.00  
 19242  1731.79945529  28264801.40  
 19245  1732.06950957  28264737.40  
 19246  1732.15964414  28264726.20  
 19257  1733.14949043  28264555.80  
 19269  1734.22946800  28264349.60  
 19272  1734.49948529  28264300.40  
 19275  1734.76991371  28264259.20  
 19278  1735.03947514  28264196.10  
 19290  1736.11946871  28263987.40  
 19293  1736.38949429  28263942.50  
 19294  1736.47951857  28263907.30  
 19305  1737.46950600  28263747.10  
 19317  1738.54950814  28263543.00  
 19320  1738.81952271  28263489.50  
 19326  1739.35949986  28263400.40  
 19338  1740.43949657  28263191.20  
 19341  1740.70952800  28263139.50  
 19342  1740.79961771  28263124.60  
 19353  1741.78951557  28262952.20  
 19374  1743.67952557  28262594.70  
 19386  1744.75951286  28262406.30  
 19390  1745.11955343  28262342.40  
 19401  1746.10954471  28262160.40  
 19422  1747.99953643  28261808.80  
 19434  1749.07954229  28261627.80  
 19449  1750.42955500  28261392.70  
 19470  1752.31956414  28261056.50  
 19482  1753.39955929  28260865.80  
 19497  1754.74960157  28260624.10  
 19512  1756.09960857  28260393.50  
 19518  1756.63960429  28260287.00  
 19530  1757.71958829  28260113.90  
 19542  1758.79968029  28259918.60  
 19545  1759.06960743  28259886.80  
 19557  1760.14965100  28259711.40  
 19560  1760.41962771  28259651.60  
 19566  1760.95962914  28259565.50  
 19578  1762.03961700  28259377.60  
 19590  1763.11965700  28259194.40  
 19593  1763.38964700  28259145.10  
 19605  1764.46987114  28258978.90  
 19608  1764.73964100  28258928.50  
 19614  1765.27975471  28258837.80  
 19626  1766.35965329  28258656.10  
 19638  1767.44020000  28258466.50  
 19641  1767.70969043  28258437.10  
 19656  1769.05967429  28258208.10  
 19662  1769.59968971  28258137.00  
 19674  1770.67968786  28257957.00  
 19686  1771.75970771  28257781.40  
 19689  1772.02972114  28257738.70  
 19701  1773.10985329  28257539.40  
 19704  1773.37970343  28257522.20  
 19710  1773.91978343  28257426.10  
 19722  1774.99972829  28257253.90  
 19737  1776.34983229  28257043.50  
 19752  1777.69974229  28256834.10  
 19758  1778.23978386  28256761.30  
 19770  1779.31989057  28256576.40  
 19785  1780.66980886  28256376.90  
 19800  1782.01977900  28256175.50  
 19806  1782.55982086  28256092.00  
 19833  1784.99020786  28255726.40  
 19848  1786.33982300  28255528.70  
 19854  1786.87984400  28255439.30  
 19881  1789.31022757  28255079.10  
 19896  1790.65986014  28254890.30  
 19902  1791.19988557  28254828.00  
 19929  1793.62990800  28254466.70  
 19944  1794.97990214  28254274.30  
 19950  1795.51993057  28254198.80  
 19971  1797.40996329  28253908.90  
 19974  1797.67996071  28253907.50  
 19977  1797.95000000  28253861.60  
 19992  1799.29995171  28253676.40  
 19998  1799.83997914  28253607.50  
