       7 0.648809290000000 2020 10  5 06:35:40.464806556702 28292551.1 21718.1 7.682158e-004
      35 3.179081000000000 2020 10  5 06:35:42.995068430901 28292235.2 21402.2 7.570417e-004
      53 4.832668000000001 2020 10  5 06:35:44.648650288582 28292019.2 21186.2 7.494013e-004
      81 7.342458290000000 2020 10  5 06:35:47.158473730087 28291686.4 20853.4 7.376295e-004
     100 9.003870709999999 2020 10  5 06:35:48.819860816002 28291479.0 20646.0 7.302933e-004
     128 11.587107999999999 2020 10  5 06:35:51.403109729290 28291133.5 20300.5 7.180722e-004
     140 12.653017000000000 2020 10  5 06:35:52.469006180763 28290999.6 20166.6 7.133359e-004
     147 13.274627570000000 2020 10  5 06:35:53.090608119965 28290923.9 20090.9 7.106582e-004
     168 15.144007999999998 2020 10  5 06:35:54.960000514984 28290641.6 19808.6 7.006727e-004
     176 15.856236430000003 2020 10  5 06:35:55.672247707844 28290549.0 19716.0 6.973972e-004
     194 17.541278710000004 2020 10  5 06:35:57.357291877270 28290312.2 19479.2 6.890211e-004
     215 19.407612859999997 2020 10  5 06:35:59.223626554012 28290056.7 19223.7 6.799835e-004
     223 20.117987140000007 2020 10  5 06:35:59.933982789516 28289964.1 19131.1 6.767080e-004
     242 21.810451860000004 2020 10  5 06:36:01.626470088959 28289729.6 18896.6 6.684133e-004
     263 23.680432429999996 2020 10  5 06:36:03.496425747871 28289529.5 18696.5 6.613353e-004
     310 27.944754569999997 2020 10  5 06:36:07.760735750198 28288810.5 17977.5 6.359027e-004
     318 28.652091430000002 2020 10  5 06:36:08.468074500561 28288712.7 17879.7 6.324433e-004
     358 32.221994140000007 2020 10  5 06:36:12.038000822067 28288170.0 17337.0 6.132469e-004
     405 36.498991140000008 2020 10  5 06:36:16.314984261990 28287493.3 16660.3 5.893105e-004
     413 37.210650290000004 2020 10  5 06:36:17.026668190956 28287384.9 16551.9 5.854762e-004
     460 41.477905569999997 2020 10  5 06:36:21.293915212154 28286687.8 15854.8 5.608183e-004
     500 45.034864859999992 2020 10  5 06:36:24.850846230984 28286095.5 15262.5 5.398674e-004
     508 45.742932570000008 2020 10  5 06:36:25.558949410915 28285981.9 15148.9 5.358491e-004
     547 49.302622710000001 2020 10  5 06:36:29.118616282940 28285360.3 14527.3 5.138618e-004
     555 50.011126140000002 2020 10  5 06:36:29.827121794224 28285236.4 14403.4 5.094792e-004
     567 51.079330860000006 2020 10  5 06:36:30.895311534405 28285055.6 14222.6 5.030839e-004
     595 53.573851859999998 2020 10  5 06:36:33.389846384525 28284607.4 13774.4 4.872301e-004
     603 54.284723000000000 2020 10  5 06:36:34.100725650787 28284491.6 13658.6 4.831340e-004
     642 57.837552710000004 2020 10  5 06:36:37.653552889824 28283832.7 12999.7 4.598273e-004
     650 58.550137569999997 2020 10  5 06:36:38.366121947765 28283711.3 12878.3 4.555331e-004
     690 62.108881709999999 2020 10  5 06:36:41.924863457680 28283059.4 12226.4 4.324740e-004
     737 66.372092289999983 2020 10  5 06:36:46.188087165356 28282248.9 11415.9 4.038049e-004
     745 67.087048139999993 2020 10  5 06:36:46.903029978275 28282109.7 11276.7 3.988811e-004
     792 71.358244429999999 2020 10  5 06:36:51.174260079861 28281273.1 10440.1 3.692887e-004
     832 74.917619860000030 2020 10  5 06:36:54.733605086803 28280577.2 9744.2 3.446733e-004
     840 75.625134709999983 2020 10  5 06:36:55.441145002842 28280435.3 9602.3 3.396539e-004
     844 75.979815290000005 2020 10  5 06:36:55.795800089836 28280365.5 9532.5 3.371850e-004
     879 79.182173569999989 2020 10  5 06:36:58.998156487942 28279722.5 8889.5 3.144407e-004
     887 79.894211000000013 2020 10  5 06:36:59.710202515125 28279467.5 8634.5 3.054208e-004
     891 80.253280290000006 2020 10  5 06:37:00.069283246994 28279515.3 8682.3 3.071116e-004
     927 83.462068000000002 2020 10  5 06:37:03.278076946735 28278847.0 8014.0 2.834724e-004
     935 84.178483859999986 2020 10  5 06:37:03.994468152523 28278710.7 7877.7 2.786511e-004
     939 84.532097569999991 2020 10  5 06:37:04.348117411137 28278624.2 7791.2 2.755915e-004
     962 86.584376709999987 2020 10  5 06:37:06.400369405746 28278232.3 7399.3 2.617291e-004
     974 87.733557860000005 2020 10  5 06:37:07.549548447132 28277964.7 7131.7 2.522635e-004
     977 87.999594000000016 2020 10  5 06:37:07.815610170364 28277920.7 7087.7 2.507072e-004
     980 88.269927430000010 2020 10  5 06:37:08.085936605930 28277851.4 7018.4 2.482559e-004
     982 88.448741139999996 2020 10  5 06:37:08.264732658863 28277820.2 6987.2 2.471523e-004
     986 88.805768859999986 2020 10  5 06:37:08.621761500835 28277740.9 6907.9 2.443472e-004
    1009 90.852297709999988 2020 10  5 06:37:10.668300390244 28277308.8 6475.8 2.290629e-004
    1022 92.006804140000000 2020 10  5 06:37:11.822790205479 28277066.0 6233.0 2.204746e-004
    1025 92.275063140000000 2020 10  5 06:37:12.091064751148 28277012.9 6179.9 2.185963e-004
    1028 92.540986290000006 2020 10  5 06:37:12.357005774975 28276923.7 6090.7 2.154411e-004
    1030 92.720467139999997 2020 10  5 06:37:12.536485791206 28276915.6 6082.6 2.151546e-004
    1034 93.076707429999985 2020 10  5 06:37:12.892709970474 28276839.7 6006.7 2.124699e-004
    1056 95.122189289999994 2020 10  5 06:37:14.938202798367 28276402.8 5569.8 1.970158e-004
    1069 96.277644430000009 2020 10  5 06:37:16.093658208847 28276061.8 5228.8 1.849539e-004
    1072 96.547167430000016 2020 10  5 06:37:16.363179981709 28276093.0 5260.0 1.860575e-004
    1075 96.810892569999993 2020 10  5 06:37:16.626908183098 28276067.5 5234.5 1.851555e-004
    1077 96.988829000000010 2020 10  5 06:37:16.804819107056 28276005.4 5172.4 1.829589e-004
    1081 97.344096290000010 2020 10  5 06:37:17.160077691078 28275940.8 5107.8 1.806738e-004
    1101 99.124786139999983 2020 10  5 06:37:18.940796256065 28275533.4 4700.4 1.662632e-004
    1104 99.392960709999997 2020 10  5 06:37:19.208950102329 28275484.4 4651.4 1.645300e-004
    1117 100.551567860000010 2020 10  5 06:37:20.367583930492 28275241.7 4408.7 1.559452e-004
    1123 101.083555860000000 2020 10  5 06:37:20.899546444416 28275116.7 4283.7 1.515237e-004
    1129 101.618619710000000 2020 10  5 06:37:21.434606909752 28275014.1 4181.1 1.478945e-004
    1151 103.664178139999990 2020 10  5 06:37:23.480180203915 28274565.0 3732.0 1.320088e-004
    1164 104.823800859999990 2020 10  5 06:37:24.639819860458 28274315.0 3482.0 1.231658e-004
    1170 105.356321569999990 2020 10  5 06:37:25.172305405140 28274176.9 3343.9 1.182809e-004
    1176 105.890801139999990 2020 10  5 06:37:25.706802606583 28274060.2 3227.2 1.141530e-004
    1199 107.934587710000000 2020 10  5 06:37:27.750605642796 28273633.2 2800.2 9.904908e-005
    1212 109.089907430000000 2020 10  5 06:37:28.905900120735 28273431.1 2598.1 9.190037e-005
    1218 109.622175709999980 2020 10  5 06:37:29.438184499741 28273266.1 2433.1 8.606397e-005
    1246 112.205658709999990 2020 10  5 06:37:32.021674811840 28272695.7 1862.7 6.588769e-005
    1259 113.367917710000000 2020 10  5 06:37:33.183929622173 28272440.0 1607.0 5.684304e-005
    1262 113.634085290000000 2020 10  5 06:37:33.450071811676 28272368.7 1535.7 5.432100e-005
    1265 113.903991290000010 2020 10  5 06:37:33.719995915890 28272344.2 1511.2 5.345439e-005
    1267 114.080519710000000 2020 10  5 06:37:33.896538913250 28272288.9 1455.9 5.149831e-005
    1279 115.147686430000010 2020 10  5 06:37:34.963682591915 28272045.4 1212.4 4.288519e-005
    1291 116.217155430000020 2020 10  5 06:37:36.033159792423 28271817.4  984.4 3.482034e-005
    1294 116.484034570000010 2020 10  5 06:37:36.300026178360 28271757.6  924.6 3.270509e-005
    1307 117.640234290000010 2020 10  5 06:37:37.456246018410 28271503.1  670.1 2.370287e-005
    1310 117.910290000000020 2020 10  5 06:37:37.726290822029 28271458.2  625.2 2.211466e-005
    1313 118.178998139999980 2020 10  5 06:37:37.995007932186 28271439.4  606.4 2.144967e-005
    1315 118.356092859999990 2020 10  5 06:37:38.172073960304 28271366.0  533.0 1.885335e-005
    1338 120.494033000000020 2020 10  5 06:37:40.310022532940 28270868.8   35.8 1.266323e-006
    1341 120.764024430000020 2020 10  5 06:37:40.580027103424 28270819.4  -13.6 -4.810612e-007
    1354 121.921239290000020 2020 10  5 06:37:41.737252771854 28270558.8 -274.2 -9.699042e-006
    1357 122.188767139999980 2020 10  5 06:37:42.004762887955 28270500.7 -332.3 -1.175416e-005
    1360 122.455456290000000 2020 10  5 06:37:42.271468341351 28270475.9 -357.1 -1.263139e-005
    1362 122.633765290000000 2020 10  5 06:37:42.449781596661 28270391.0 -442.0 -1.563449e-005
    1374 123.707264290000030 2020 10  5 06:37:43.523282110691 28270176.0 -657.0 -2.323950e-005
    1386 124.773504710000000 2020 10  5 06:37:44.589500427246 28269938.0 -895.0 -3.165807e-005
    1389 125.036571000000000 2020 10  5 06:37:44.852584898472 28269678.2 -1154.8 -4.084775e-005
    1402 126.195163290000010 2020 10  5 06:37:46.011178493500 28269665.6 -1167.4 -4.129344e-005
    1405 126.463146570000010 2020 10  5 06:37:46.279131174088 28269564.2 -1268.8 -4.488018e-005
    1408 126.730013290000020 2020 10  5 06:37:46.545997560024 28269501.4 -1331.6 -4.710155e-005
    1410 126.904861860000010 2020 10  5 06:37:46.720850765705 28269464.8 -1368.2 -4.839617e-005
    1421 127.972956290000000 2020 10  5 06:37:47.788960039616 28269222.9 -1610.1 -5.695269e-005
    1433 129.041371709999990 2020 10  5 06:37:48.857391178608 28268994.2 -1838.8 -6.504230e-005
    1436 129.305612430000000 2020 10  5 06:37:49.121602177620 28268923.9 -1909.1 -6.752896e-005
    1449 130.465817140000010 2020 10  5 06:37:50.281805098057 28268681.6 -2151.4 -7.609963e-005
    1452 130.734156569999980 2020 10  5 06:37:50.550160109997 28268633.4 -2199.6 -7.780457e-005
    1455 131.002693289999970 2020 10  5 06:37:50.818676054478 28268572.9 -2260.1 -7.994458e-005
    1457 131.180213430000010 2020 10  5 06:37:50.996224880219 28268537.9 -2295.1 -8.118261e-005
    1481 133.324556289999980 2020 10  5 06:37:53.140570521355 28268053.3 -2779.7 -9.832395e-005
    1484 133.590903569999990 2020 10  5 06:37:53.406913876534 28267991.2 -2841.8 -1.005206e-004
    1497 134.744850999999950 2020 10  5 06:37:54.560840427876 28267748.8 -3084.2 -1.090948e-004
    1500 135.007870709999990 2020 10  5 06:37:54.823884665966 28267665.6 -3167.4 -1.120377e-004
    1503 135.277513999999970 2020 10  5 06:37:55.093527138233 28267619.2 -3213.8 -1.136790e-004
    1505 135.457515000000000 2020 10  5 06:37:55.273530185223 28267600.3 -3232.7 -1.143475e-004
    1528 137.597992000000000 2020 10  5 06:37:57.413973212242 28267124.9 -3708.1 -1.311635e-004
    1544 139.025577430000000 2020 10  5 06:37:58.841565549374 28266815.5 -4017.5 -1.421076e-004
    1550 139.562838290000000 2020 10  5 06:37:59.378838837147 28266704.1 -4128.9 -1.460480e-004
    1564 140.806552429999980 2020 10  5 06:38:00.622565746307 28266423.5 -4409.5 -1.559735e-004
    1576 141.867692289999980 2020 10  5 06:38:01.683674454689 28266198.4 -4634.6 -1.639357e-004
    1592 143.294477000000000 2020 10  5 06:38:03.110462129116 28265895.4 -4937.6 -1.746535e-004
    1595 143.562971710000000 2020 10  5 06:38:03.378978073597 28265838.7 -4994.3 -1.766591e-004
    1598 143.831784140000000 2020 10  5 06:38:03.647775650024 28265781.9 -5051.1 -1.786682e-004
    1623 146.143090999999970 2020 10  5 06:38:05.959088802338 28265288.9 -5544.1 -1.961067e-004
    1639 147.568567710000000 2020 10  5 06:38:07.384548783302 28264980.6 -5852.4 -2.070119e-004
    1641 147.745112999999980 2020 10  5 06:38:07.561132013798 28264846.0 -5987.0 -2.117730e-004
    1642 147.832580140000000 2020 10  5 06:38:07.648598849773 28264924.1 -5908.9 -2.090105e-004
    1645 148.099089709999990 2020 10  5 06:38:07.915103137493 28264862.7 -5970.3 -2.111823e-004
    1659 149.350271570000020 2020 10  5 06:38:09.166273176670 28264610.3 -6222.7 -2.201102e-004
    1671 150.416018140000010 2020 10  5 06:38:10.232008695602 28264376.8 -6456.2 -2.283696e-004
    1687 151.840684999999980 2020 10  5 06:38:11.656704246998 28264078.6 -6754.4 -2.389176e-004
    1689 152.016964289999950 2020 10  5 06:38:11.832965612411 28263831.6 -7001.4 -2.476545e-004
    1690 152.106884999999980 2020 10  5 06:38:11.922886669636 28263880.0 -6953.0 -2.459425e-004
    1693 152.372001570000010 2020 10  5 06:38:12.187982797623 28263968.0 -6865.0 -2.428298e-004
    1706 153.618655289999940 2020 10  5 06:38:13.434646725655 28263708.4 -7124.6 -2.520124e-004
    1718 154.687702140000000 2020 10  5 06:38:14.503721594810 28263598.0 -7235.0 -2.559175e-004
    1719 154.777860429999980 2020 10  5 06:38:14.593843817711 28263494.6 -7338.4 -2.595749e-004
    1734 156.110910709999980 2020 10  5 06:38:15.926928520203 28263182.0 -7651.0 -2.706323e-004
    1737 156.377843430000010 2020 10  5 06:38:16.193835139275 28263128.2 -7704.8 -2.725353e-004
    1740 156.644778139999970 2020 10  5 06:38:16.460781991482 28263342.8 -7490.2 -2.649444e-004
    1746 157.179729289999950 2020 10  5 06:38:16.995721757412 28262959.9 -7873.1 -2.784884e-004
    1754 157.888010290000010 2020 10  5 06:38:17.704026103020 28262821.2 -8011.8 -2.833946e-004
    1766 158.956861710000000 2020 10  5 06:38:18.772859573364 28262584.0 -8249.0 -2.917848e-004
    1782 160.385430290000020 2020 10  5 06:38:20.201417505741 28262311.9 -8521.1 -3.014096e-004
    1801 162.159704289999950 2020 10  5 06:38:21.975698769093 28261943.0 -8890.0 -3.144584e-004
    1813 163.230131289999970 2020 10  5 06:38:23.046141564846 28261732.6 -9100.4 -3.219007e-004
    1829 164.656463289999980 2020 10  5 06:38:24.472446441650 28261445.5 -9387.5 -3.320560e-004
    1832 164.919603859999970 2020 10  5 06:38:24.735611379147 28261388.1 -9444.9 -3.340864e-004
    1835 165.189312570000000 2020 10  5 06:38:25.005294084549 28261334.6 -9498.4 -3.359788e-004
    1841 165.725686000000000 2020 10  5 06:38:25.541682243347 28261237.0 -9596.0 -3.394311e-004
    1849 166.437666289999980 2020 10  5 06:38:26.253647804260 28261079.1 -9753.9 -3.450164e-004
    1877 168.931982000000000 2020 10  5 06:38:28.747981488705 28260592.3 -10240.7 -3.622355e-004
    1888 169.997366290000000 2020 10  5 06:38:29.813354909420 28260391.4 -10441.6 -3.693418e-004
    1924 173.212480570000000 2020 10  5 06:38:33.028465211391 28259763.3 -11069.7 -3.915590e-004
    1927 173.481745570000020 2020 10  5 06:38:33.297745585442 28259705.6 -11127.4 -3.936000e-004
    1930 173.747377570000000 2020 10  5 06:38:33.563364744186 28259659.6 -11173.4 -3.952271e-004
    1936 174.282205710000000 2020 10  5 06:38:34.098224043846 28259551.8 -11281.2 -3.990402e-004
    1944 174.991737710000020 2020 10  5 06:38:34.807735383511 28259400.0 -11433.0 -4.044097e-004
    1972 177.485774429999990 2020 10  5 06:38:37.301787436008 28258940.6 -11892.4 -4.206597e-004
    1975 177.753150569999970 2020 10  5 06:38:37.569136619568 28258894.2 -11938.8 -4.223010e-004
    1991 179.270855569999950 2020 10  5 06:38:39.086851179600 28258611.8 -12221.2 -4.322901e-004
    2009 180.872433570000030 2020 10  5 06:38:40.688451826572 28258319.5 -12513.5 -4.426293e-004
    2019 181.765875709999960 2020 10  5 06:38:41.581868827343 28258146.6 -12686.4 -4.487452e-004
    2022 182.033247570000010 2020 10  5 06:38:41.849258244038 28258101.4 -12731.6 -4.503440e-004
    2025 182.297996710000010 2020 10  5 06:38:42.113992273808 28258042.7 -12790.3 -4.524203e-004
    2031 182.832533570000010 2020 10  5 06:38:42.648529708385 28257954.0 -12879.0 -4.555579e-004
    2039 183.541062139999980 2020 10  5 06:38:43.357075452805 28257822.7 -13010.3 -4.602022e-004
    2057 185.145967709999980 2020 10  5 06:38:44.961975216866 28257529.6 -13303.4 -4.705698e-004
    2067 186.036335289999980 2020 10  5 06:38:45.852334499359 28257305.5 -13527.5 -4.784967e-004
    2070 186.302170860000020 2020 10  5 06:38:46.118154823780 28257321.1 -13511.9 -4.779449e-004
    2086 187.816480000000010 2020 10  5 06:38:47.632489800453 28257046.0 -13787.0 -4.876758e-004
    2104 189.424273570000000 2020 10  5 06:38:49.240286350250 28256771.0 -14062.0 -4.974031e-004
    2114 190.312336290000020 2020 10  5 06:38:50.128352344036 28256601.5 -14231.5 -5.033987e-004
    2117 190.576285429999980 2020 10  5 06:38:50.392281711102 28256561.2 -14271.8 -5.048242e-004
    2134 192.090515569999980 2020 10  5 06:38:51.906495988369 28256295.6 -14537.4 -5.142190e-004
    2140 192.625294139999990 2020 10  5 06:38:52.441274821758 28256211.7 -14621.3 -5.171867e-004
    2173 195.645711859999980 2020 10  5 06:38:55.461696982384 28255686.1 -15146.9 -5.357783e-004
    2181 196.355864709999990 2020 10  5 06:38:56.171852052212 28255564.6 -15268.4 -5.400761e-004
    2187 196.887007140000040 2020 10  5 06:38:56.703009903431 28255483.7 -15349.3 -5.429377e-004
    2209 198.847495860000010 2020 10  5 06:38:58.663490116596 28255139.8 -15693.2 -5.551021e-004
    2212 199.111600429999980 2020 10  5 06:38:58.927580416203 28255377.4 -15455.6 -5.466977e-004
    2215 199.376407000000030 2020 10  5 06:38:59.192394912243 28255062.0 -15771.0 -5.578541e-004
    2229 200.624206000000020 2020 10  5 06:39:00.440225601196 28254849.9 -15983.1 -5.653565e-004
    2235 201.160214289999970 2020 10  5 06:39:00.976211428642 28254769.6 -16063.4 -5.681969e-004
    2256 203.122131140000020 2020 10  5 06:39:02.938140034676 28254439.7 -16393.3 -5.798662e-004
    2262 203.651618289999990 2020 10  5 06:39:03.467608094215 28254355.4 -16477.6 -5.828481e-004
    2276 204.898391140000030 2020 10  5 06:39:04.714392721653 28254161.5 -16671.5 -5.897067e-004
    2282 205.428823290000000 2020 10  5 06:39:05.244826376438 28254089.2 -16743.8 -5.922641e-004
    2304 207.388461000000040 2020 10  5 06:39:07.204461693764 28253759.7 -17073.3 -6.039192e-004
    2310 207.916245710000000 2020 10  5 06:39:07.732239961624 28253671.0 -17162.0 -6.070567e-004
    2324 209.167179289999980 2020 10  5 06:39:08.983168601990 28253489.7 -17343.3 -6.134697e-004
    2330 209.704836860000000 2020 10  5 06:39:09.520844221115 28253398.8 -17434.2 -6.166850e-004
    2341 210.772412710000000 2020 10  5 06:39:10.588430464268 28253234.5 -17598.5 -6.224967e-004
    2351 211.661820570000000 2020 10  5 06:39:11.477824151516 28253103.3 -17729.7 -6.271375e-004
    2357 212.194966569999990 2020 10  5 06:39:12.010953426361 28253029.9 -17803.1 -6.297338e-004
    2371 213.440277000000010 2020 10  5 06:39:13.256289660931 28252832.1 -18000.9 -6.367304e-004
    2377 213.976194139999990 2020 10  5 06:39:13.792195022106 28252751.7 -18081.3 -6.395744e-004
    2389 215.042191140000000 2020 10  5 06:39:14.858171939850 28252590.9 -18242.1 -6.452622e-004
    2399 215.927020290000000 2020 10  5 06:39:15.743019282818 28252470.1 -18362.9 -6.495352e-004
    2405 216.465705139999980 2020 10  5 06:39:16.281700730324 28252372.6 -18460.4 -6.529839e-004
    2419 217.712870569999980 2020 10  5 06:39:17.528887689114 28252206.8 -18626.2 -6.588486e-004
    2436 219.314127570000010 2020 10  5 06:39:19.130126237869 28251972.5 -18860.5 -6.671363e-004
    2446 220.200896000000000 2020 10  5 06:39:20.016904771328 28251857.6 -18975.4 -6.712006e-004
    2452 220.737292000000000 2020 10  5 06:39:20.553292930126 28251768.8 -19064.2 -6.743416e-004
    2466 221.982755569999990 2020 10  5 06:39:21.798749864101 28251583.4 -19249.6 -6.808996e-004
    2472 222.517956570000000 2020 10  5 06:39:22.333971261978 28251505.8 -19327.2 -6.836445e-004
    2484 223.586285000000000 2020 10  5 06:39:23.402281701565 28251363.9 -19469.1 -6.886638e-004
    2513 226.252131430000020 2020 10  5 06:39:26.068129241467 28250908.7 -19924.3 -7.047652e-004
    2519 226.786258430000000 2020 10  5 06:39:26.602264344692 28250925.5 -19907.5 -7.041710e-004
    2531 227.861634710000000 2020 10  5 06:39:27.677615582943 28250779.7 -20053.3 -7.093282e-004
    2547 229.294467430000000 2020 10  5 06:39:29.110478460789 28250590.9 -20242.1 -7.160065e-004
    2561 230.553868429999990 2020 10  5 06:39:30.369856059551 28250422.0 -20411.0 -7.219808e-004
    2567 231.090768569999990 2020 10  5 06:39:30.906767249107 28250356.3 -20476.7 -7.243048e-004
    2579 232.160147140000020 2020 10  5 06:39:31.976163983345 28250449.2 -20383.8 -7.210187e-004
    2595 233.586201140000010 2020 10  5 06:39:33.402187228203 28250043.8 -20789.2 -7.353586e-004
    2609 234.833132570000000 2020 10  5 06:39:34.649132788181 28249870.6 -20962.4 -7.414850e-004
    2615 235.367788860000020 2020 10  5 06:39:35.183790922165 28249798.1 -21034.9 -7.440495e-004
    2627 236.438363860000010 2020 10  5 06:39:36.254354417324 28249669.1 -21163.9 -7.486125e-004
    2642 237.862270430000020 2020 10  5 06:39:37.678285539150 28249503.8 -21329.2 -7.544596e-004
    2656 239.108478140000020 2020 10  5 06:39:38.924466669559 28249333.7 -21499.3 -7.604764e-004
    2662 239.645658709999960 2020 10  5 06:39:39.461659491062 28249263.3 -21569.7 -7.629666e-004
    2674 240.718114859999990 2020 10  5 06:39:40.534113943577 28249139.1 -21693.9 -7.673598e-004
    2690 242.141279139999990 2020 10  5 06:39:41.957280635834 28248963.3 -21869.7 -7.735782e-004
    2704 243.383642289999980 2020 10  5 06:39:43.199639618397 28248813.7 -22019.3 -7.788699e-004
    2710 243.915906140000000 2020 10  5 06:39:43.731923997402 28248756.8 -22076.2 -7.808825e-004
    2722 244.987576710000010 2020 10  5 06:39:44.803573787212 28248845.0 -21988.0 -7.777627e-004
    2751 247.657734000000000 2020 10  5 06:39:47.473726272583 28248321.3 -22511.7 -7.962871e-004
    2757 248.187184860000000 2020 10  5 06:39:48.003194332123 28248168.9 -22664.1 -8.016778e-004
    2769 249.257910860000010 2020 10  5 06:39:49.073918759823 28248139.6 -22693.4 -8.027142e-004
    2785 250.685758859999990 2020 10  5 06:39:50.501752495766 28247974.5 -22858.5 -8.085542e-004
    2805 252.455182000000010 2020 10  5 06:39:52.271165549755 28247768.6 -23064.4 -8.158373e-004
    2816 253.521962140000000 2020 10  5 06:39:53.337947130203 28247665.8 -23167.2 -8.194736e-004
    2844 256.020375139999940 2020 10  5 06:39:55.836384594440 28247403.4 -23429.6 -8.287552e-004
    2852 256.740070140000000 2020 10  5 06:39:56.556074917316 28247328.2 -23504.8 -8.314152e-004
    2864 257.809319709999950 2020 10  5 06:39:57.625310719013 28247212.8 -23620.2 -8.354971e-004
    2912 262.084126999999970 2020 10  5 06:40:01.900121569633 28246762.0 -24071.0 -8.514429e-004
    2913 262.179067430000030 2020 10  5 06:40:01.995071768761 28305635.9 34802.9 1.231053e-003
    2959 266.359931290000020 2020 10  5 06:40:06.175938248634 28246345.0 -24488.0 -8.661931e-004
    3007 270.635688860000020 2020 10  5 06:40:10.451674461365 28245922.8 -24910.2 -8.811272e-004
    3054 274.901871569999970 2020 10  5 06:40:14.717875421047 28245545.8 -25287.2 -8.944625e-004
    3055 274.994995859999960 2020 10  5 06:40:14.811015129089 28305566.8 34733.8 1.228609e-003
    3082 277.393288139999980 2020 10  5 06:40:17.209272086620 28245329.3 -25503.7 -9.021206e-004
    3129 281.668307139999970 2020 10  5 06:40:21.484324336052 28244953.3 -25879.7 -9.154205e-004
    3149 283.440567139999980 2020 10  5 06:40:23.256553709507 28244786.9 -26046.1 -9.213064e-004
    3177 285.941785999999980 2020 10  5 06:40:25.757767260075 28244585.0 -26248.0 -9.284481e-004
    3224 290.215575139999940 2020 10  5 06:40:30.031572282314 28244255.7 -26577.3 -9.400961e-004
    3244 291.995321999999930 2020 10  5 06:40:31.811325252056 28244114.3 -26718.7 -9.450977e-004
    3245 292.088865140000000 2020 10  5 06:40:31.904867291451 28305437.6 34604.6 1.224039e-003
    3272 294.487871139999980 2020 10  5 06:40:34.303888678551 28243924.3 -26908.7 -9.518184e-004
    3319 298.764293430000010 2020 10  5 06:40:38.580308854580 28243616.5 -27216.5 -9.627060e-004
    3339 300.547661140000060 2020 10  5 06:40:40.363642573357 28243478.0 -27355.0 -9.676050e-004
    3355 301.970974429999960 2020 10  5 06:40:41.786970198154 28243370.3 -27462.7 -9.714146e-004
    3367 303.038634569999940 2020 10  5 06:40:42.854636907578 28243293.0 -27540.0 -9.741489e-004
    3402 306.245046000000000 2020 10  5 06:40:46.061056852341 28243107.2 -27725.8 -9.807210e-004
    3414 307.315846430000020 2020 10  5 06:40:47.131861746311 28242998.3 -27834.7 -9.845730e-004
    3462 311.588606999999970 2020 10  5 06:40:51.404620707035 28242722.7 -28110.3 -9.943216e-004
    3509 315.856278429999970 2020 10  5 06:40:55.672270059586 28242434.0 -28399.0 -1.004534e-003
    3604 324.412064569999980 2020 10  5 06:41:04.228047430515 28241925.9 -28907.1 -1.022506e-003
    3652 328.685133139999950 2020 10  5 06:41:08.501128256321 28241689.8 -29143.2 -1.030857e-003
    3699 332.966027709999930 2020 10  5 06:41:12.782014310360 28241453.7 -29379.3 -1.039209e-003
    3720 334.840567430000020 2020 10  5 06:41:14.656556546688 28304889.9 34056.9 1.204666e-003
    3722 335.018750709999950 2020 10  5 06:41:14.834749102592 28241363.2 -29469.8 -1.042410e-003
    3746 337.156521290000000 2020 10  5 06:41:16.972536742687 28304846.8 34013.8 1.203141e-003
    3747 337.244226860000030 2020 10  5 06:41:17.060244977474 28241230.5 -29602.5 -1.047104e-003
    3794 341.514382000000010 2020 10  5 06:41:21.330388784409 28241014.6 -29818.4 -1.054741e-003
    3842 345.788933429999930 2020 10  5 06:41:25.604918003082 28240801.1 -30031.9 -1.062293e-003
    3864 347.831695139999970 2020 10  5 06:41:27.647715210915 28240717.8 -30115.2 -1.065239e-003
    3889 350.062321000000000 2020 10  5 06:41:29.878320693970 28240607.8 -30225.2 -1.069130e-003
    3910 351.930887859999980 2020 10  5 06:41:31.746868193150 28304640.1 33807.1 1.195830e-003
    3912 352.107163000000010 2020 10  5 06:41:31.923169791698 28240505.7 -30327.3 -1.072742e-003
    3936 354.247496000000010 2020 10  5 06:41:34.063492119312 28304581.6 33748.6 1.193760e-003
    3937 354.334564430000000 2020 10  5 06:41:34.150556623936 28240407.1 -30425.9 -1.076229e-003
    3959 356.385263140000010 2020 10  5 06:41:36.201279759407 28240320.2 -30512.8 -1.079303e-003
    3983 358.522493430000000 2020 10  5 06:41:38.338504135609 28304499.6 33666.6 1.190860e-003
    3984 358.609669710000050 2020 10  5 06:41:38.425689339638 28240230.4 -30602.6 -1.082480e-003
    4007 360.662693000000050 2020 10  5 06:41:40.478705763817 28240140.7 -30692.3 -1.085652e-003
    4032 362.885855709999990 2020 10  5 06:41:42.701868116856 28240045.3 -30787.7 -1.089027e-003
    4037 363.334755139999970 2020 10  5 06:41:43.150749206543 28240017.0 -30816.0 -1.090028e-003
    4054 364.940500289999990 2020 10  5 06:41:44.756493866444 28239966.0 -30867.0 -1.091832e-003
    4078 367.084804290000020 2020 10  5 06:41:46.900799274445 28304328.2 33495.2 1.184797e-003
    4079 367.173538139999950 2020 10  5 06:41:46.989553570747 28239866.0 -30967.0 -1.095369e-003
    4102 369.226555859999910 2020 10  5 06:41:49.042569994926 28239809.8 -31023.2 -1.097357e-003
    4126 371.364433140000020 2020 10  5 06:41:51.180438101292 28304239.2 33406.2 1.181649e-003
    4127 371.453328859999940 2020 10  5 06:41:51.269313097000 28239725.5 -31107.5 -1.100339e-003
    4173 375.636169999999940 2020 10  5 06:41:55.452151000500 28303878.0 33045.0 1.168873e-003
    4197 377.771259999999980 2020 10  5 06:41:57.587243020535 28239441.0 -31392.0 -1.110402e-003
    4221 379.910099709999940 2020 10  5 06:41:59.726116955280 28304022.5 33189.5 1.173984e-003
    4268 384.189781430000040 2020 10  5 06:42:04.005796015263 28303917.2 33084.2 1.170259e-003
    4269 384.279774709999970 2020 10  5 06:42:04.095757305622 28239199.9 -31633.1 -1.118931e-003
    4290 386.153125709999980 2020 10  5 06:42:05.969132781029 28303853.7 33020.7 1.168013e-003
    4292 386.332808430000000 2020 10  5 06:42:06.148813962936 28239194.4 -31638.6 -1.119125e-003
    4316 388.470836999999960 2020 10  5 06:42:08.286843001842 28303820.4 32987.4 1.166835e-003
    4317 388.561055709999950 2020 10  5 06:42:08.377045691013 28239124.0 -31709.0 -1.121615e-003
    4338 390.437070139999950 2020 10  5 06:42:10.253076553345 28303767.4 32934.4 1.164960e-003
    4340 390.616552289999960 2020 10  5 06:42:10.432556569576 28239048.9 -31784.1 -1.124272e-003
    4385 394.708018569999920 2020 10  5 06:42:14.524025022984 28303622.8 32789.8 1.159846e-003
    4387 394.886452569999960 2020 10  5 06:42:14.702458977699 28238906.3 -31926.7 -1.129316e-003
    4411 397.024594709999970 2020 10  5 06:42:16.840608716011 28303617.3 32784.3 1.159651e-003
    4435 399.159301710000020 2020 10  5 06:42:18.975298404694 28238779.3 -32053.7 -1.133808e-003
    4458 401.294486140000000 2020 10  5 06:42:21.110470890999 28303463.9 32630.9 1.154225e-003
    4482 403.427237999999930 2020 10  5 06:42:23.243229389191 28238657.0 -32176.0 -1.138134e-003
    4506 405.564087140000030 2020 10  5 06:42:25.380091667175 28303338.0 32505.0 1.149772e-003
    4530 407.702938139999960 2020 10  5 06:42:27.518925368786 28238553.2 -32279.8 -1.141806e-003
    4553 409.837784430000000 2020 10  5 06:42:29.653775990009 28303208.7 32375.7 1.145198e-003
    4577 411.976435289999930 2020 10  5 06:42:31.792448759079 28238425.9 -32407.1 -1.146309e-003
    4601 414.113106709999950 2020 10  5 06:42:33.929109871387 28303064.1 32231.1 1.140083e-003
    4648 418.383631429999980 2020 10  5 06:42:38.199615776539 28302832.2 31999.2 1.131880e-003
    4672 420.523447859999980 2020 10  5 06:42:40.339455306530 28238195.0 -32638.0 -1.154476e-003
    4696 422.663675570000010 2020 10  5 06:42:42.479656934738 28302763.9 31930.9 1.129464e-003
    4767 429.069330289999980 2020 10  5 06:42:48.885335326195 28237997.3 -32835.7 -1.161469e-003
    4814 433.336298709999940 2020 10  5 06:42:53.152300715446 28237905.5 -32927.5 -1.164716e-003
    4862 437.614353139999990 2020 10  5 06:42:57.430370450020 28237802.8 -33030.2 -1.168349e-003
    4935 444.197622860000020 2020 10  5 06:43:04.013637900352 28266996.5 -3836.5 -1.357052e-004
    4957 446.158844140000040 2020 10  5 06:43:05.974842309952 28237655.6 -33177.4 -1.173556e-003
    5004 450.428831709999940 2020 10  5 06:43:10.244825184345 28237556.9 -33276.1 -1.177047e-003
    5030 452.747835290000010 2020 10  5 06:43:12.563822865486 28265986.2 -4846.8 -1.714417e-004
    5052 454.708260290000000 2020 10  5 06:43:14.524262845516 28237482.9 -33350.1 -1.179665e-003
    5099 458.985102289999930 2020 10  5 06:43:18.801085352898 28237409.5 -33423.5 -1.182261e-003
    5125 461.295508859999930 2020 10  5 06:43:21.111513376236 28265015.1 -5817.9 -2.057916e-004
    5146 463.164636290000030 2020 10  5 06:43:22.980624139309 28264797.2 -6035.8 -2.134992e-004
    5147 463.253618429999960 2020 10  5 06:43:23.069619834423 28237328.6 -33504.4 -1.185122e-003
    5193 467.432692569999970 2020 10  5 06:43:27.248675823212 28264321.0 -6512.0 -2.303434e-004
    5194 467.523217139999930 2020 10  5 06:43:27.339200377464 28237252.7 -33580.3 -1.187807e-003
    5220 469.838921139999970 2020 10  5 06:43:29.654939174652 28264058.1 -6774.9 -2.396427e-004
    5241 471.705265139999990 2020 10  5 06:43:31.521273851395 28263829.8 -7003.2 -2.477182e-004
    5242 471.796419429999900 2020 10  5 06:43:31.612401902676 28237204.0 -33629.0 -1.189530e-003
    5275 474.828259859999950 2020 10  5 06:43:34.644250273705 28300099.1 29266.1 1.035205e-003
    5288 475.989147999999940 2020 10  5 06:43:35.805137157440 28263348.3 -7484.7 -2.647499e-004
    5289 476.078852859999980 2020 10  5 06:43:35.894857048988 28237200.9 -33632.1 -1.189640e-003
    5323 479.102969860000030 2020 10  5 06:43:38.918980658054 28300025.6 29192.6 1.032605e-003
    5336 480.263529709999940 2020 10  5 06:43:40.079545676708 28262900.0 -7933.0 -2.806072e-004
    5337 480.354737570000000 2020 10  5 06:43:40.170754194260 28237071.9 -33761.1 -1.194203e-003
    5352 481.694416139999990 2020 10  5 06:43:41.510396897793 28299856.1 29023.1 1.026609e-003
    5383 484.548614709999980 2020 10  5 06:43:44.364615976810 28262431.0 -8402.0 -2.971968e-004
    5384 484.640845430000070 2020 10  5 06:43:44.456830322742 28237032.5 -33800.5 -1.195596e-003
    5396 485.707769139999980 2020 10  5 06:43:45.523772835732 28299566.2 28733.2 1.016355e-003
    5418 487.668211429999990 2020 10  5 06:43:47.484212815762 28299417.7 28584.7 1.011102e-003
    5431 488.826954999999940 2020 10  5 06:43:48.642967343330 28261976.5 -8856.5 -3.132734e-004
    5432 488.918985709999960 2020 10  5 06:43:48.734980523586 28236961.2 -33871.8 -1.198118e-003
    5478 493.100128999999980 2020 10  5 06:43:52.916128635406 28261504.6 -9328.4 -3.299655e-004
    5513 496.212853860000000 2020 10  5 06:43:56.028845608234 28298803.1 27970.1 9.893624e-004
    5526 497.368223000000000 2020 10  5 06:43:57.184220552444 28261053.1 -9779.9 -3.459360e-004
    5560 500.480288859999970 2020 10  5 06:44:00.296293795109 28298477.7 27644.7 9.778523e-004
    5573 501.641957429999990 2020 10  5 06:44:01.457945108414 28260615.7 -10217.3 -3.614078e-004
    5608 504.754634000000010 2020 10  5 06:44:04.570621848106 28298138.9 27305.9 9.658683e-004
    5621 505.911682859999980 2020 10  5 06:44:05.727686583996 28260167.0 -10666.0 -3.772793e-004
    5655 509.024064000000010 2020 10  5 06:44:08.840081691742 28297765.4 26932.4 9.526568e-004
    5668 510.179153139999980 2020 10  5 06:44:09.995134770870 28259743.7 -11089.3 -3.922523e-004
    5703 513.299509000000060 2020 10  5 06:44:13.115496039391 28297374.9 26541.9 9.388439e-004
    5716 514.462312289999890 2020 10  5 06:44:14.278314113617 28259300.3 -11532.7 -4.079363e-004
    5750 517.580871290000120 2020 10  5 06:44:17.396864891052 28296995.6 26162.6 9.254273e-004
    5763 518.734947000000030 2020 10  5 06:44:18.550952374935 28258858.7 -11974.3 -4.235567e-004
    5798 521.845456709999890 2020 10  5 06:44:21.661456525326 28296582.9 25749.9 9.108292e-004
    5811 523.003834290000100 2020 10  5 06:44:22.819848954678 28258443.4 -12389.6 -4.382467e-004
    5840 525.679208000000020 2020 10  5 06:44:25.495191514492 28258193.7 -12639.3 -4.470792e-004
    5845 526.119664999999940 2020 10  5 06:44:25.935663878918 28296326.7 25493.7 9.017668e-004
    5858 527.278103570000210 2020 10  5 06:44:27.094096541405 28258027.9 -12805.1 -4.529439e-004
    5893 530.397761429999950 2020 10  5 06:44:30.213773846626 28295679.9 24846.9 8.788881e-004
    5906 531.563316289999990 2020 10  5 06:44:31.379327774048 28257632.2 -13200.8 -4.669406e-004
    5935 534.230861000000000 2020 10  5 06:44:34.046865105629 28257397.5 -13435.5 -4.752425e-004
    5940 534.677889860000050 2020 10  5 06:44:34.493895471096 28295216.8 24383.8 8.625073e-004
    5969 537.263521429999970 2020 10  5 06:44:37.079518139362 28294906.3 24073.3 8.515243e-004
    5988 538.957018429999830 2020 10  5 06:44:38.773011267185 28294728.3 23895.3 8.452280e-004
    6001 540.120119999999930 2020 10  5 06:44:39.936110973358 28256806.2 -14026.8 -4.961580e-004
    6017 541.539977000000020 2020 10  5 06:44:41.355978548527 28294438.6 23605.6 8.349807e-004
    6064 545.816008999999890 2020 10  5 06:44:45.631996393204 28293899.8 23066.8 8.159222e-004
    6078 547.066783999999980 2020 10  5 06:44:46.882764101028 28256213.7 -14619.3 -5.171160e-004
    6083 547.509847000000040 2020 10  5 06:44:47.325851619244 28293670.4 22837.4 8.078078e-004
    6102 549.203935860000120 2020 10  5 06:44:49.019948244095 28293446.7 22613.7 7.998951e-004
    6112 550.095438290000060 2020 10  5 06:44:49.911434054375 28293347.5 22514.5 7.963862e-004
    6159 554.377387000000000 2020 10  5 06:44:54.193406403065 28292766.7 21933.7 7.758420e-004
    6173 555.624384860000080 2020 10  5 06:44:55.440392196178 28255430.5 -15402.5 -5.448195e-004
    6178 556.065900859999940 2020 10  5 06:44:55.881910622120 28292539.1 21706.1 7.677913e-004
    6207 558.645140859999970 2020 10  5 06:44:58.461136221886 28292169.1 21336.1 7.547036e-004
    6226 560.343287429999920 2020 10  5 06:45:00.159296393394 28291936.8 21103.8 7.464867e-004
    6254 562.921398289999960 2020 10  5 06:45:02.737395465374 28291556.9 20723.9 7.330488e-004
    6268 564.170301430000110 2020 10  5 06:45:03.986312448978 28254715.3 -16117.7 -5.701176e-004
    6273 564.616642709999950 2020 10  5 06:45:04.432658851147 28291293.8 20460.8 7.237424e-004
    6302 567.200095140000030 2020 10  5 06:45:07.016108930111 28290905.5 20072.5 7.100074e-004
    6316 568.454391999999980 2020 10  5 06:45:08.270376920700 28254366.1 -16466.9 -5.824696e-004
    6321 568.893454000000020 2020 10  5 06:45:08.709441125393 28290637.3 19804.3 7.005206e-004
    6349 571.483617570000090 2020 10  5 06:45:11.299610137939 28290230.6 19397.6 6.861347e-004
    6368 573.173967290000060 2020 10  5 06:45:12.989965081215 28290119.5 19286.5 6.822049e-004
    6397 575.762082859999960 2020 10  5 06:45:15.578082203865 28289535.8 18702.8 6.615582e-004
    6411 577.019796000000040 2020 10  5 06:45:16.835810244083 28253649.3 -17183.7 -6.078243e-004
    6416 577.459233859999930 2020 10  5 06:45:17.275236546993 28289403.7 18570.7 6.568855e-004
    6423 578.084753140000090 2020 10  5 06:45:17.900741100311 28289139.3 18306.3 6.475331e-004
    6437 579.331985139999920 2020 10  5 06:45:19.147968292236 28288955.5 18122.5 6.410317e-004
    6444 580.041074139999980 2020 10  5 06:45:19.857077300549 28288702.5 17869.5 6.320825e-004
    6463 581.733473290000120 2020 10  5 06:45:21.549484133720 28288518.7 17685.7 6.255811e-004
    6470 582.359245709999870 2020 10  5 06:45:22.175230085850 28288404.3 17571.3 6.215346e-004
    6482 583.427739999999970 2020 10  5 06:45:23.243741691113 28288223.4 17390.4 6.151357e-004
    6484 583.606521139999930 2020 10  5 06:45:23.422537744045 28288190.0 17357.0 6.139543e-004
    6492 584.319694429999910 2020 10  5 06:45:24.135710299015 28288116.7 17283.7 6.113615e-004
    6511 586.010637289999980 2020 10  5 06:45:25.826628506184 28287765.3 16932.3 5.989318e-004
    6518 586.633309140000050 2020 10  5 06:45:26.449316740036 28287646.8 16813.8 5.947402e-004
    6530 587.707908709999970 2020 10  5 06:45:27.523903548717 28287459.4 16626.4 5.881114e-004
    6531 587.871060709999940 2020 10  5 06:45:27.687048912048 28287050.4 16217.4 5.736442e-004
    6539 588.590875710000090 2020 10  5 06:45:28.406859934330 28287289.0 16456.0 5.820840e-004
    6543 588.951071289999960 2020 10  5 06:45:28.767067193985 28287219.9 16386.9 5.796398e-004
    6558 590.300946859999950 2020 10  5 06:45:30.116929113865 28286971.4 16138.4 5.708498e-004
    6565 590.931046429999920 2020 10  5 06:45:30.747060477734 28286855.8 16022.8 5.667608e-004
    6568 591.201383000000080 2020 10  5 06:45:31.017386913300 28286785.7 15952.7 5.642812e-004
    6569 591.291441290000080 2020 10  5 06:45:31.107428669930 28286808.2 15975.2 5.650771e-004
    6577 592.010874000000060 2020 10  5 06:45:31.826877593994 28286653.9 15820.9 5.596192e-004
    6579 592.190859000000050 2020 10  5 06:45:32.006840407848 28286632.6 15799.6 5.588657e-004
    6587 592.904041140000000 2020 10  5 06:45:32.720053195953 28286492.4 15659.4 5.539066e-004
    6591 593.264136430000010 2020 10  5 06:45:33.080139756203 28286406.5 15573.5 5.508681e-004
    6613 595.244546570000130 2020 10  5 06:45:35.060535371304 28286035.7 15202.7 5.377521e-004
    6625 596.324048709999940 2020 10  5 06:45:36.140030622482 28285821.9 14988.9 5.301895e-004
    6627 596.504019570000080 2020 10  5 06:45:36.320033669472 28285804.6 14971.6 5.295776e-004
    6635 597.216482290000040 2020 10  5 06:45:37.032482028008 28285658.9 14825.9 5.244239e-004
    6647 598.269443290000030 2020 10  5 06:45:38.085423409939 28285472.3 14639.3 5.178234e-004
    6672 600.547360709999910 2020 10  5 06:45:40.363343060017 28284983.1 14150.1 5.005194e-004
    6674 600.722223569999980 2020 10  5 06:45:40.538236498833 28284945.8 14112.8 4.992000e-004
    6682 601.426700429999980 2020 10  5 06:45:41.242718696594 28284807.3 13974.3 4.943010e-004
    6694 602.484498710000030 2020 10  5 06:45:42.300488054752 28284593.5 13760.5 4.867384e-004
    6719 604.774982860000140 2020 10  5 06:45:44.591000676155 28284123.0 13290.0 4.700958e-004
    6721 604.955567569999970 2020 10  5 06:45:44.771566987038 28284076.3 13243.3 4.684439e-004
    6729 605.663718140000010 2020 10  5 06:45:45.479710400105 28283925.8 13092.8 4.631204e-004
    6741 606.710284860000000 2020 10  5 06:45:46.526294946671 28283718.0 12885.0 4.557701e-004
    6766 608.991330860000060 2020 10  5 06:45:48.807312548161 28283222.1 12389.1 4.382290e-004
    6768 609.168141429999990 2020 10  5 06:45:48.984137177467 28283193.4 12360.4 4.372139e-004
    6776 609.859118429999850 2020 10  5 06:45:49.675101041794 28283027.1 12194.1 4.313315e-004
    6813 613.223745570000230 2020 10  5 06:45:53.039757907391 28282345.3 11512.3 4.072147e-004
    6815 613.399811140000000 2020 10  5 06:45:53.215818107128 28282253.6 11420.6 4.039711e-004
    6823 614.101972000000050 2020 10  5 06:45:53.917966783047 28282092.6 11259.6 3.982762e-004
    6827 614.448489999999990 2020 10  5 06:45:54.264494776726 28282010.3 11177.3 3.953651e-004
    6860 617.414659999999910 2020 10  5 06:45:57.230642437935 28281439.5 10606.5 3.751747e-004
    6862 617.582721999999990 2020 10  5 06:45:57.398736476898 28281522.1 10689.1 3.780964e-004
    6873 618.646256289999880 2020 10  5 06:45:58.462259173393 28281073.8 10240.8 3.622391e-004
    6906 621.621793290000030 2020 10  5 06:46:01.437781155109 28280381.1 9548.1 3.377368e-004
    6908 621.793009290000100 2020 10  5 06:46:01.609013378620 28280289.3 9456.3 3.344896e-004
    6916 622.478175570000190 2020 10  5 06:46:02.294183671474 28280172.3 9339.3 3.303511e-004
    6920 622.824762139999960 2020 10  5 06:46:02.640751898289 28279977.5 9144.5 3.234606e-004
    6955 625.962055999999850 2020 10  5 06:46:05.778051316738 28279351.3 8518.3 3.013105e-004
    6962 626.654817859999980 2020 10  5 06:46:06.470825672150 28279184.7 8351.7 2.954175e-004
    6966 627.003132860000050 2020 10  5 06:46:06.819123923779 28279095.6 8262.6 2.922659e-004
    6974 627.696579290000050 2020 10  5 06:46:07.512582242489 28278926.6 8093.6 2.862880e-004
    7001 630.170537570000190 2020 10  5 06:46:09.986517727375 28278345.6 7512.6 2.657368e-004
    7007 630.683325860000080 2020 10  5 06:46:10.499329268932 28278229.1 7396.1 2.616159e-004
    7009 630.856362859999880 2020 10  5 06:46:10.672371983528 28278176.4 7343.4 2.597518e-004
    7013 631.214088000000060 2020 10  5 06:46:11.030084788799 28278102.3 7269.3 2.571307e-004
    7021 631.909203709999930 2020 10  5 06:46:11.725192666054 28277912.9 7079.9 2.504312e-004
    7035 633.226342430000050 2020 10  5 06:46:13.042345046997 28277590.5 6757.5 2.390273e-004
    7046 634.183856430000110 2020 10  5 06:46:13.999853432178 28277381.0 6548.0 2.316168e-004
    7048 634.363686570000030 2020 10  5 06:46:14.179695546627 28277505.6 6672.6 2.360242e-004
    7054 634.876911139999950 2020 10  5 06:46:14.692909419537 28277200.1 6367.1 2.252180e-004
    7056 635.047109139999860 2020 10  5 06:46:14.863095581532 28277151.0 6318.0 2.234812e-004
    7060 635.402965429999880 2020 10  5 06:46:15.218957662582 28277073.9 6240.9 2.207540e-004
    7067 636.096066859999950 2020 10  5 06:46:15.912053883076 28276880.9 6047.9 2.139272e-004
    7082 637.412279429999900 2020 10  5 06:46:17.228280901909 28276578.0 5745.0 2.032130e-004
    7093 638.379344860000060 2020 10  5 06:46:18.195364773273 28276327.8 5494.8 1.943629e-004
    7095 638.557427139999850 2020 10  5 06:46:18.373436629772 28276284.2 5451.2 1.928206e-004
    7100 639.074368290000050 2020 10  5 06:46:18.890351951122 28276154.1 5321.1 1.882187e-004
    7102 639.252456709999930 2020 10  5 06:46:19.068464040756 28276109.5 5276.5 1.866411e-004
    7106 639.607561429999920 2020 10  5 06:46:19.423561692238 28276021.1 5188.1 1.835142e-004
    7129 641.611982710000010 2020 10  5 06:46:21.427976489067 28275513.3 4680.3 1.655522e-004
    7139 642.582149289999960 2020 10  5 06:46:22.398158311844 28275419.8 4586.8 1.622450e-004
    7141 642.755549859999970 2020 10  5 06:46:22.571563124657 28275235.1 4402.1 1.557117e-004
    7147 643.284621000000020 2020 10  5 06:46:23.100628852844 28275102.5 4269.5 1.510214e-004
    7149 643.457812859999880 2020 10  5 06:46:23.273832499981 28275055.6 4222.6 1.493624e-004
    7153 643.805564570000000 2020 10  5 06:46:23.621567487717 28274961.7 4128.7 1.460410e-004
    7175 645.813128709999890 2020 10  5 06:46:25.629120469093 28274456.4 3623.4 1.281674e-004
    7186 646.771988430000080 2020 10  5 06:46:26.587996780872 28274209.0 3376.0 1.194164e-004
    7188 646.944758570000090 2020 10  5 06:46:26.760757863522 28274178.3 3345.3 1.183304e-004
    7194 647.484191710000000 2020 10  5 06:46:27.300203740597 28274038.3 3205.3 1.133783e-004
    7200 648.008651859999990 2020 10  5 06:46:27.824642658234 28273911.7 3078.7 1.089002e-004
    7222 650.011236139999940 2020 10  5 06:46:29.827246963978 28273404.7 2571.7 9.096654e-005
    7240 651.669089570000100 2020 10  5 06:46:31.485093533993 28272964.9 2131.9 7.540988e-005
    7246 652.186532710000050 2020 10  5 06:46:32.002531886101 28272830.6 1997.6 7.065940e-005
    7254 652.902311999999940 2020 10  5 06:46:32.718319594860 28272647.8 1814.8 6.419337e-005
    7271 654.465725859999910 2020 10  5 06:46:34.281738996506 28272264.7 1431.7 5.064230e-005
    7279 655.161477859999990 2020 10  5 06:46:34.977490603924 28272077.8 1244.8 4.403125e-005
    7281 655.333856999999970 2020 10  5 06:46:35.149849355221 28272032.2 1199.2 4.241828e-005
    7287 655.860382139999960 2020 10  5 06:46:35.676380395889 28271902.4 1069.4 3.782697e-005
    7289 656.028830430000080 2020 10  5 06:46:35.844836533070 28272102.4 1269.4 4.490140e-005
    7293 656.382343999999990 2020 10  5 06:46:36.198324859142 28271762.9  929.9 3.289256e-005
    7300 657.078335290000150 2020 10  5 06:46:36.894317865372 28271568.5  735.5 2.601621e-005
    7315 658.404508859999960 2020 10  5 06:46:38.220522701740 28271242.2  409.2 1.447428e-005
    7328 659.536074139999980 2020 10  5 06:46:39.352079629898 28270954.1  121.1 4.283567e-006
    7331 659.795385430000120 2020 10  5 06:46:39.611382186413 28270904.5   71.5 2.529108e-006
    7333 660.049677570000090 2020 10  5 06:46:39.865695834160 28270821.8  -11.2 -3.961680e-007
    7335 660.225056570000110 2020 10  5 06:46:40.041072070599 28270778.5  -54.5 -1.927782e-006
    7339 660.579515140000010 2020 10  5 06:46:40.395525991917 28270688.1 -144.9 -5.125424e-006
    7347 661.285361430000080 2020 10  5 06:46:41.101376116276 28270493.6 -339.4 -1.200531e-005
    7359 662.348218999999860 2020 10  5 06:46:42.164214849472 28270250.7 -582.3 -2.059720e-005
    7362 662.607978290000010 2020 10  5 06:46:42.423959970474 28270161.7 -671.3 -2.374532e-005
    7380 664.279482290000150 2020 10  5 06:46:44.095485806465 28269737.8 -1095.2 -3.873957e-005
    7382 664.458459289999950 2020 10  5 06:46:44.274442791939 28269695.7 -1137.3 -4.022874e-005
    7386 664.810892570000080 2020 10  5 06:46:44.626885056496 28269602.0 -1231.0 -4.354311e-005
    7394 665.500918429999960 2020 10  5 06:46:45.316923558712 28269368.8 -1464.2 -5.179189e-005
    7421 667.939357139999970 2020 10  5 06:46:47.755373418331 28268878.7 -1954.3 -6.912778e-005
    7427 668.467316859999870 2020 10  5 06:46:48.283312618732 28268667.6 -2165.4 -7.659484e-005
    7429 668.639661429999930 2020 10  5 06:46:48.455671370029 28268626.4 -2206.6 -7.805217e-005
    7433 668.986514429999940 2020 10  5 06:46:48.802521228790 28268528.7 -2304.3 -8.150803e-005
    7452 670.737163289999900 2020 10  5 06:46:50.553145408630 28268079.8 -2753.2 -9.738659e-005
    7455 671.000583570000120 2020 10  5 06:46:50.816591978073 28268037.2 -2795.8 -9.889344e-005
    7468 672.129900860000020 2020 10  5 06:46:51.945895850658 28267730.6 -3102.4 -1.097385e-004
    7475 672.830357859999940 2020 10  5 06:46:52.646354734898 28267566.0 -3267.0 -1.155608e-004
    7479 673.175970570000230 2020 10  5 06:46:52.991957366467 28267473.7 -3359.3 -1.188256e-004
    7499 674.920283859999930 2020 10  5 06:46:54.736264944077 28267023.1 -3809.9 -1.347643e-004
    7500 675.010396430000010 2020 10  5 06:46:54.826387166977 28266974.6 -3858.4 -1.364799e-004
    7504 675.441353289999940 2020 10  5 06:46:55.257364511490 28266813.7 -4019.3 -1.421713e-004
    7514 676.311327139999890 2020 10  5 06:46:56.127325594425 28266667.8 -4165.2 -1.473321e-004
    7520 676.841906429999880 2020 10  5 06:46:56.657920181751 28266535.5 -4297.5 -1.520118e-004
    7526 677.369072859999960 2020 10  5 06:46:57.185054719448 28266400.1 -4432.9 -1.568012e-004
    7534 678.080739140000110 2020 10  5 06:46:57.896738648415 28266228.3 -4604.7 -1.628781e-004
    7546 679.215339000000090 2020 10  5 06:46:59.031353294849 28265969.0 -4864.0 -1.720501e-004
    7551 679.654820709999970 2020 10  5 06:46:59.470819830894 28265781.4 -5051.6 -1.786859e-004
    7564 680.781564430000000 2020 10  5 06:47:00.597548782825 28265566.4 -5266.6 -1.862909e-004
    7592 683.316338709999970 2020 10  5 06:47:03.132357001305 28264924.6 -5908.4 -2.089928e-004
    7593 683.403537290000030 2020 10  5 06:47:03.219542205334 28264882.9 -5950.1 -2.104678e-004
    7607 684.705137860000040 2020 10  5 06:47:04.521124362946 28264577.0 -6256.0 -2.212881e-004
    7613 685.220824139999990 2020 10  5 06:47:05.036832690239 28264445.0 -6388.0 -2.259573e-004
    7626 686.419651289999930 2020 10  5 06:47:06.235659420490 28264144.5 -6688.5 -2.365866e-004
    7639 687.564063139999920 2020 10  5 06:47:07.380050718784 28263868.6 -6964.4 -2.463458e-004
    7644 688.001332000000050 2020 10  5 06:47:07.817344665527 28263756.3 -7076.7 -2.503181e-004
    7654 688.882043429999950 2020 10  5 06:47:08.698047995567 28263532.1 -7300.9 -2.582485e-004
    7657 689.141136709999960 2020 10  5 06:47:08.957149386406 28263489.6 -7343.4 -2.597518e-004
    7665 689.931320859999910 2020 10  5 06:47:09.747328162193 28263292.4 -7540.6 -2.667272e-004
    7673 690.634376000000090 2020 10  5 06:47:10.450361967087 28263124.4 -7708.6 -2.726697e-004
    7685 691.689712430000100 2020 10  5 06:47:11.505717337132 28262871.6 -7961.4 -2.816118e-004
    7686 691.775848710000100 2020 10  5 06:47:11.591856479645 28262834.8 -7998.2 -2.829135e-004
    7688 691.955274139999910 2020 10  5 06:47:11.771256029606 28262800.2 -8032.8 -2.841374e-004
    7691 692.222424859999930 2020 10  5 06:47:12.038444280624 28262749.8 -8083.2 -2.859201e-004
    7701 693.097719289999990 2020 10  5 06:47:12.913716137409 28262538.4 -8294.6 -2.933978e-004
    7706 693.622901859999960 2020 10  5 06:47:13.438919484615 28262411.2 -8421.8 -2.978971e-004
    7708 693.794114570000150 2020 10  5 06:47:13.610111474991 28262405.7 -8427.3 -2.980917e-004
    7712 694.144591429999990 2020 10  5 06:47:13.960582315922 28262291.0 -8542.0 -3.021489e-004
    7720 694.834358999999950 2020 10  5 06:47:14.650339186192 28262122.2 -8710.8 -3.081197e-004
    7747 697.284703290000150 2020 10  5 06:47:17.100698053837 28261545.5 -9287.5 -3.285188e-004
    7750 697.547569569999950 2020 10  5 06:47:17.363581359386 28261479.4 -9353.6 -3.308569e-004
    7755 697.971126999999910 2020 10  5 06:47:17.787115573883 28261376.0 -9457.0 -3.345144e-004
    7759 698.320760859999950 2020 10  5 06:47:18.136741518974 28261300.7 -9532.3 -3.371779e-004
    7766 699.010635709999970 2020 10  5 06:47:18.826619088650 28261111.0 -9722.0 -3.438880e-004
    7793 701.436354139999930 2020 10  5 06:47:21.252355277538 28260573.0 -10260.0 -3.629182e-004
    7799 701.966863429999880 2020 10  5 06:47:21.782869398594 28260500.9 -10332.1 -3.654685e-004
    7801 702.135441430000010 2020 10  5 06:47:21.951446235180 28260406.8 -10426.2 -3.687971e-004
    7805 702.480745570000180 2020 10  5 06:47:22.296727001667 28260328.1 -10504.9 -3.715808e-004
    7839 705.580197140000000 2020 10  5 06:47:25.396207273006 28259622.8 -11210.2 -3.965288e-004
    7845 706.109457860000020 2020 10  5 06:47:25.925474166870 28259455.5 -11377.5 -4.024466e-004
    7851 706.628164859999970 2020 10  5 06:47:26.444159746170 28259386.8 -11446.2 -4.048766e-004
    7859 707.327217859999790 2020 10  5 06:47:27.143210470676 28259224.6 -11608.4 -4.106140e-004
    7876 708.916110139999890 2020 10  5 06:47:28.732097446918 28258885.1 -11947.9 -4.226228e-004
    7883 709.546198289999890 2020 10  5 06:47:29.362188577652 28258742.2 -12090.8 -4.276775e-004
    7886 709.816111859999860 2020 10  5 06:47:29.632112681866 28258695.2 -12137.8 -4.293400e-004
    7892 710.356103709999840 2020 10  5 06:47:30.172121822834 28258576.4 -12256.6 -4.335422e-004
    7898 710.896125139999870 2020 10  5 06:47:30.712130963802 28258449.3 -12383.7 -4.380380e-004
    7906 711.616131000000000 2020 10  5 06:47:31.432143151760 28258313.6 -12519.4 -4.428380e-004
    7908 711.796824290000020 2020 10  5 06:47:31.612830162048 28258229.4 -12603.6 -4.458164e-004
    7924 713.236141570000090 2020 10  5 06:47:33.052130341530 28257975.8 -12857.2 -4.547867e-004
    7931 713.863297569999990 2020 10  5 06:47:33.679284453392 28257842.1 -12990.9 -4.595160e-004
    7940 714.662999289999900 2020 10  5 06:47:34.478998482227 28257673.1 -13159.9 -4.654939e-004
    7946 715.197658289999940 2020 10  5 06:47:35.013656616211 28257565.1 -13267.9 -4.693141e-004
    7954 715.910743710000020 2020 10  5 06:47:35.726748704910 28257423.5 -13409.5 -4.743228e-004
    7972 717.517623709999840 2020 10  5 06:47:37.333619892597 28257089.5 -13743.5 -4.861371e-004
    7979 718.137229289999820 2020 10  5 06:47:37.953210175037 28256978.4 -13854.6 -4.900669e-004
    7982 718.405596139999940 2020 10  5 06:47:38.221605420113 28256904.9 -13928.1 -4.926668e-004
    7985 718.674137290000090 2020 10  5 06:47:38.490121364594 28256848.0 -13985.0 -4.946794e-004
    7994 719.479403860000050 2020 10  5 06:47:39.295387566090 28256685.2 -14147.8 -5.004380e-004
    8002 720.197780290000080 2020 10  5 06:47:40.013790428638 28256546.4 -14286.6 -5.053477e-004
    8004 720.378238290000010 2020 10  5 06:47:40.194236040115 28256500.8 -14332.2 -5.069607e-004
    8008 720.734035570000170 2020 10  5 06:47:40.550017654896 28256444.8 -14388.2 -5.089415e-004
    8012 721.091310860000020 2020 10  5 06:47:40.907328128815 28256378.0 -14455.0 -5.113044e-004
    8020 721.803372860000080 2020 10  5 06:47:41.619374155998 28256222.7 -14610.3 -5.167976e-004
    8032 722.961317709999890 2020 10  5 06:47:42.777324020863 28255981.9 -14851.1 -5.253153e-004
    8035 723.225744710000070 2020 10  5 06:47:43.041736185551 28255943.2 -14889.8 -5.266842e-004
    8041 723.760963570000060 2020 10  5 06:47:43.576957583427 28255832.0 -15001.0 -5.306175e-004
    8049 724.472832860000040 2020 10  5 06:47:44.288842678070 28255703.0 -15130.0 -5.351806e-004
    8055 725.003307710000060 2020 10  5 06:47:44.819316565990 28255593.0 -15240.0 -5.390715e-004
    8059 725.361195709999830 2020 10  5 06:47:45.177190303802 28255521.5 -15311.5 -5.416006e-004
    8074 726.697152570000070 2020 10  5 06:47:46.513171792030 28255271.8 -15561.2 -5.504330e-004
    8077 726.967102429999840 2020 10  5 06:47:46.783095896244 28255222.8 -15610.2 -5.521663e-004
    8080 727.233617709999980 2020 10  5 06:47:47.049600183964 28255175.9 -15657.1 -5.538252e-004
    8083 727.501254139999900 2020 10  5 06:47:47.317271232605 28255118.6 -15714.4 -5.558520e-004
    8097 728.750906709999980 2020 10  5 06:47:48.566912412643 28254878.7 -15954.3 -5.643378e-004
    8103 729.285962710000040 2020 10  5 06:47:49.101972877979 28254782.8 -16050.2 -5.677300e-004
    8142 732.853375140000030 2020 10  5 06:47:52.669364511967 28254127.6 -16705.4 -5.909058e-004
    8144 733.030051709999950 2020 10  5 06:47:52.846068441868 28254082.7 -16750.3 -5.924940e-004
    8150 733.564295999999900 2020 10  5 06:47:53.380284011364 28254002.8 -16830.2 -5.953203e-004
    8154 733.922988999999920 2020 10  5 06:47:53.739002645016 28253906.4 -16926.6 -5.987301e-004
    8169 735.262022139999890 2020 10  5 06:47:55.078041851521 28253698.1 -17134.9 -6.060982e-004
    8172 735.528060999999980 2020 10  5 06:47:55.344063341618 28253671.8 -17161.2 -6.070285e-004
    8178 736.062045139999900 2020 10  5 06:47:55.878037512302 28253545.5 -17287.5 -6.114960e-004
    8190 737.134070860000070 2020 10  5 06:47:56.950089633465 28253370.5 -17462.5 -6.176861e-004
    8192 737.310525289999870 2020 10  5 06:47:57.126511931419 28253320.9 -17512.1 -6.194405e-004
    8198 737.848630570000070 2020 10  5 06:47:57.664630115032 28253237.5 -17595.5 -6.223906e-004
    8210 738.913905430000000 2020 10  5 06:47:58.729923069477 28253038.7 -17794.3 -6.294226e-004
    8217 739.539887290000020 2020 10  5 06:47:59.355870187283 28252933.5 -17899.5 -6.331437e-004
    8220 739.803729709999970 2020 10  5 06:47:59.619719088078 28252890.2 -17942.8 -6.346753e-004
    8237 741.410200139999920 2020 10  5 06:48:01.226187944412 28252599.1 -18233.9 -6.449722e-004
    8239 741.586320290000000 2020 10  5 06:48:01.402328610420 28252579.8 -18253.2 -6.456548e-004
    8245 742.121072140000020 2020 10  5 06:48:01.937067210674 28252495.3 -18337.7 -6.486438e-004
    8257 743.188810710000100 2020 10  5 06:48:03.004814386368 28252314.3 -18518.7 -6.550461e-004
    8273 744.616778000000070 2020 10  5 06:48:04.432768821716 28252071.2 -18761.8 -6.636451e-004
    8285 745.685115860000000 2020 10  5 06:48:05.501119494438 28251893.5 -18939.5 -6.699307e-004
    8287 745.865133999999900 2020 10  5 06:48:05.681122541428 28251865.5 -18967.5 -6.709212e-004
    8293 746.400810139999980 2020 10  5 06:48:06.216826736927 28251780.6 -19052.4 -6.739243e-004
    8305 747.470672000000040 2020 10  5 06:48:07.286666035652 28251607.4 -19225.6 -6.800507e-004
    8321 748.897474570000100 2020 10  5 06:48:08.713493943214 28251370.4 -19462.6 -6.884339e-004
    8324 749.165494429999970 2020 10  5 06:48:08.981486856937 28251312.3 -19520.7 -6.904890e-004
    8340 750.679025000000020 2020 10  5 06:48:10.495017170906 28251098.3 -19734.7 -6.980587e-004
    8352 751.745668709999900 2020 10  5 06:48:11.561678051949 28250929.3 -19903.7 -7.040366e-004
    8368 753.172482290000060 2020 10  5 06:48:12.988465726376 28250700.0 -20133.0 -7.121474e-004
    8388 754.948326709999950 2020 10  5 06:48:14.764316082001 28250448.0 -20385.0 -7.210612e-004
    8400 756.024836290000050 2020 10  5 06:48:15.840834081173 28250274.4 -20558.6 -7.272018e-004
    8416 757.457489289999900 2020 10  5 06:48:17.273495793343 28250065.9 -20767.1 -7.345769e-004
    8419 757.724591430000030 2020 10  5 06:48:17.540603578091 28250006.3 -20826.7 -7.366850e-004
    8447 760.300565999999890 2020 10  5 06:48:20.116570293903 28249648.4 -21184.6 -7.493447e-004
    8463 761.724609999999980 2020 10  5 06:48:21.540622115135 28249446.9 -21386.1 -7.564722e-004
    8466 761.994613429999960 2020 10  5 06:48:21.810626685619 28249411.8 -21421.2 -7.577138e-004
    8483 763.503518289999990 2020 10  5 06:48:23.319530189037 28249190.7 -21642.3 -7.655346e-004
    8495 764.569805859999970 2020 10  5 06:48:24.385788738728 28249045.3 -21787.7 -7.706777e-004
    8511 765.999467139999980 2020 10  5 06:48:25.815473198891 28248859.7 -21973.3 -7.772428e-004
    8514 766.269422289999970 2020 10  5 06:48:26.085437536240 28248794.4 -22038.6 -7.795526e-004
    8523 767.073874000000160 2020 10  5 06:48:26.889858841896 28248710.8 -22122.2 -7.825097e-004
    8542 768.860066859999850 2020 10  5 06:48:28.676049113274 28248465.8 -22367.2 -7.911758e-004
    8558 770.289982290000130 2020 10  5 06:48:30.105974972248 28248254.6 -22578.4 -7.986464e-004
    8561 770.555160859999890 2020 10  5 06:48:30.371151566505 28248240.9 -22592.1 -7.991310e-004
    8570 771.358082139999960 2020 10  5 06:48:31.174084246159 28248131.1 -22701.9 -8.030149e-004
    8578 772.075220289999950 2020 10  5 06:48:31.891239881516 28248048.1 -22784.9 -8.059508e-004
    8590 773.143196139999990 2020 10  5 06:48:32.959188222885 28247999.0 -22834.0 -8.076876e-004
    8609 774.835115289999860 2020 10  5 06:48:34.651112258434 28247707.5 -23125.5 -8.179985e-004
    8618 775.638333140000100 2020 10  5 06:48:35.454326570034 28247593.1 -23239.9 -8.220451e-004
    8626 776.352362709999850 2020 10  5 06:48:36.168344020844 28247493.1 -23339.9 -8.255823e-004
    8638 777.423094999999990 2020 10  5 06:48:37.239108681679 28247374.7 -23458.3 -8.297704e-004
    8665 779.920432710000000 2020 10  5 06:48:39.736419618130 28247066.4 -23766.6 -8.406756e-004
    8673 780.634126999999920 2020 10  5 06:48:40.450115203857 28246992.1 -23840.9 -8.433038e-004
    8713 784.201056709999990 2020 10  5 06:48:44.017064273357 28246572.1 -24260.9 -8.581601e-004
    8721 784.914060709999940 2020 10  5 06:48:44.730075895786 28246501.9 -24331.1 -8.606432e-004
    8733 785.987281429999940 2020 10  5 06:48:45.803294777870 28246418.3 -24414.7 -8.636003e-004
    8768 789.197851290000020 2020 10  5 06:48:49.013858735561 28246009.1 -24823.9 -8.780746e-004
    8780 790.263875000000100 2020 10  5 06:48:50.079875886440 28245909.1 -24923.9 -8.816118e-004
    8799 791.957268289999770 2020 10  5 06:48:51.773248314857 28245721.5 -25111.5 -8.882476e-004
    8808 792.755824859999960 2020 10  5 06:48:52.571835815907 28245637.0 -25196.0 -8.912366e-004
    8816 793.465113429999860 2020 10  5 06:48:53.281105756760 28245559.5 -25273.5 -8.939779e-004
    8828 794.531719139999950 2020 10  5 06:48:54.347726404667 28245453.2 -25379.8 -8.977380e-004
    8846 796.217135859999980 2020 10  5 06:48:56.033132672310 28245265.2 -25567.8 -9.043879e-004
    8855 797.017180289999940 2020 10  5 06:48:56.833168566227 28245196.4 -25636.6 -9.068215e-004
    8863 797.728958570000150 2020 10  5 06:48:57.544973194599 28245113.8 -25719.2 -9.097433e-004
    8875 798.798042570000230 2020 10  5 06:48:58.614048063755 28245013.4 -25819.6 -9.132946e-004
    8891 800.221547289999990 2020 10  5 06:49:00.037536621094 28244874.0 -25959.0 -9.182255e-004
    8894 800.489358570000150 2020 10  5 06:49:00.305368602276 28244849.9 -25983.1 -9.190780e-004
    8903 801.289422140000060 2020 10  5 06:49:01.105404496193 28244778.4 -26054.6 -9.216071e-004
    8911 801.999093000000020 2020 10  5 06:49:01.815076768398 28244703.6 -26129.4 -9.242529e-004
    8938 804.496416859999950 2020 10  5 06:49:04.312427937984 28244469.9 -26363.1 -9.325194e-004
    8958 806.271266709999960 2020 10  5 06:49:06.087272465229 28244303.1 -26529.9 -9.384195e-004
    8973 807.603184570000170 2020 10  5 06:49:07.419190406799 28244194.8 -26638.2 -9.422503e-004
    8986 808.767428289999880 2020 10  5 06:49:08.583416640759 28244083.2 -26749.8 -9.461978e-004
    8998 809.832083859999900 2020 10  5 06:49:09.648065865040 28243988.2 -26844.8 -9.495582e-004
    9006 810.544704570000140 2020 10  5 06:49:10.360715389252 28243947.6 -26885.4 -9.509943e-004
    9033 813.042090570000030 2020 10  5 06:49:12.858106791973 28243698.3 -27134.7 -9.598125e-004
    9045 814.113678570000160 2020 10  5 06:49:13.929676115513 28243619.0 -27214.0 -9.626176e-004
    9053 814.829118709999880 2020 10  5 06:49:14.645101726055 28243556.9 -27276.1 -9.648142e-004
    9068 816.164880710000030 2020 10  5 06:49:15.980882048607 28243476.5 -27356.5 -9.676581e-004
    9093 818.385922289999940 2020 10  5 06:49:18.201912045479 28243263.0 -27570.0 -9.752100e-004
    9101 819.098735710000140 2020 10  5 06:49:18.914722502232 28243219.4 -27613.6 -9.767523e-004
    9140 822.663217139999920 2020 10  5 06:49:22.479217350483 28242930.0 -27903.0 -9.869890e-004
    9148 823.375430710000050 2020 10  5 06:49:23.191424310207 28242875.4 -27957.6 -9.889203e-004
    9163 824.710677000000030 2020 10  5 06:49:24.526681602001 28242768.6 -28064.4 -9.926980e-004
    9176 825.869456570000010 2020 10  5 06:49:25.685476362705 28242699.2 -28133.8 -9.951528e-004
    9188 826.935752139999980 2020 10  5 06:49:26.751734912395 28242606.8 -28226.2 -9.984212e-004
    9210 828.977901570000090 2020 10  5 06:49:28.793888390064 28242444.8 -28388.2 -1.004152e-003
    9235 831.201647139999980 2020 10  5 06:49:31.017654240131 28242298.3 -28534.7 -1.009334e-003
    9243 831.912351859999940 2020 10  5 06:49:31.728332340717 28242218.9 -28614.1 -1.012142e-003
    9258 833.253519999999980 2020 10  5 06:49:33.069503903389 28242155.8 -28677.2 -1.014374e-003
    9283 835.478128999999970 2020 10  5 06:49:35.294114649296 28241994.0 -28839.0 -1.020097e-003
    9305 837.526991289999960 2020 10  5 06:49:37.342987060547 28241856.3 -28976.7 -1.024968e-003
    9330 839.750385570000160 2020 10  5 06:49:39.566390812397 28241713.8 -29119.2 -1.030009e-003
    9338 840.461013429999870 2020 10  5 06:49:40.277028679848 28241676.2 -29156.8 -1.031339e-003
    9353 841.796987710000050 2020 10  5 06:49:41.612969934940 28241584.9 -29248.1 -1.034568e-003
    9378 844.028983140000040 2020 10  5 06:49:43.844983577728 28241438.8 -29394.2 -1.039736e-003
    9398 845.898749570000180 2020 10  5 06:49:45.714738070965 28305882.5 35049.5 1.239776e-003
    9400 846.074353000000090 2020 10  5 06:49:45.890355706215 28241290.3 -29542.7 -1.044989e-003
    9425 848.298981570000250 2020 10  5 06:49:48.114966452122 28241178.9 -29654.1 -1.048929e-003
    9448 850.345366429999900 2020 10  5 06:49:50.161384642124 28241064.9 -29768.1 -1.052962e-003
    9495 854.618788570000220 2020 10  5 06:49:54.434787333012 28240807.5 -30025.5 -1.062066e-003
    9520 856.842764139999870 2020 10  5 06:49:56.658754348755 28240683.6 -30149.4 -1.066449e-003
    9543 858.891763859999970 2020 10  5 06:49:58.707747459412 28240579.5 -30253.5 -1.070131e-003
    9590 863.167743570000080 2020 10  5 06:50:02.983725070953 28240358.0 -30475.0 -1.077966e-003
    9615 865.390865429999960 2020 10  5 06:50:05.206847190857 28240260.3 -30572.7 -1.081422e-003
    9636 867.262372430000030 2020 10  5 06:50:07.078371942043 28305692.1 34859.1 1.233041e-003
    9638 867.439485139999990 2020 10  5 06:50:07.255478203297 28240140.7 -30692.3 -1.085652e-003
    9662 869.655946289999970 2020 10  5 06:50:09.471961855888 28240034.1 -30798.9 -1.089423e-003
    9685 871.707508289999960 2020 10  5 06:50:11.523489654064 28239943.7 -30889.3 -1.092621e-003
    9710 873.933868709999960 2020 10  5 06:50:13.749870657921 28239861.4 -30971.6 -1.095532e-003
    9733 875.979332430000110 2020 10  5 06:50:15.795323252678 28239745.7 -31087.3 -1.099624e-003
    9758 878.229701140000090 2020 10  5 06:50:18.045683205128 28239654.0 -31179.0 -1.102868e-003
    9781 880.299419000000060 2020 10  5 06:50:20.115436613560 28239557.5 -31275.5 -1.106282e-003
    9829 884.619494570000140 2020 10  5 06:50:24.435509741306 28239373.8 -31459.2 -1.112779e-003
    9854 886.869705289999960 2020 10  5 06:50:26.685708761215 28239287.3 -31545.7 -1.115839e-003
    9875 888.761520570000020 2020 10  5 06:50:28.577511012554 28305426.7 34593.7 1.223653e-003
    9877 888.939578289999990 2020 10  5 06:50:28.755582869053 28239201.8 -31631.2 -1.118863e-003
    9925 893.259662429999930 2020 10  5 06:50:33.075655996799 28239032.5 -31800.5 -1.124852e-003
    9973 897.579742430000120 2020 10  5 06:50:37.395729124546 28238874.7 -31958.3 -1.130434e-003
   10021 901.899822139999970 2020 10  5 06:50:41.715802252293 28238724.4 -32108.6 -1.135750e-003
   10067 906.040930430000000 2020 10  5 06:50:45.856918394566 28305155.0 34322.0 1.214043e-003
   10069 906.219912570000130 2020 10  5 06:50:46.035915613174 28238574.7 -32258.3 -1.141045e-003
   10117 910.539997999999970 2020 10  5 06:50:50.355988740921 28238433.0 -32400.0 -1.146057e-003
   10162 914.653344000000060 2020 10  5 06:50:54.469344019890 28304991.5 34158.5 1.208259e-003
   10164 914.832920859999830 2020 10  5 06:50:54.648904502392 28238298.8 -32534.2 -1.150804e-003
   10210 918.928547570000090 2020 10  5 06:50:58.744557201862 28304917.8 34084.8 1.205652e-003
   10212 919.105481430000050 2020 10  5 06:50:58.921462297440 28238182.5 -32650.5 -1.154918e-003
   10257 923.207011139999960 2020 10  5 06:51:03.023029267788 28304830.6 33997.6 1.202568e-003
   10305 927.481894430000010 2020 10  5 06:51:07.297880351543 28304809.5 33976.5 1.201822e-003
   10307 927.660614859999900 2020 10  5 06:51:07.476595938206 28237926.9 -32906.1 -1.163959e-003
   10353 931.771982860000090 2020 10  5 06:51:11.587979793549 28304647.6 33814.6 1.196095e-003
   10400 936.047881999999960 2020 10  5 06:51:15.863876938820 28304560.6 33727.6 1.193018e-003
   10402 936.224942430000060 2020 10  5 06:51:16.040942966938 28237707.1 -33125.9 -1.171734e-003
   10448 940.321981999999930 2020 10  5 06:51:20.137963593006 28304451.9 33618.9 1.189173e-003
   10450 940.502054139999930 2020 10  5 06:51:20.318047106266 28237614.3 -33218.7 -1.175017e-003
   10495 944.592768859999980 2020 10  5 06:51:24.408751130104 28304335.7 33502.7 1.185062e-003
   10527 947.453080430000000 2020 10  5 06:51:27.269085645676 28237446.6 -33386.4 -1.180949e-003
   10543 948.880838140000040 2020 10  5 06:51:28.696838915348 28304229.8 33396.8 1.181316e-003
   10545 949.058765429999990 2020 10  5 06:51:28.874749839306 28237400.7 -33432.3 -1.182572e-003
   10590 953.170367860000060 2020 10  5 06:51:32.986375093460 28304106.9 33273.9 1.176969e-003
   10592 953.351135999999880 2020 10  5 06:51:33.167142570019 28237305.9 -33527.1 -1.185925e-003
   10638 957.452167859999800 2020 10  5 06:51:37.268186509609 28304006.7 33173.7 1.173425e-003
   10640 957.631984429999990 2020 10  5 06:51:37.447988390923 28237228.0 -33605.0 -1.188681e-003
   10733 966.047819139999890 2020 10  5 06:51:45.863834917545 28303747.1 32914.1 1.164242e-003
   10735 966.230289999999970 2020 10  5 06:51:46.046292185783 28237052.7 -33780.3 -1.194882e-003
   10781 970.342326139999840 2020 10  5 06:51:50.158319771290 28303591.7 32758.7 1.158745e-003
   10783 970.521953139999940 2020 10  5 06:51:50.337960720062 28236976.6 -33856.4 -1.197573e-003
   10829 974.622355570000080 2020 10  5 06:51:54.438360929489 28303391.0 32558.0 1.151646e-003
   10831 974.800656429999890 2020 10  5 06:51:54.616674184799 28236920.5 -33912.5 -1.199558e-003
   10858 977.296568289999980 2020 10  5 06:51:57.112576961517 28303357.2 32524.2 1.150451e-003
   10876 978.901295999999890 2020 10  5 06:51:58.717315793037 28303281.2 32448.2 1.147762e-003
   10924 983.192373140000090 2020 10  5 06:52:03.008380830288 28303121.8 32288.8 1.142124e-003
   10971 987.470108709999980 2020 10  5 06:52:07.286128699780 28302953.7 32120.7 1.136178e-003
   11019 991.745183860000000 2020 10  5 06:52:11.561180949211 28302775.7 31942.7 1.129882e-003
   11047 994.246005570000080 2020 10  5 06:52:14.061992168427 28267542.8 -3290.2 -1.163814e-004
   11067 996.033114709999950 2020 10  5 06:52:15.849107801914 28302602.3 31769.3 1.123748e-003
   11094 998.528195999999980 2020 10  5 06:52:18.344205915928 28267069.2 -3763.8 -1.331337e-004
   11114 1000.304912289999900 2020 10  5 06:52:20.120901167393 28302386.4 31553.4 1.116111e-003
   11142 1002.801487000000000 2020 10  5 06:52:22.617487907410 28266628.4 -4204.6 -1.487257e-004
   11150 1003.510840570000100 2020 10  5 06:52:23.326838314533 28302232.0 31399.0 1.110650e-003
   11162 1004.581982000000000 2020 10  5 06:52:24.397965073586 28302192.5 31359.5 1.109253e-003
   11189 1007.083874430000200 2020 10  5 06:52:26.899862587452 28266164.3 -4668.7 -1.651419e-004
   11197 1007.787691000000000 2020 10  5 06:52:27.603701055050 28301794.8 30961.8 1.095185e-003
   11209 1008.854570860000000 2020 10  5 06:52:28.670563101768 28301963.9 31130.9 1.101167e-003
   11211 1009.038702430000100 2020 10  5 06:52:28.854710161686 28236395.6 -34437.4 -1.218125e-003
   11237 1011.358424709999900 2020 10  5 06:52:31.174432039261 28265727.6 -5105.4 -1.805889e-004
   11241 1011.713797710000100 2020 10  5 06:52:31.529811322689 28236371.2 -34461.8 -1.218988e-003
   11245 1012.067482289999900 2020 10  5 06:52:31.883500814438 28301790.8 30957.8 1.095044e-003
   11257 1013.136795140000000 2020 10  5 06:52:32.952776849270 28301806.1 30973.1 1.095585e-003
   11259 1013.319206570000000 2020 10  5 06:52:33.135193884373 28236347.5 -34485.5 -1.219826e-003
   11284 1015.628273860000000 2020 10  5 06:52:35.444253981113 28265296.4 -5536.6 -1.958414e-004
   11292 1016.344355430000000 2020 10  5 06:52:36.160363554955 28301169.8 30336.8 1.073078e-003
   11304 1017.413323860000000 2020 10  5 06:52:37.229317724705 28301515.9 30682.9 1.085320e-003
   11305 1017.505731290000100 2020 10  5 06:52:37.321733236313 28265087.9 -5745.1 -2.032165e-004
   11306 1017.596139140000000 2020 10  5 06:52:37.412137091160 28236289.4 -34543.6 -1.221881e-003
   11332 1019.914106999999900 2020 10  5 06:52:39.730088710785 28264834.1 -5998.9 -2.121940e-004
   11336 1020.271895140000100 2020 10  5 06:52:40.087881982327 28236277.3 -34555.7 -1.222309e-003
   11352 1021.694896430000100 2020 10  5 06:52:41.510887742043 28301260.7 30427.7 1.076293e-003
   11354 1021.878252000000000 2020 10  5 06:52:41.694270372391 28236269.2 -34563.8 -1.222596e-003
   11387 1024.909700570000000 2020 10  5 06:52:44.725716412067 28301064.8 30231.8 1.069364e-003
   11399 1025.975135570000000 2020 10  5 06:52:45.791130065918 28301004.6 30171.6 1.067234e-003
   11400 1026.065330289999800 2020 10  5 06:52:45.881332755089 28264196.8 -6636.2 -2.347366e-004
   11427 1028.478420429999900 2020 10  5 06:52:48.294435739517 28263983.2 -6849.8 -2.422921e-004
   11435 1029.194650429999900 2020 10  5 06:52:49.010666012764 28300772.9 29939.9 1.059038e-003
   11447 1030.274732709999900 2020 10  5 06:52:50.090724527836 28300729.4 29896.4 1.057500e-003
   11448 1030.367419569999800 2020 10  5 06:52:50.183421671391 28263797.0 -7036.0 -2.488784e-004
   11461 1031.534668140000100 2020 10  5 06:52:51.350665390491 28300665.3 29832.3 1.055232e-003
   11479 1033.159057710000100 2020 10  5 06:52:52.975037992001 28236156.6 -34676.4 -1.226579e-003
   11483 1033.511628140000100 2020 10  5 06:52:53.327641189098 28300500.1 29667.1 1.049389e-003
   11496 1034.672343569999600 2020 10  5 06:52:54.488326907158 28263347.7 -7485.3 -2.647711e-004
   11530 1037.781680140000200 2020 10  5 06:52:57.597664296627 28300224.6 29391.6 1.039644e-003
   11543 1038.947492430000000 2020 10  5 06:52:58.763499855995 28262914.3 -7918.7 -2.801014e-004
   11556 1040.104754000000000 2020 10  5 06:52:59.920765757561 28300045.4 29212.4 1.033305e-003
   11559 1040.370679570000000 2020 10  5 06:53:00.186666548252 28300028.3 29195.3 1.032700e-003
   11578 1042.067440429999800 2020 10  5 06:53:01.883458793163 28299895.0 29062.0 1.027985e-003
   11590 1043.132286429999800 2020 10  5 06:53:02.948268949986 28299828.2 28995.2 1.025622e-003
   11591 1043.225101140000300 2020 10  5 06:53:03.041086792946 28262489.7 -8343.3 -2.951204e-004
   11604 1044.385264569999900 2020 10  5 06:53:04.201249480247 28299739.2 28906.2 1.022474e-003
   11607 1044.653752140000100 2020 10  5 06:53:04.469765424728 28299700.9 28867.9 1.021120e-003
   11626 1046.347778290000000 2020 10  5 06:53:06.163781583309 28299561.7 28728.7 1.016196e-003
   11651 1048.664283999999700 2020 10  5 06:53:08.480284810066 28299465.9 28632.9 1.012807e-003
   11654 1048.929470000000000 2020 10  5 06:53:08.745461404324 28299373.2 28540.2 1.009528e-003
   11673 1050.627829000000000 2020 10  5 06:53:10.443822741508 28299225.6 28392.6 1.004307e-003
   11702 1053.223563710000200 2020 10  5 06:53:13.039543926716 28299009.0 28176.0 9.966456e-004
   11721 1054.911096860000000 2020 10  5 06:53:14.727082550526 28298862.0 28029.0 9.914458e-004
   11747 1057.231982000000000 2020 10  5 06:53:17.047971189022 28298659.6 27826.6 9.842865e-004
   11768 1059.196340999999800 2020 10  5 06:53:19.012354016304 28298474.9 27641.9 9.777533e-004
   11794 1061.512882140000100 2020 10  5 06:53:21.328897476196 28298255.4 27422.4 9.699891e-004
   11797 1061.780919140000200 2020 10  5 06:53:21.596930623055 28298190.3 27357.3 9.676864e-004
   11816 1063.478092140000200 2020 10  5 06:53:23.294084966183 28298081.2 27248.2 9.638273e-004
   11829 1064.640416569999600 2020 10  5 06:53:24.456420242786 28260446.8 -10386.2 -3.673822e-004
   11842 1065.798780570000000 2020 10  5 06:53:25.614772439003 28297852.1 27019.1 9.557235e-004
   11845 1066.065936710000000 2020 10  5 06:53:25.881920456886 28297830.0 26997.0 9.549418e-004
   11864 1067.767051570000100 2020 10  5 06:53:27.583057880402 28297655.8 26822.8 9.487800e-004
   11889 1070.080539430000000 2020 10  5 06:53:29.896543622017 28297424.3 26591.3 9.405913e-004
   11911 1072.041853710000200 2020 10  5 06:53:31.857868731022 28297505.5 26672.5 9.434635e-004
   11924 1073.207393430000100 2020 10  5 06:53:33.023382425308 28259642.5 -11190.5 -3.958320e-004
   11937 1074.363520569999800 2020 10  5 06:53:34.179521799088 28297027.7 26194.7 9.265627e-004
   11959 1076.328485000000000 2020 10  5 06:53:36.144467890263 28296757.1 25924.1 9.169910e-004
   11972 1077.488575140000400 2020 10  5 06:53:37.304590344429 28259250.4 -11582.6 -4.097014e-004
   12006 1080.607809710000100 2020 10  5 06:53:40.423825085163 28296264.1 25431.1 8.995526e-004
   12019 1081.773397569999800 2020 10  5 06:53:41.589379012585 28258875.5 -11957.5 -4.229624e-004
   12025 1082.301178569999800 2020 10  5 06:53:42.117197513580 28296059.2 25226.2 8.923048e-004
   12032 1082.928961290000200 2020 10  5 06:53:42.744955122471 28295992.5 25159.5 8.899455e-004
   12035 1083.195974860000000 2020 10  5 06:53:43.011982440948 28295961.8 25128.8 8.888596e-004
   12054 1084.891089710000000 2020 10  5 06:53:44.707084894180 28295754.9 24921.9 8.815411e-004
   12073 1086.588243140000000 2020 10  5 06:53:46.404239237309 28295526.6 24693.6 8.734656e-004
   12080 1087.213981290000000 2020 10  5 06:53:47.029985189438 28295466.6 24633.6 8.713433e-004
   12083 1087.479967860000200 2020 10  5 06:53:47.295966446400 28295411.1 24578.1 8.693801e-004
   12114 1090.337955430000200 2020 10  5 06:53:50.153967440128 28258143.5 -12689.5 -4.488548e-004
   12127 1091.495306710000000 2020 10  5 06:53:51.311313807964 28294913.5 24080.5 8.517789e-004
   12130 1091.760917290000000 2020 10  5 06:53:51.576932966709 28294883.1 24050.1 8.507036e-004
   12149 1093.456629430000200 2020 10  5 06:53:53.272638916969 28294645.6 23812.6 8.423027e-004
   12175 1095.771721290000000 2020 10  5 06:53:55.587733983994 28294329.2 23496.2 8.311110e-004
   12178 1096.041449139999900 2020 10  5 06:53:55.857456922531 28294277.0 23444.0 8.292646e-004
   12197 1097.737429000000000 2020 10  5 06:53:57.553444504738 28294062.0 23229.0 8.216596e-004
   12222 1100.053982140000000 2020 10  5 06:53:59.869987964630 28293726.7 22893.7 8.097993e-004
   12225 1100.321557430000200 2020 10  5 06:54:00.137538313866 28293682.4 22849.4 8.082323e-004
   12244 1102.016182430000100 2020 10  5 06:54:01.832198202610 28293439.5 22606.5 7.996404e-004
   12270 1104.332709430000000 2020 10  5 06:54:04.148701429367 28293098.6 22265.6 7.875820e-004
   12271 1104.420786860000100 2020 10  5 06:54:04.236771762371 28293077.2 22244.2 7.868251e-004
   12273 1104.595910289999900 2020 10  5 06:54:04.411906599998 28293052.0 22219.0 7.859337e-004
   12292 1106.287569860000300 2020 10  5 06:54:06.103589236736 28292790.0 21957.0 7.766662e-004
   12317 1108.611611430000000 2020 10  5 06:54:08.427616059780 28292427.7 21594.7 7.638509e-004
   12320 1108.874326999999800 2020 10  5 06:54:08.690338432789 28292381.5 21548.5 7.622167e-004
   12339 1110.571078140000100 2020 10  5 06:54:10.387090444565 28292107.4 21274.4 7.525212e-004
   12368 1113.152936859999700 2020 10  5 06:54:12.968931198120 28291683.7 20850.7 7.375340e-004
   12387 1114.844946999999800 2020 10  5 06:54:14.660935699940 28291404.5 20571.5 7.276581e-004
   12415 1117.426948569999900 2020 10  5 06:54:17.242937386036 28290946.4 20113.4 7.114541e-004
   12429 1118.678354140000000 2020 10  5 06:54:18.494348824024 28255751.0 -15082.0 -5.334827e-004
   12434 1119.123420999999800 2020 10  5 06:54:18.939407765865 28290653.5 19820.5 7.010936e-004
   12453 1120.814644859999800 2020 10  5 06:54:20.630647838116 28290351.4 19518.4 6.904077e-004
   12461 1121.527286289999900 2020 10  5 06:54:21.343297362328 28290235.3 19402.3 6.863010e-004
   12463 1121.707250430000200 2020 10  5 06:54:21.523260176182 28290186.8 19353.8 6.845854e-004
   12477 1122.955482570000000 2020 10  5 06:54:22.771493196487 28255414.0 -15419.0 -5.454031e-004
   12482 1123.393643859999900 2020 10  5 06:54:23.209632039070 28289869.2 19036.2 6.733512e-004
   12493 1124.376242289999700 2020 10  5 06:54:24.192245900631 28289604.5 18771.5 6.639882e-004
   12501 1125.093135289999700 2020 10  5 06:54:24.909119904041 28289549.0 18716.0 6.620251e-004
   12529 1127.679436859999700 2020 10  5 06:54:27.495426535606 28289065.7 18232.7 6.449297e-004
   12540 1128.660670289999900 2020 10  5 06:54:28.476672470570 28288884.8 18051.8 6.385309e-004
   12548 1129.370699000000100 2020 10  5 06:54:29.186706840992 28288722.7 17889.7 6.327971e-004
   12558 1130.268944289999800 2020 10  5 06:54:30.084951817989 28288559.2 17726.2 6.270137e-004
   12577 1131.967477000000100 2020 10  5 06:54:31.783474087715 28288216.5 17383.5 6.148917e-004
   12588 1132.949520290000000 2020 10  5 06:54:32.765524685383 28288055.1 17222.1 6.091826e-004
   12596 1133.658324429999800 2020 10  5 06:54:33.474311828613 28287878.4 17045.4 6.029324e-004
   12606 1134.550857570000100 2020 10  5 06:54:34.366843700409 28287693.3 16860.3 5.963850e-004
   12610 1134.909005000000200 2020 10  5 06:54:34.724999070168 28287612.4 16779.4 5.935234e-004
   12624 1136.242678570000000 2020 10  5 06:54:36.058687269688 28287344.9 16511.9 5.840613e-004
   12635 1137.225641570000100 2020 10  5 06:54:37.041622996330 28287153.4 16320.4 5.772876e-004
   12643 1137.937248569999800 2020 10  5 06:54:37.753266692162 28286978.4 16145.4 5.710974e-004
   12653 1138.825829430000100 2020 10  5 06:54:38.641815483570 28286794.8 15961.8 5.646031e-004
   12657 1139.183739999999700 2020 10  5 06:54:38.999729454517 28286739.6 15906.6 5.626506e-004
   12663 1139.719870140000200 2020 10  5 06:54:39.535876214504 28286594.6 15761.6 5.575216e-004
   12672 1140.520867140000300 2020 10  5 06:54:40.336877703667 28286422.3 15589.3 5.514270e-004
   12683 1141.502016429999900 2020 10  5 06:54:41.318002939224 28286199.4 15366.4 5.435425e-004
   12691 1142.217933000000100 2020 10  5 06:54:42.033951580524 28286054.0 15221.0 5.383994e-004
   12699 1142.933259140000200 2020 10  5 06:54:42.749256491661 28285890.5 15057.5 5.326161e-004
   12701 1143.111546140000000 2020 10  5 06:54:42.927529513836 28285865.2 15032.2 5.317212e-004
   12705 1143.469422569999800 2020 10  5 06:54:43.285403251648 28285789.4 14956.4 5.290399e-004
   12711 1144.003539430000000 2020 10  5 06:54:43.819538354874 28285649.1 14816.1 5.240772e-004
   12720 1144.806922860000000 2020 10  5 06:54:44.622913599014 28285766.0 14933.0 5.282122e-004
   12746 1147.220140289999800 2020 10  5 06:54:47.036137282848 28284953.2 14120.2 4.994618e-004
   12748 1147.400110430000000 2020 10  5 06:54:47.216100096703 28284897.9 14064.9 4.975057e-004
   12752 1147.760130429999900 2020 10  5 06:54:47.576146423817 28284815.6 13982.6 4.945946e-004
   12767 1149.105954430000100 2020 10  5 06:54:48.921944797039 28284505.0 13672.0 4.836080e-004
   12786 1150.795616290000000 2020 10  5 06:54:50.611615777016 28284116.7 13283.7 4.698730e-004
   12794 1151.513415709999900 2020 10  5 06:54:51.329415142536 28283926.8 13093.8 4.631558e-004
   12796 1151.692911859999900 2020 10  5 06:54:51.508895158768 28283893.0 13060.0 4.619602e-004
   12800 1152.049050710000100 2020 10  5 06:54:51.865038871765 28283826.9 12993.9 4.596221e-004
   12815 1153.387804569999800 2020 10  5 06:54:53.203796446323 28283498.9 12665.9 4.480200e-004
   12819 1153.748123290000000 2020 10  5 06:54:53.564124405384 28283418.5 12585.5 4.451761e-004
   12842 1155.798481289999900 2020 10  5 06:54:55.614485442638 28282915.1 12082.1 4.273698e-004
   12844 1155.976590710000200 2020 10  5 06:54:55.792597532272 28282867.5 12034.5 4.256861e-004
   12846 1156.153232429999700 2020 10  5 06:54:55.969220995903 28282826.6 11993.6 4.242394e-004
   12852 1156.690415429999800 2020 10  5 06:54:56.506413817406 28282687.8 11854.8 4.193297e-004
   12863 1157.672245429999700 2020 10  5 06:54:57.488263249397 28282449.0 11616.0 4.108828e-004
   12881 1159.366696860000000 2020 10  5 06:54:59.182681739330 28282031.9 11198.9 3.961291e-004
   12891 1160.259971000000200 2020 10  5 06:55:00.075978040695 28281809.5 10976.5 3.882623e-004
   12893 1160.437757140000500 2020 10  5 06:55:00.253768265247 28281762.4 10929.4 3.865963e-004
   12895 1160.616186860000000 2020 10  5 06:55:00.432202219963 28281741.1 10908.1 3.858429e-004
   12910 1161.955088860000200 2020 10  5 06:55:01.771080493927 28281387.5 10554.5 3.733353e-004
   12929 1163.657195569999900 2020 10  5 06:55:03.473183512688 28280951.9 10118.9 3.579272e-004
   12939 1164.548996860000000 2020 10  5 06:55:04.364991188049 28280725.9 9892.9 3.499331e-004
   12941 1164.727777290000200 2020 10  5 06:55:04.543787240982 28280693.3 9860.3 3.487800e-004
   12943 1164.907761290000300 2020 10  5 06:55:04.723750054836 28280628.1 9795.1 3.464737e-004
   12958 1166.236307290000000 2020 10  5 06:55:06.052288413048 28280274.2 9441.2 3.339555e-004
   12969 1167.216222430000000 2020 10  5 06:55:07.032206654549 28280092.6 9259.6 3.275319e-004
   12977 1167.931982860000100 2020 10  5 06:55:07.747994363308 28279836.1 9003.1 3.184590e-004
   12986 1168.821940859999800 2020 10  5 06:55:08.637951314449 28279603.1 8770.1 3.102172e-004
   12988 1169.001995570000000 2020 10  5 06:55:08.817994594574 28279553.4 8720.4 3.084593e-004
   12990 1169.181944859999700 2020 10  5 06:55:08.997957408428 28279509.7 8676.7 3.069135e-004
   13016 1171.494950860000000 2020 10  5 06:55:11.310960352421 28278890.1 8057.1 2.849969e-004
   13024 1172.208933290000000 2020 10  5 06:55:12.024937570095 28278705.7 7872.7 2.784743e-004
   13032 1172.923674290000000 2020 10  5 06:55:12.739679217339 28278505.4 7672.4 2.713892e-004
   13034 1173.103661140000200 2020 10  5 06:55:12.919642031193 28278467.6 7634.6 2.700522e-004
   13036 1173.283633000000000 2020 10  5 06:55:13.099645078182 28278415.8 7582.8 2.682199e-004
   13038 1173.461608000000100 2020 10  5 06:55:13.277596235275 28278369.6 7536.6 2.665857e-004
   13064 1175.778540710000000 2020 10  5 06:55:15.594542026520 28277730.5 6897.5 2.439794e-004
   13072 1176.491174710000000 2020 10  5 06:55:16.307191550732 28277549.5 6716.5 2.375770e-004
   13074 1176.667154710000000 2020 10  5 06:55:16.483171284199 28277503.5 6670.5 2.359499e-004
   13085 1177.728285140000300 2020 10  5 06:55:17.544279992580 28277250.8 6417.8 2.270114e-004
   13100 1179.063194569999700 2020 10  5 06:55:18.879175186157 28276834.9 6001.9 2.123001e-004
   13105 1179.509610430000100 2020 10  5 06:55:19.325602054596 28276731.8 5898.8 2.086532e-004
   13108 1179.779883290000000 2020 10  5 06:55:19.595888257027 28276648.1 5815.1 2.056926e-004
   13111 1180.046311289999900 2020 10  5 06:55:19.862312078476 28276578.6 5745.6 2.032342e-004
   13119 1180.756247710000000 2020 10  5 06:55:20.572265982628 28276381.5 5548.5 1.962623e-004
   13121 1180.936195860000200 2020 10  5 06:55:20.752188563347 28276341.9 5508.9 1.948616e-004
   13127 1181.472585140000300 2020 10  5 06:55:21.288576722145 28276168.6 5335.6 1.887316e-004
   13129 1181.649518429999900 2020 10  5 06:55:21.465522050858 28276117.8 5284.8 1.869347e-004
   13133 1182.006504430000200 2020 10  5 06:55:21.822510659695 28276024.4 5191.4 1.836310e-004
   13148 1183.341172569999800 2020 10  5 06:55:23.157164454460 28275647.5 4814.5 1.702992e-004
   13156 1184.053734140000000 2020 10  5 06:55:23.869733512402 28275443.7 4610.7 1.630903e-004
   13166 1185.017419000000000 2020 10  5 06:55:24.833437800407 28275183.0 4350.0 1.538688e-004
   13168 1185.197611289999900 2020 10  5 06:55:25.013601779938 28275116.5 4283.5 1.515166e-004
   13174 1185.720541860000100 2020 10  5 06:55:25.536552071571 28274951.4 4118.4 1.456766e-004
   13176 1185.889869430000100 2020 10  5 06:55:25.705853104591 28274933.1 4100.1 1.450293e-004
