    22  2.04236600  28285985.00  
    40  3.66224143  28285750.00  
    70  6.36222814  28285320.00  
    88  7.98241414  28285060.00  
   118  10.68220171  28284620.00  
   136  12.30217043  28284355.00  
   166  15.00214686  28283930.00  
   184  16.62213557  28283650.00  
   214  19.32220200  28283195.00  
   232  20.94211129  28282920.00  
   262  23.64208143  28282435.00  
   280  25.26207700  28282175.00  
   310  27.96204771  28281680.00  
   328  29.58204114  28281410.00  
   358  32.28202957  28280920.00  
   376  33.90201529  28280635.00  
   406  36.60204914  28280145.00  
   424  38.22198271  28279840.00  
   454  40.92195886  28279335.00  
   472  42.54194414  28279045.00  
   487  43.89195757  28278785.00  
   502  45.24195986  28278525.00  
   520  46.86192957  28278225.00  
   535  48.21192471  28277970.00  
   550  49.56192643  28277705.00  
   568  51.18190929  28277395.00  
   583  52.53189943  28277135.00  
   598  53.88191857  28276865.00  
   616  55.50189500  28276560.00  
   631  56.85188929  28276295.00  
   646  58.20216643  28276040.00  
   664  59.82188414  28275715.00  
   679  61.17187529  28275455.00  
   694  62.52233457  28275210.00  
   712  64.14187071  28274860.00  
   727  65.49185743  28274590.00  
   760  68.46185343  28274010.00  
   772  69.54229829  28273800.00  
   775  69.81184886  28273730.00  
   784  70.62208929  28273560.00  
   799  71.97186900  28273305.00  
   802  72.24225186  28273250.00  
   808  72.78184586  28273145.00  
   823  74.13184614  28272865.00  
   835  75.21255629  28272635.00  
   847  76.29187486  28272435.00  
   850  76.56201657  28272380.00  
   856  77.10184471  28272275.00  
   868  78.18187143  28272065.00  
   871  78.45184486  28272000.00  
   883  79.53200671  28271765.00  
   895  80.61184000  28271570.00  
   898  80.88266314  28271500.00  
   904  81.42183500  28271405.00  
   916  82.50186657  28271185.00  
   919  82.77184171  28271130.00  
   931  83.85188643  28270895.00  
   943  84.93184186  28270690.00  
   952  85.74184071  28270540.00  
   964  86.82232329  28270310.00  
   967  87.09186329  28270255.00  
   991  89.25185914  28269825.00  
  1000  90.06185429  28269655.00  
  1015  91.41211429  28269385.00  
  1039  93.57184300  28268955.00  
  1048  94.38184486  28268800.00  
  1087  97.89185129  28268095.00  
  1096  98.70185643  28267935.00  
  1135  102.21188614  28267230.00  
  1144  103.02188100  28267065.00  
  1156  104.10223957  28266865.00  
  1183  106.53188371  28266380.00  
  1192  107.34188371  28266225.00  
  1204  108.42194386  28266005.00  
  1231  110.85189514  28265530.00  
  1234  111.12194829  28265475.00  
  1240  111.66188814  28265370.00  
  1252  112.74189271  28265160.00  
  1267  114.09223071  28264900.00  
  1279  115.17190671  28264700.00  
  1282  115.44191786  28264630.00  
  1288  115.98190900  28264530.00  
  1300  117.06191114  28264330.00  
  1315  118.41192986  28264060.00  
  1327  119.49193029  28263860.00  
  1330  119.76195914  28263810.00  
  1336  120.30192514  28263705.00  
  1348  121.38192257  28263500.00  
  1363  122.73194786  28263230.00  
  1375  123.81210500  28263045.00  
  1384  124.62194657  28262890.00  
  1396  125.70194086  28262690.00  
  1411  127.05195929  28262435.00  
  1432  128.94196329  28262085.00  
  1444  130.02197014  28261885.00  
  1459  131.37198871  28261635.00  
  1480  133.26199843  28261295.00  
  1492  134.34198829  28261095.00  
  1507  135.69201171  28260855.00  
  1522  137.04237157  28260615.00  
  1528  137.58202471  28260520.00  
  1540  138.66201529  28260320.00  
  1552  139.74216243  28260130.00  
  1555  140.01203429  28260090.00  
  1570  141.36205257  28259845.00  
  1576  141.90205029  28259745.00  
  1588  142.98204914  28259555.00  
  1600  144.06207914  28259360.00  
  1603  144.33207871  28259320.00  
  1618  145.68207443  28259095.00  
  1624  146.22226971  28258995.00  
  1636  147.30208086  28258810.00  
  1648  148.38217243  28258630.00  
  1651  148.65211029  28258595.00  
  1666  150.00210129  28258355.00  
  1684  151.62212271  28258090.00  
  1696  152.70275943  28257895.00  
  1699  152.97221686  28257855.00  
  1714  154.32213729  28257635.00  
  1732  155.94224543  28257365.00  
  1744  157.02240586  28257215.00  
  1747  157.29218157  28257150.00  
  1762  158.64216471  28256935.00  
  1768  159.18219329  28256850.00  
  1780  160.26282229  28256675.00  
  1792  161.34242586  28256515.00  
  1795  161.61228600  28256465.00  
  1810  162.96220657  28256250.00  
  1816  163.50221529  28256175.00  
  1843  165.93224471  28255780.00  
  1858  167.28224343  28255580.00  
  1864  167.82227729  28255500.00  
  1891  170.25241200  28255125.00  
  1906  171.60228186  28254925.00  
  1912  172.14234186  28254845.00  
  1936  174.30236014  28254540.00  
  1939  174.57232429  28254495.00  
  1954  175.92232671  28254295.00  
  1960  176.46237614  28254220.00  
  1984  178.62237829  28253910.00  
  1987  178.89238200  28253875.00  
  2002  180.24237414  28253680.00  
  2008  180.78239329  28253605.00  
  2024  182.22306714  28253375.00  
  2032  182.94241386  28253300.00  
  2035  183.21243029  28253265.00  
  2050  184.56242129  28253080.00  
  2056  185.10284857  28253020.00  
  2077  186.99321814  28252720.00  
  2080  187.26245514  28252725.00  
  2083  187.53247243  28252670.00  
  2098  188.88248086  28252500.00  
  2125  191.31274371  28252180.00  
  2128  191.58250329  28252145.00  
  2131  191.85250986  28252110.00  
  2146  193.20253243  28251930.00  
  2176  195.90255186  28251590.00  
  2179  196.17257714  28251570.00  
  2194  197.52257914  28251395.00  
  2221  199.95263214  28251090.00  
  2224  200.22260514  28251055.00  
  2227  200.49264157  28251025.00  
  2242  201.84269557  28250855.00  
  2269  204.27267271  28250555.00  
  2272  204.54265629  28250535.00  
  2290  206.16269157  28250340.00  
  2320  208.86270657  28250035.00  
  2365  212.91279357  28249600.00  
  2368  213.18276114  28249545.00  
  2416  217.50282786  28249075.00  
  2461  221.55335029  28248675.00  
  2464  221.82290200  28248625.00  
  2509  225.87298243  28248200.00  
  2512  226.14296614  28248175.00  
  2542  228.84325686  28247935.00  
  2560  230.46301457  28247750.00  
  2605  234.51307914  28247375.00  
  2608  234.78316700  28247350.00  
  2638  237.48327114  28247105.00  
  2656  239.10383500  28246950.00  
  2734  246.12348214  28246335.00  
  2926  263.40410371  28244965.00  
  2974  267.72359657  28244645.00  
  3022  272.04430729  28244340.00  
  3166  285.00389371  28243515.00  
  3262  293.64450643  28243005.00  
  3358  302.28449829  28242540.00  
  3502  315.24439686  28241865.00  
  3600  324.06633786  28301545.00  
  3647  328.29395086  28278595.00  
  3695  332.61390971  28278015.00  
  3697  332.79568686  28241135.00  
  3740  336.66444429  28277465.00  
  3743  336.93388214  28277445.00  
  3745  337.11480300  28240945.00  
  3788  340.98419729  28276885.00  
  3791  341.25384943  28276855.00  
  3793  341.43488186  28240755.00  
  3836  345.30461371  28276325.00  
  3839  345.57382957  28276265.00  
  3884  349.62432000  28275740.00  
  3886  349.80506286  28240460.00  
  3887  349.89381957  28275675.00  
  3889  350.07536786  28240450.00  
  3935  354.21380657  28275075.00  
  3937  354.39510686  28240305.00  
  3983  358.53379500  28274465.00  
  3985  358.71520214  28240145.00  
  4031  362.85379400  28273870.00  
  4033  363.03528314  28240015.00  
  4079  367.17378400  28273255.00  
  4081  367.35537471  28239875.00  
  4127  371.49377686  28272650.00  
  4128  371.58535386  28299915.00  
  4129  371.67564657  28239750.00  
  4175  375.81376900  28272035.00  
  4176  375.90526329  28299715.00  
  4177  375.99656771  28239540.00  
  4223  380.13398700  28271425.00  
  4224  380.22520314  28299550.00  
  4272  384.54513800  28299355.00  
  4320  388.86512286  28299140.00  
  4364  392.82378643  28269645.00  
  4367  393.09387214  28269585.00  
  4416  397.50489714  28298740.00  
  4508  405.78382057  28267805.00  
  4512  406.14475400  28298290.00  
  4556  410.10379814  28267195.00  
  4560  410.46469400  28298065.00  
  4604  414.42380657  28266590.00  
  4652  418.74382129  28265990.00  
  4656  419.10463871  28297580.00  
  4671  420.45409829  28265755.00  
  4700  423.06383571  28265400.00  
  4704  423.42479157  28297345.00  
  4746  427.20439914  28297105.00  
  4748  427.38384414  28264805.00  
  4752  427.74438086  28297070.00  
  4767  429.09388214  28264580.00  
  4794  431.52434486  28296840.00  
  4796  431.70386057  28264220.00  
  4800  432.06431857  28296795.00  
  4815  433.41388171  28263980.00  
  4842  435.84427186  28296560.00  
  4844  436.02388586  28263635.00  
  4848  436.38424886  28296515.00  
  4863  437.73390286  28263410.00  
  4890  440.16418914  28296260.00  
  4892  440.34390100  28263065.00  
  4911  442.05391043  28262835.00  
  4940  444.66394057  28262490.00  
  4959  446.37392686  28262265.00  
  4986  448.80407329  28295655.00  
  4988  448.98397471  28261925.00  
  4992  449.34406900  28295620.00  
  5007  450.69400671  28261700.00  
  5034  453.12399614  28295335.00  
  5036  453.30446271  28261365.00  
  5055  455.01399143  28261145.00  
  5082  457.44391771  28295005.00  
  5103  459.33400671  28260595.00  
  5130  461.76385443  28294670.00  
  5151  463.65403786  28260055.00  
  5178  466.08380229  28294320.00  
  5195  467.61393814  28294210.00  
  5199  467.97408743  28259525.00  
  5210  468.96405314  28294085.00  
  5226  470.40373014  28293965.00  
  5243  471.93403614  28293830.00  
  5247  472.29409857  28258995.00  
  5274  474.72366829  28293585.00  
  5295  476.61413443  28258470.00  
  5306  477.60385143  28293330.00  
  5343  480.93417443  28257950.00  
  5391  485.25458843  28257460.00  
  5402  486.24352257  28292545.00  
  5450  490.56345443  28292130.00  
  5489  494.07389343  28291785.00  
  5498  494.88340743  28291705.00  
  5546  499.20335214  28291255.00  
  5594  503.52329057  28290810.00  
  5642  507.84323586  28290340.00  
  5656  509.10324786  28290205.00  
  5675  510.81337143  28290035.00  
  5690  512.16318843  28289865.00  
  5704  513.42338314  28289725.00  
  5738  516.48313657  28289370.00  
  5752  517.74348800  28289220.00  
  5771  519.45385614  28289010.00  
  5786  520.80308471  28288870.00  
  5800  522.06309314  28288710.00  
  5819  523.77341143  28288515.00  
  5834  525.12304129  28288345.00  
  5848  526.38381886  28288190.00  
  5896  530.70301500  28287665.00  
  5944  535.02330186  28287100.00  
  5963  536.73376114  28286860.00  
  5992  539.34291171  28286540.00  
  6040  543.66286700  28285965.00  
  6088  547.98282686  28285375.00  
  6118  550.68318943  28284995.00  
  6136  552.30364786  28284775.00  
  6184  556.62350843  28284155.00  
  6232  560.94274343  28283525.00  
  6262  563.64329186  28283150.00  
  6280  565.26268814  28282875.00  
  6328  569.58265286  28282235.00  
  6358  572.28267957  28281805.00  
  6376  573.90261771  28281555.00  
  6406  576.60336086  28281150.00  
  6424  578.22259871  28280895.00  
  6472  582.54255900  28280200.00  
  6484  583.62280386  28280035.00  
  6487  583.89255557  28279980.00  
  6520  586.86254600  28279490.00  
  6535  588.21253886  28279280.00  
  6559  590.37263686  28278905.00  
  6568  591.18252586  28278790.00  
  6583  592.53250743  28278565.00  
  6607  594.69252214  28278215.00  
  6616  595.50250200  28278075.00  
  6628  596.58258114  28277910.00  
  6631  596.85248357  28277845.00  
  6664  599.82248157  28277345.00  
  6679  601.17246300  28277115.00  
  6712  604.14247357  28276605.00  
  6727  605.49244586  28276380.00  
  6760  608.46244657  28275865.00  
  6775  609.81242343  28275640.00  
  6808  612.78244271  28275120.00  
  6823  614.13242029  28274885.00  
  6856  617.10242500  28274375.00  
  6871  618.45241343  28274135.00  
  6895  620.61299143  28273750.00  
  6904  621.42242571  28273615.00  
  6919  622.77241686  28273375.00  
  6943  624.93254714  28272990.00  
  6952  625.74325329  28272845.00  
  6964  626.82250171  28272680.00  
  6967  627.09240800  28272620.00  
  6991  629.25240386  28272235.00  
  7000  630.06247557  28272085.00  
  7012  631.14255729  28271900.00  
  7015  631.41239371  28271860.00  
  7039  633.57239614  28271470.00  
  7042  633.84270857  28271440.00  
  7048  634.38241029  28271325.00  
  7060  635.46242214  28271130.00  
  7063  635.73240500  28271090.00  
  7087  637.89240557  28270710.00  
  7096  638.70240486  28270565.00  
  7111  640.05262429  28270330.00  
  7135  642.21240971  28269945.00  
  7144  643.02241800  28269805.00  
  7183  646.53241314  28269175.00  
  7192  647.34242086  28269040.00  
  7207  648.69316514  28268810.00  
  7231  650.85240914  28268420.00  
  7240  651.66242200  28268270.00  
  7279  655.17241343  28267660.00  
  7288  655.98243429  28267515.00  
  7327  659.49242329  28266915.00  
  7336  660.30244600  28266770.00  
  7348  661.38261571  28266580.00  
  7375  663.81243629  28266165.00  
  7378  664.08248657  28266090.00  
  7384  664.62249157  28266015.00  
  7396  665.70244486  28265840.00  
  7423  668.13245443  28265415.00  
  7426  668.40300229  28265370.00  
  7432  668.94246714  28265270.00  
  7444  670.02245414  28265095.00  
  7471  672.45246500  28264685.00  
  7474  672.72281000  28264620.00  
  7480  673.26247657  28264550.00  
  7492  674.34247014  28264355.00  
  7519  676.77248214  28263960.00  
  7522  677.04248686  28263905.00  
  7528  677.58249957  28263825.00  
  7540  678.66248414  28263635.00  
  7544  679.02263214  28263570.00  
  7555  680.01279300  28263405.00  
  7567  681.09252171  28263235.00  
  7576  681.90252000  28263095.00  
  7588  682.98250871  28262920.00  
  7624  686.22253786  28262385.00  
  7636  687.30252857  28262215.00  
  7672  690.54256929  28261685.00  
  7684  691.62255086  28261510.00  
  7688  691.98308729  28261460.00  
  7720  694.86263786  28260995.00  
  7732  695.94258043  28260830.00  
  7762  698.64272286  28260400.00  
  7768  699.18268814  28260320.00  
  7780  700.26261500  28260150.00  
  7792  701.34296814  28260005.00  
  7810  702.96263100  28259740.00  
  7816  703.50266071  28259640.00  
  7828  704.58263814  28259490.00  
  7858  707.28266514  28259075.00  
  7876  708.90268271  28258830.00  
  7906  711.60269929  28258425.00  
  7924  713.22271000  28258200.00  
  7954  715.92272229  28257795.00  
  7972  717.54274786  28257565.00  
  8002  720.24275329  28257180.00  
  8008  720.78370929  28257060.00  
  8020  721.86279157  28256950.00  
  8050  724.56280014  28256570.00  
  8068  726.18375943  28256370.00  
  8098  728.88284343  28255970.00  
  8146  733.20288386  28255400.00  
  8194  737.52291414  28254835.00  
  8200  738.06299243  28254760.00  
  8224  740.22297329  28254490.00  
  8242  741.84296143  28254280.00  
  8248  742.38298771  28254215.00  
  8269  744.27336100  28253960.00  
  8272  744.54306814  28253955.00  
  8275  744.81319214  28253920.00  
  8290  746.16301114  28253740.00  
  8296  746.70317986  28253680.00  
  8317  748.59371543  28253405.00  
  8320  748.86305214  28253410.00  
  8338  750.48304629  28253220.00  
  8344  751.02313100  28253165.00  
  8368  753.18310129  28252885.00  
  8386  754.80310686  28252710.00  
  8413  757.23345186  28252455.00  
  8416  757.50313586  28252390.00  
  8419  757.77337400  28252350.00  
  8434  759.12317071  28252210.00  
  8440  759.66432643  28252105.00  
  8464  761.82320357  28251920.00  
  8482  763.44322186  28251730.00  
  8512  766.14323086  28251435.00  
  8530  767.76328814  28251245.00  
  8560  770.46328986  28250965.00  
  8578  772.08350000  28250795.00  
  8608  774.78354500  28250520.00  
  8626  776.40348929  28250350.00  
  8656  779.10339271  28250080.00  
  8701  783.15431957  28249680.00  
  8704  783.42344900  28249650.00  
  8752  787.74366243  28249245.00  
  8800  792.06378571  28248850.00  
  8848  796.38363271  28248450.00  
  8896  800.70371814  28248075.00  
  8944  805.02383729  28247725.00  
  8988  808.98459457  28287460.00  
  9022  812.04385200  28247120.00  
  9088  817.98403000  28246680.00  
  9184  826.62468057  28246060.00  
  9263  833.73386571  28284485.00  
  9358  842.28437743  28245000.00  
  9454  850.92516871  28244460.00  
  9550  859.56502043  28243975.00  
  9612  865.14337214  28280240.00  
  9646  868.20477657  28243515.00  
  9694  872.52480671  28243300.00  
  9695  872.61348929  28279170.00  
  9742  876.84491829  28243080.00  
  9743  876.93328300  28278530.00  
  9790  881.16496757  28242875.00  
  9791  881.25327243  28277885.00  
  9836  885.30383286  28277285.00  
  9838  885.48502829  28242670.00  
  9839  885.57324029  28277240.00  
  9852  886.74337014  28277065.00  
  9886  889.80521786  28242480.00  
  9887  889.89322357  28276580.00  
  9900  891.06359414  28276390.00  
  9934  894.12518000  28242285.00  
  9935  894.21320557  28275920.00  
  9982  898.44526843  28242125.00  
  9983  898.53318814  28275255.00  
  9984  898.62682614  28299450.00  
