     7  0.64880929  28292551.10  
    35  3.17908100  28292235.20  
    53  4.83266800  28292019.20  
    81  7.34245829  28291686.40  
   100  9.00387071  28291479.00  
   128  11.58710800  28291133.50  
   140  12.65301700  28290999.60  
   147  13.27462757  28290923.90  
   168  15.14400800  28290641.60  
   176  15.85623643  28290549.00  
   194  17.54127871  28290312.20  
   215  19.40761286  28290056.70  
   223  20.11798714  28289964.10  
   242  21.81045186  28289729.60  
   263  23.68043243  28289529.50  
   310  27.94475457  28288810.50  
   318  28.65209143  28288712.70  
   358  32.22199414  28288170.00  
   405  36.49899114  28287493.30  
   413  37.21065029  28287384.90  
   460  41.47790557  28286687.80  
   500  45.03486486  28286095.50  
   508  45.74293257  28285981.90  
   547  49.30262271  28285360.30  
   555  50.01112614  28285236.40  
   567  51.07933086  28285055.60  
   595  53.57385186  28284607.40  
   603  54.28472300  28284491.60  
   642  57.83755271  28283832.70   
   650  58.55013757  28283711.30  
   690  62.10888171  28283059.40  
   737  66.37209229  28282248.90  
   745  67.08704814  28282109.70  
   792  71.35824443  28281273.10  
   832  74.91761986  28280577.20  
   840  75.62513471  28280435.30  
   844  75.97981529  28280365.50  
   879  79.18217357  28279722.50  
   887  79.89421100  28279467.50  
   891  80.25328029  28279515.30  
   927  83.46206800  28278847.00  
   935  84.17848386  28278710.70  
   939  84.53209757  28278624.20  
   962  86.58437671  28278232.30  
   974  87.73355786  28277964.70  
   977  87.99959400  28277920.70  
   980  88.26992743  28277851.40  
   982  88.44874114  28277820.20  
   986  88.80576886  28277740.90  
  1009  90.85229771  28277308.80  
  1022  92.00680414  28277066.00  
  1025  92.27506314  28277012.90  
  1028  92.54098629  28276923.70  
  1030  92.72046714  28276915.60  
  1034  93.07670743  28276839.70  
  1056  95.12218929  28276402.80  
  1069  96.27764443  28276061.80  
  1072  96.54716743  28276093.00  
  1075  96.81089257  28276067.50  
  1077  96.98882900  28276005.40  
  1081  97.34409629  28275940.80  
  1101  99.12478614  28275533.40  
  1104  99.39296071  28275484.40  
  1117  100.55156786  28275241.70  
  1123  101.08355586  28275116.70  
  1129  101.61861971  28275014.10  
  1151  103.66417814  28274565.00  
  1164  104.82380086  28274315.00  
  1170  105.35632157  28274176.90  
  1176  105.89080114  28274060.20  
  1199  107.93458771  28273633.20  
  1212  109.08990743  28273431.10  
  1218  109.62217571  28273266.10  
  1246  112.20565871  28272695.70  
  1259  113.36791771  28272440.00  
  1262  113.63408529  28272368.70  
  1265  113.90399129  28272344.20  
  1267  114.08051971  28272288.90  
  1279  115.14768643  28272045.40  
  1291  116.21715543  28271817.40  
  1294  116.48403457  28271757.60  
  1307  117.64023429  28271503.10  
  1310  117.91029000  28271458.20   
  1313  118.17899814  28271439.40  
  1315  118.35609286  28271366.00  
  1338  120.49403300  28270868.80  
  1341  120.76402443  28270819.40  
  1354  121.92123929  28270558.80  
  1357  122.18876714  28270500.70  
  1360  122.45545629  28270475.90  
  1362  122.63376529  28270391.00  
  1374  123.70726429  28270176.00  
  1386  124.77350471  28269938.00  
  1389  125.03657100  28269678.20  
  1402  126.19516329  28269665.60  
  1405  126.46314657  28269564.20  
  1408  126.73001329  28269501.40  
  1410  126.90486186  28269464.80  
  1421  127.97295629  28269222.90  
  1433  129.04137171  28268994.20  
  1436  129.30561243  28268923.90  
  1449  130.46581714  28268681.60  
  1452  130.73415657  28268633.40  
  1455  131.00269329  28268572.90  
  1457  131.18021343  28268537.90  
  1481  133.32455629  28268053.30  
  1484  133.59090357  28267991.20  
  1497  134.74485100  28267748.80  
  1500  135.00787071  28267665.60  
  1503  135.27751400  28267619.20  
  1505  135.45751500  28267600.30  
  1528  137.59799200  28267124.90  
  1544  139.02557743  28266815.50  
  1550  139.56283829  28266704.10  
  1564  140.80655243  28266423.50  
  1576  141.86769229  28266198.40  
  1592  143.29447700  28265895.40  
  1595  143.56297171  28265838.70  
  1598  143.83178414  28265781.90  
  1623  146.14309100  28265288.90  
  1639  147.56856771  28264980.60  
  1641  147.74511300  28264846.00  
  1642  147.83258014  28264924.10  
  1645  148.09908971  28264862.70  
  1659  149.35027157  28264610.30  
  1671  150.41601814  28264376.80  
  1687  151.84068500  28264078.60  
  1689  152.01696429  28263831.60  
  1690  152.10688500  28263880.00  
  1693  152.37200157  28263968.00  
  1706  153.61865529  28263708.40  
  1718  154.68770214  28263598.00  
  1719  154.77786043  28263494.60  
  1734  156.11091071  28263182.00  
  1737  156.37784343  28263128.20  
  1740  156.64477814  28263342.80  
  1746  157.17972929  28262959.90  
  1754  157.88801029  28262821.20  
  1766  158.95686171  28262584.00  
  1782  160.38543029  28262311.90  
  1801  162.15970429  28261943.00  
  1813  163.23013129  28261732.60  
  1829  164.65646329  28261445.50  
  1832  164.91960386  28261388.10  
  1835  165.18931257  28261334.60  
  1841  165.72568600  28261237.00  
  1849  166.43766629  28261079.10  
  1877  168.93198200  28260592.30  
  1888  169.99736629  28260391.40  
  1924  173.21248057  28259763.30  
  1927  173.48174557  28259705.60  
  1930  173.74737757  28259659.60  
  1936  174.28220571  28259551.80  
  1944  174.99173771  28259400.00  
  1972  177.48577443  28258940.60  
  1975  177.75315057  28258894.20  
  1991  179.27085557  28258611.80  
  2009  180.87243357  28258319.50  
  2019  181.76587571  28258146.60  
  2022  182.03324757  28258101.40  
  2025  182.29799671  28258042.70  
  2031  182.83253357  28257954.00  
  2039  183.54106214  28257822.70  
  2057  185.14596771  28257529.60  
  2067  186.03633529  28257305.50  
  2070  186.30217086  28257321.10  
  2086  187.81648000  28257046.00  
  2104  189.42427357  28256771.00  
  2114  190.31233629  28256601.50  
  2117  190.57628543  28256561.20  
  2134  192.09051557  28256295.60  
  2140  192.62529414  28256211.70  
  2173  195.64571186  28255686.10  
  2181  196.35586471  28255564.60  
  2187  196.88700714  28255483.70  
  2209  198.84749586  28255139.80  
  2212  199.11160043  28255377.40  
  2215  199.37640700  28255062.00  
  2229  200.62420600  28254849.90  
  2235  201.16021429  28254769.60  
  2256  203.12213114  28254439.70  
  2262  203.65161829  28254355.40  
  2276  204.89839114  28254161.50  
  2282  205.42882329  28254089.20  
  2304  207.38846100  28253759.70  
  2310  207.91624571  28253671.00  
  2324  209.16717929  28253489.70  
  2330  209.70483686  28253398.80  
  2341  210.77241271  28253234.50  
  2351  211.66182057  28253103.30  
  2357  212.19496657  28253029.90   
  2371  213.44027700  28252832.10  
  2377  213.97619414  28252751.70  
  2389  215.04219114  28252590.90  
  2399  215.92702029  28252470.10  
  2405  216.46570514  28252372.60  
  2419  217.71287057  28252206.80  
  2436  219.31412757  28251972.50  
  2446  220.20089600  28251857.60  
  2452  220.73729200  28251768.80  
  2466  221.98275557  28251583.40  
  2472  222.51795657  28251505.80  
  2484  223.58628500  28251363.90  
  2513  226.25213143  28250908.70  
  2519  226.78625843  28250925.50  
  2531  227.86163471  28250779.70  
  2547  229.29446743  28250590.90   
  2561  230.55386843  28250422.00  
  2567  231.09076857  28250356.30  
  2579  232.16014714  28250449.20  
  2595  233.58620114  28250043.80  
  2609  234.83313257  28249870.60  
  2615  235.36778886  28249798.10  
  2627  236.43836386  28249669.10  
  2642  237.86227043  28249503.80  
  2656  239.10847814  28249333.70  
  2662  239.64565871  28249263.30  
  2674  240.71811486  28249139.10  
  2690  242.14127914  28248963.30  
  2704  243.38364229  28248813.70  
  2710  243.91590614  28248756.80  
  2722  244.98757671  28248845.00  
  2751  247.65773400  28248321.30  
  2757  248.18718486  28248168.90  
  2769  249.25791086  28248139.60  
  2785  250.68575886  28247974.50  
  2805  252.45518200  28247768.60  
  2816  253.52196214  28247665.80  
  2844  256.02037514  28247403.40  
  2852  256.74007014  28247328.20  
  2864  257.80931971  28247212.80  
  2912  262.08412700  28246762.00  
  2913  262.17906743  28305635.90  
  2959  266.35993129  28246345.00  
  3007  270.63568886  28245922.80  
  3054  274.90187157  28245545.80  
  3055  274.99499586  28305566.80  
  3082  277.39328814  28245329.30  
  3129  281.66830714  28244953.30  
  3149  283.44056714  28244786.90  
  3177  285.94178600  28244585.00  
  3224  290.21557514  28244255.70  
  3244  291.99532200  28244114.30  
  3245  292.08886514  28305437.60  
  3272  294.48787114  28243924.30  
  3319  298.76429343  28243616.50  
  3339  300.54766114  28243478.00  
  3355  301.97097443  28243370.30  
  3367  303.03863457  28243293.00  
  3402  306.24504600  28243107.20  
  3414  307.31584643  28242998.30  
  3462  311.58860700  28242722.70  
  3509  315.85627843  28242434.00  
  3604  324.41206457  28241925.90  
  3652  328.68513314  28241689.80  
  3699  332.96602771  28241453.70  
  3720  334.84056743  28304889.90  
  3722  335.01875071  28241363.20  
  3746  337.15652129  28304846.80  
  3747  337.24422686  28241230.50  
  3794  341.51438200  28241014.60  
  3842  345.78893343  28240801.10  
  3864  347.83169514  28240717.80  
  3889  350.06232100  28240607.80  
  3910  351.93088786  28304640.10  
  3912  352.10716300  28240505.70  
  3936  354.24749600  28304581.60  
  3937  354.33456443  28240407.10  
  3959  356.38526314  28240320.20  
  3983  358.52249343  28304499.60  
  3984  358.60966971  28240230.40  
  4007  360.66269300  28240140.70  
  4032  362.88585571  28240045.30  
  4037  363.33475514  28240017.00  
  4054  364.94050029  28239966.00  
  4078  367.08480429  28304328.20  
  4079  367.17353814  28239866.00  
  4102  369.22655586  28239809.80  
  4126  371.36443314  28304239.20  
  4127  371.45332886  28239725.50  
  4173  375.63617000  28303878.00  
  4197  377.77126000  28239441.00  
  4221  379.91009971  28304022.50  
  4268  384.18978143  28303917.20  
  4269  384.27977471  28239199.90  
  4290  386.15312571  28303853.70  
  4292  386.33280843  28239194.40  
  4316  388.47083700  28303820.40  
  4317  388.56105571  28239124.00  
  4338  390.43707014  28303767.40  
  4340  390.61655229  28239048.90  
  4385  394.70801857  28303622.80  
  4387  394.88645257  28238906.30  
  4411  397.02459471  28303617.30  
  4435  399.15930171  28238779.30  
  4458  401.29448614  28303463.90  
  4482  403.42723800  28238657.00  
  4506  405.56408714  28303338.00  
  4530  407.70293814  28238553.20  
  4553  409.83778443  28303208.70  
  4577  411.97643529  28238425.90  
  4601  414.11310671  28303064.10  
  4648  418.38363143  28302832.20  
  4672  420.52344786  28238195.00  
  4696  422.66367557  28302763.90  
  4767  429.06933029  28237997.30  
  4814  433.33629871  28237905.50  
  4862  437.61435314  28237802.80  
  4935  444.19762286  28266996.50  
  4957  446.15884414  28237655.60  
  5004  450.42883171  28237556.90  
  5030  452.74783529  28265986.20  
  5052  454.70826029  28237482.90  
  5099  458.98510229  28237409.50  
  5125  461.29550886  28265015.10  
  5146  463.16463629  28264797.20  
  5147  463.25361843  28237328.60  
  5193  467.43269257  28264321.00  
  5194  467.52321714  28237252.70  
  5220  469.83892114  28264058.10  
  5241  471.70526514  28263829.80  
  5242  471.79641943  28237204.00  
  5275  474.82825986  28300099.10  
  5288  475.98914800  28263348.30  
  5289  476.07885286  28237200.90  
  5323  479.10296986  28300025.60  
  5336  480.26352971  28262900.00  
  5337  480.35473757  28237071.90  
  5352  481.69441614  28299856.10  
  5383  484.54861471  28262431.00  
  5384  484.64084543  28237032.50  
  5396  485.70776914  28299566.20  
  5418  487.66821143  28299417.70  
  5431  488.82695500  28261976.50  
  5432  488.91898571  28236961.20  
  5478  493.10012900  28261504.60  
  5513  496.21285386  28298803.10  
  5526  497.36822300  28261053.10  
  5560  500.48028886  28298477.70  
  5573  501.64195743  28260615.70  
  5608  504.75463400  28298138.90  
  5621  505.91168286  28260167.00  
  5655  509.02406400  28297765.40  
  5668  510.17915314  28259743.70  
  5703  513.29950900  28297374.90  
  5716  514.46231229  28259300.30  
  5750  517.58087129  28296995.60  
  5763  518.73494700  28258858.70  
  5798  521.84545671  28296582.90  
  5811  523.00383429  28258443.40  
  5840  525.67920800  28258193.70  
  5845  526.11966500  28296326.70  
  5858  527.27810357  28258027.90    
  5893  530.39776143  28295679.90  
  5906  531.56331629  28257632.20  
  5935  534.23086100  28257397.50  
  5940  534.67788986  28295216.80  
  5969  537.26352143  28294906.30  
  5988  538.95701843  28294728.30  
  6001  540.12012000  28256806.20  
  6017  541.53997700  28294438.60  
  6064  545.81600900  28293899.80  
  6078  547.06678400  28256213.70  
  6083  547.50984700  28293670.40  
  6102  549.20393586  28293446.70  
  6112  550.09543829  28293347.50  
  6159  554.37738700  28292766.70  
  6173  555.62438486  28255430.50  
  6178  556.06590086  28292539.10  
  6207  558.64514086  28292169.10   
  6226  560.34328743  28291936.80  
  6254  562.92139829  28291556.90  
  6268  564.17030143  28254715.30  
  6273  564.61664271  28291293.80  
  6302  567.20009514  28290905.50  
  6316  568.45439200  28254366.10  
  6321  568.89345400  28290637.30  
  6349  571.48361757  28290230.60  
  6368  573.17396729  28290119.50  
  6397  575.76208286  28289535.80  
  6411  577.01979600  28253649.30  
  6416  577.45923386  28289403.70  
  6423  578.08475314  28289139.30  
  6437  579.33198514  28288955.50  
  6444  580.04107414  28288702.50  
  6463  581.73347329  28288518.70  
  6470  582.35924571  28288404.30  
  6482  583.42774000  28288223.40  
  6484  583.60652114  28288190.00  
  6492  584.31969443  28288116.70  
  6511  586.01063729  28287765.30  
  6518  586.63330914  28287646.80  
  6530  587.70790871  28287459.40  
  6531  587.87106071  28287050.40  
  6539  588.59087571  28287289.00  
  6543  588.95107129  28287219.90  
  6558  590.30094686  28286971.40  
  6565  590.93104643  28286855.80  
  6568  591.20138300  28286785.70  
  6569  591.29144129  28286808.20  
  6577  592.01087400  28286653.90  
  6579  592.19085900  28286632.60  
  6587  592.90404114  28286492.40  
  6591  593.26413643  28286406.50  
  6613  595.24454657  28286035.70  
  6625  596.32404871  28285821.90  
  6627  596.50401957  28285804.60  
  6635  597.21648229  28285658.90  
  6647  598.26944329  28285472.30  
  6672  600.54736071  28284983.10  
  6674  600.72222357  28284945.80  
  6682  601.42670043  28284807.30  
  6694  602.48449871  28284593.50  
  6719  604.77498286  28284123.00  
  6721  604.95556757  28284076.30  
  6729  605.66371814  28283925.80  
  6741  606.71028486  28283718.00  
  6766  608.99133086  28283222.10  
  6768  609.16814143  28283193.40  
  6776  609.85911843  28283027.10  
  6813  613.22374557  28282345.30  
  6815  613.39981114  28282253.60  
  6823  614.10197200  28282092.60  
  6827  614.44849000  28282010.30  
  6860  617.41466000  28281439.50  
  6862  617.58272200  28281522.10  
  6873  618.64625629  28281073.80  
  6906  621.62179329  28280381.10  
  6908  621.79300929  28280289.30  
  6916  622.47817557  28280172.30  
  6920  622.82476214  28279977.50  
  6955  625.96205600  28279351.30  
  6962  626.65481786  28279184.70  
  6966  627.00313286  28279095.60  
  6974  627.69657929  28278926.60  
  7001  630.17053757  28278345.60  
  7007  630.68332586  28278229.10  
  7009  630.85636286  28278176.40  
  7013  631.21408800  28278102.30  
  7021  631.90920371  28277912.90  
  7035  633.22634243  28277590.50  
  7046  634.18385643  28277381.00  
  7048  634.36368657  28277505.60  
  7054  634.87691114  28277200.10  
  7056  635.04710914  28277151.00  
  7060  635.40296543  28277073.90  
  7067  636.09606686  28276880.90  
  7082  637.41227943  28276578.00  
  7093  638.37934486  28276327.80  
  7095  638.55742714  28276284.20  
  7100  639.07436829  28276154.10  
  7102  639.25245671  28276109.50  
  7106  639.60756143  28276021.10  
  7129  641.61198271  28275513.30  
  7139  642.58214929  28275419.80  
  7141  642.75554986  28275235.10  
  7147  643.28462100  28275102.50  
  7149  643.45781286  28275055.60  
  7153  643.80556457  28274961.70  
  7175  645.81312871  28274456.40  
  7186  646.77198843  28274209.00  
  7188  646.94475857  28274178.30  
  7194  647.48419171  28274038.30  
  7200  648.00865186  28273911.70  
  7222  650.01123614  28273404.70  
  7240  651.66908957  28272964.90  
  7246  652.18653271  28272830.60  
  7254  652.90231200  28272647.80  
  7271  654.46572586  28272264.70  
  7279  655.16147786  28272077.80  
  7281  655.33385700  28272032.20  
  7287  655.86038214  28271902.40  
  7289  656.02883043  28272102.40  
  7293  656.38234400  28271762.90  
  7300  657.07833529  28271568.50  
  7315  658.40450886  28271242.20  
  7328  659.53607414  28270954.10  
  7331  659.79538543  28270904.50  
  7333  660.04967757  28270821.80  
  7335  660.22505657  28270778.50  
  7339  660.57951514  28270688.10  
  7347  661.28536143  28270493.60  
  7359  662.34821900  28270250.70  
  7362  662.60797829  28270161.70  
  7380  664.27948229  28269737.80  
  7382  664.45845929  28269695.70  
  7386  664.81089257  28269602.00  
  7394  665.50091843  28269368.80  
  7421  667.93935714  28268878.70  
  7427  668.46731686  28268667.60  
  7429  668.63966143  28268626.40  
  7433  668.98651443  28268528.70  
  7452  670.73716329  28268079.80  
  7455  671.00058357  28268037.20  
  7468  672.12990086  28267730.60  
  7475  672.83035786  28267566.00  
  7479  673.17597057  28267473.70  
  7499  674.92028386  28267023.10  
  7500  675.01039643  28266974.60  
  7504  675.44135329  28266813.70  
  7514  676.31132714  28266667.80  
  7520  676.84190643  28266535.50  
  7526  677.36907286  28266400.10  
  7534  678.08073914  28266228.30   
  7546  679.21533900  28265969.00  
  7551  679.65482071  28265781.40  
  7564  680.78156443  28265566.40   
  7592  683.31633871  28264924.60  
  7593  683.40353729  28264882.90  
  7607  684.70513786  28264577.00  
  7613  685.22082414  28264445.00  
  7626  686.41965129  28264144.50  
  7639  687.56406314  28263868.60  
  7644  688.00133200  28263756.30  
  7654  688.88204343  28263532.10  
  7657  689.14113671  28263489.60  
  7665  689.93132086  28263292.40  
  7673  690.63437600  28263124.40  
  7685  691.68971243  28262871.60  
  7686  691.77584871  28262834.80  
  7688  691.95527414  28262800.20  
  7691  692.22242486  28262749.80  
  7701  693.09771929  28262538.40  
  7706  693.62290186  28262411.20  
  7708  693.79411457  28262405.70  
  7712  694.14459143  28262291.00  
  7720  694.83435900  28262122.20  
  7747  697.28470329  28261545.50  
  7750  697.54756957  28261479.40  
  7755  697.97112700  28261376.00  
  7759  698.32076086  28261300.70  
  7766  699.01063571  28261111.00  
  7793  701.43635414  28260573.00  
  7799  701.96686343  28260500.90  
  7801  702.13544143  28260406.80  
  7805  702.48074557  28260328.10  
  7839  705.58019714  28259622.80  
  7845  706.10945786  28259455.50  
  7851  706.62816486  28259386.80  
  7859  707.32721786  28259224.60  
  7876  708.91611014  28258885.10  
  7883  709.54619829  28258742.20  
  7886  709.81611186  28258695.20  
  7892  710.35610371  28258576.40  
  7898  710.89612514  28258449.30   
  7906  711.61613100  28258313.60  
  7908  711.79682429  28258229.40  
  7924  713.23614157  28257975.80  
  7931  713.86329757  28257842.10  
  7940  714.66299929  28257673.10  
  7946  715.19765829  28257565.10   
  7954  715.91074371  28257423.50  
  7972  717.51762371  28257089.50  
  7979  718.13722929  28256978.40  
  7982  718.40559614  28256904.90  
  7985  718.67413729  28256848.00  
  7994  719.47940386  28256685.20  
  8002  720.19778029  28256546.40  
  8004  720.37823829  28256500.80  
  8008  720.73403557  28256444.80  
  8012  721.09131086  28256378.00  
  8020  721.80337286  28256222.70  
  8032  722.96131771  28255981.90  
  8035  723.22574471  28255943.20  
  8041  723.76096357  28255832.00   
  8049  724.47283286  28255703.00  
  8055  725.00330771  28255593.00  
  8059  725.36119571  28255521.50  
  8074  726.69715257  28255271.80  
  8077  726.96710243  28255222.80  
  8080  727.23361771  28255175.90  
  8083  727.50125414  28255118.60  
  8097  728.75090671  28254878.70  
  8103  729.28596271  28254782.80  
  8142  732.85337514  28254127.60  
  8144  733.03005171  28254082.70  
  8150  733.56429600  28254002.80  
  8154  733.92298900  28253906.40  
  8169  735.26202214  28253698.10  
  8172  735.52806100  28253671.80  
  8178  736.06204514  28253545.50  
  8190  737.13407086  28253370.50  
  8192  737.31052529  28253320.90  
  8198  737.84863057  28253237.50  
  8210  738.91390543  28253038.70  
  8217  739.53988729  28252933.50  
  8220  739.80372971  28252890.20  
  8237  741.41020014  28252599.10  
  8239  741.58632029  28252579.80  
  8245  742.12107214  28252495.30  
  8257  743.18881071  28252314.30  
  8273  744.61677800  28252071.20  
  8285  745.68511586  28251893.50  
  8287  745.86513400  28251865.50  
  8293  746.40081014  28251780.60  
  8305  747.47067200  28251607.40  
  8321  748.89747457  28251370.40  
  8324  749.16549443  28251312.30  
  8340  750.67902500  28251098.30  
  8352  751.74566871  28250929.30  
  8368  753.17248229  28250700.00  
  8388  754.94832671  28250448.00  
  8400  756.02483629  28250274.40  
  8416  757.45748929  28250065.90  
  8419  757.72459143  28250006.30  
  8447  760.30056600  28249648.40  
  8463  761.72461000  28249446.90  
  8466  761.99461343  28249411.80  
  8483  763.50351829  28249190.70  
  8495  764.56980586  28249045.30  
  8511  765.99946714  28248859.70  
  8514  766.26942229  28248794.40  
  8523  767.07387400  28248710.80  
  8542  768.86006686  28248465.80  
  8558  770.28998229  28248254.60  
  8561  770.55516086  28248240.90  
  8570  771.35808214  28248131.10  
  8578  772.07522029  28248048.10  
  8590  773.14319614  28247999.00  
  8609  774.83511529  28247707.50  
  8618  775.63833314  28247593.10  
  8626  776.35236271  28247493.10  
  8638  777.42309500  28247374.70  
  8665  779.92043271  28247066.40  
  8673  780.63412700  28246992.10  
  8713  784.20105671  28246572.10  
  8721  784.91406071  28246501.90  
  8733  785.98728143  28246418.30   
  8768  789.19785129  28246009.10  
  8780  790.26387500  28245909.10  
  8799  791.95726829  28245721.50  
  8808  792.75582486  28245637.00  
  8816  793.46511343  28245559.50  
  8828  794.53171914  28245453.20  
  8846  796.21713586  28245265.20  
  8855  797.01718029  28245196.40  
  8863  797.72895857  28245113.80  
  8875  798.79804257  28245013.40  
  8891  800.22154729  28244874.00  
  8894  800.48935857  28244849.90  
  8903  801.28942214  28244778.40  
  8911  801.99909300  28244703.60  
  8938  804.49641686  28244469.90  
  8958  806.27126671  28244303.10  
  8973  807.60318457  28244194.80  
  8986  808.76742829  28244083.20  
  8998  809.83208386  28243988.20  
  9006  810.54470457  28243947.60  
  9033  813.04209057  28243698.30  
  9045  814.11367857  28243619.00  
  9053  814.82911871  28243556.90  
  9068  816.16488071  28243476.50  
  9093  818.38592229  28243263.00  
  9101  819.09873571  28243219.40  
  9140  822.66321714  28242930.00  
  9148  823.37543071  28242875.40  
  9163  824.71067700  28242768.60  
  9176  825.86945657  28242699.20  
  9188  826.93575214  28242606.80  
  9210  828.97790157  28242444.80  
  9235  831.20164714  28242298.30  
  9243  831.91235186  28242218.90  
  9258  833.25352000  28242155.80  
  9283  835.47812900  28241994.00  
  9305  837.52699129  28241856.30  
  9330  839.75038557  28241713.80  
  9338  840.46101343  28241676.20  
  9353  841.79698771  28241584.90  
  9378  844.02898314  28241438.80  
  9398  845.89874957  28305882.50  
  9400  846.07435300  28241290.30  
  9425  848.29898157  28241178.90  
  9448  850.34536643  28241064.90  
  9495  854.61878857  28240807.50  
  9520  856.84276414  28240683.60  
  9543  858.89176386  28240579.50  
  9590  863.16774357  28240358.00  
  9615  865.39086543  28240260.30  
  9636  867.26237243  28305692.10  
  9638  867.43948514  28240140.70  
  9662  869.65594629  28240034.10  
  9685  871.70750829  28239943.70  
  9710  873.93386871  28239861.40  
  9733  875.97933243  28239745.70  
  9758  878.22970114  28239654.00  
  9781  880.29941900  28239557.50  
  9829  884.61949457  28239373.80  
  9854  886.86970529  28239287.30  
  9875  888.76152057  28305426.70  
  9877  888.93957829  28239201.80  
  9925  893.25966243  28239032.50  
  9973  897.57974243  28238874.70  
 10021  901.89982214  28238724.40  
 10067  906.04093043  28305155.00  
 10069  906.21991257  28238574.70  
 10117  910.53999800  28238433.00  
 10162  914.65334400  28304991.50  
 10164  914.83292086  28238298.80  
 10210  918.92854757  28304917.80  
 10212  919.10548143  28238182.50  
 10257  923.20701114  28304830.60  
 10305  927.48189443  28304809.50  
 10307  927.66061486  28237926.90  
 10353  931.77198286  28304647.60  
 10400  936.04788200  28304560.60  
 10402  936.22494243  28237707.10  
 10448  940.32198200  28304451.90  
 10450  940.50205414  28237614.30  
 10495  944.59276886  28304335.70   
 10527  947.45308043  28237446.60  
 10543  948.88083814  28304229.80  
 10545  949.05876543  28237400.70  
 10590  953.17036786  28304106.90  
 10592  953.35113600  28237305.90  
 10638  957.45216786  28304006.70  
 10640  957.63198443  28237228.00  
 10733  966.04781914  28303747.10  
 10735  966.23029000  28237052.70  
 10781  970.34232614  28303591.70  
 10783  970.52195314  28236976.60  
 10829  974.62235557  28303391.00  
 10831  974.80065643  28236920.50  
 10858  977.29656829  28303357.20  
 10876  978.90129600  28303281.20  
 10924  983.19237314  28303121.80  
 10971  987.47010871  28302953.70  
 11019  991.74518386  28302775.70  
 11047  994.24600557  28267542.80  
 11067  996.03311471  28302602.30  
 11094  998.52819600  28267069.20  
 11114  1000.30491229  28302386.40  
 11142  1002.80148700  28266628.40  
 11150  1003.51084057  28302232.00  
 11162  1004.58198200  28302192.50  
 11189  1007.08387443  28266164.30  
 11197  1007.78769100  28301794.80  
 11209  1008.85457086  28301963.90  
 11211  1009.03870243  28236395.60  
 11237  1011.35842471  28265727.60  
 11241  1011.71379771  28236371.20  
 11245  1012.06748229  28301790.80  
 11257  1013.13679514  28301806.10  
 11259  1013.31920657  28236347.50  
 11284  1015.62827386  28265296.40  
 11292  1016.34435543  28301169.80  
 11304  1017.41332386  28301515.90  
 11305  1017.50573129  28265087.90  
 11306  1017.59613914  28236289.40  
 11332  1019.91410700  28264834.10  
 11336  1020.27189514  28236277.30  
 11352  1021.69489643  28301260.70  
 11354  1021.87825200  28236269.20  
 11387  1024.90970057  28301064.80  
 11399  1025.97513557  28301004.60  
 11400  1026.06533029  28264196.80  
 11427  1028.47842043  28263983.20  
 11435  1029.19465043  28300772.90  
 11447  1030.27473271  28300729.40  
 11448  1030.36741957  28263797.00  
 11461  1031.53466814  28300665.30  
 11479  1033.15905771  28236156.60  
 11483  1033.51162814  28300500.10  
 11496  1034.67234357  28263347.70  
 11530  1037.78168014  28300224.60  
 11543  1038.94749243  28262914.30  
 11556  1040.10475400  28300045.40  
 11559  1040.37067957  28300028.30  
 11578  1042.06744043  28299895.00  
 11590  1043.13228643  28299828.20  
 11591  1043.22510114  28262489.70  
 11604  1044.38526457  28299739.20  
 11607  1044.65375214  28299700.90  
 11626  1046.34777829  28299561.70  
 11651  1048.66428400  28299465.90  
 11654  1048.92947000  28299373.20  
 11673  1050.62782900  28299225.60  
 11702  1053.22356371  28299009.00  
 11721  1054.91109686  28298862.00  
 11747  1057.23198200  28298659.60  
 11768  1059.19634100  28298474.90  
 11794  1061.51288214  28298255.40  
 11797  1061.78091914  28298190.30  
 11816  1063.47809214  28298081.20  
 11829  1064.64041657  28260446.80  
 11842  1065.79878057  28297852.10  
 11845  1066.06593671  28297830.00  
 11864  1067.76705157  28297655.80  
 11889  1070.08053943  28297424.30  
 11911  1072.04185371  28297505.50  
 11924  1073.20739343  28259642.50  
 11937  1074.36352057  28297027.70  
 11959  1076.32848500  28296757.10  
 11972  1077.48857514  28259250.40  
 12006  1080.60780971  28296264.10  
 12019  1081.77339757  28258875.50  
 12025  1082.30117857  28296059.20  
 12032  1082.92896129  28295992.50  
 12035  1083.19597486  28295961.80  
 12054  1084.89108971  28295754.90  
 12073  1086.58824314  28295526.60  
 12080  1087.21398129  28295466.60  
 12083  1087.47996786  28295411.10  
 12114  1090.33795543  28258143.50  
 12127  1091.49530671  28294913.50  
 12130  1091.76091729  28294883.10  
 12149  1093.45662943  28294645.60  
 12175  1095.77172129  28294329.20  
 12178  1096.04144914  28294277.00  
 12197  1097.73742900  28294062.00  
 12222  1100.05398214  28293726.70  
 12225  1100.32155743  28293682.40  
 12244  1102.01618243  28293439.50  
 12270  1104.33270943  28293098.60  
 12271  1104.42078686  28293077.20  
 12273  1104.59591029  28293052.00  
 12292  1106.28756986  28292790.00  
 12317  1108.61161143  28292427.70  
 12320  1108.87432700  28292381.50  
 12339  1110.57107814  28292107.40  
 12368  1113.15293686  28291683.70  
 12387  1114.84494700  28291404.50  
 12415  1117.42694857  28290946.40  
 12429  1118.67835414  28255751.00  
 12434  1119.12342100  28290653.50  
 12453  1120.81464486  28290351.40  
 12461  1121.52728629  28290235.30  
 12463  1121.70725043  28290186.80  
 12477  1122.95548257  28255414.00  
 12482  1123.39364386  28289869.20  
 12493  1124.37624229  28289604.50  
 12501  1125.09313529  28289549.00  
 12529  1127.67943686  28289065.70  
 12540  1128.66067029  28288884.80  
 12548  1129.37069900  28288722.70  
 12558  1130.26894429  28288559.20  
 12577  1131.96747700  28288216.50  
 12588  1132.94952029  28288055.10  
 12596  1133.65832443  28287878.40  
 12606  1134.55085757  28287693.30  
 12610  1134.90900500  28287612.40  
 12624  1136.24267857  28287344.90  
 12635  1137.22564157  28287153.40  
 12643  1137.93724857  28286978.40  
 12653  1138.82582943  28286794.80  
 12657  1139.18374000  28286739.60  
 12663  1139.71987014  28286594.60  
 12672  1140.52086714  28286422.30  
 12683  1141.50201643  28286199.40  
 12691  1142.21793300  28286054.00  
 12699  1142.93325914  28285890.50  
 12701  1143.11154614  28285865.20  
 12705  1143.46942257  28285789.40  
 12711  1144.00353943  28285649.10  
 12720  1144.80692286  28285766.00  
 12746  1147.22014029  28284953.20  
 12748  1147.40011043  28284897.90  
 12752  1147.76013043  28284815.60  
 12767  1149.10595443  28284505.00  
 12786  1150.79561629  28284116.70  
 12794  1151.51341571  28283926.80  
 12796  1151.69291186  28283893.00  
 12800  1152.04905071  28283826.90  
 12815  1153.38780457  28283498.90  
 12819  1153.74812329  28283418.50  
 12842  1155.79848129  28282915.10  
 12844  1155.97659071  28282867.50  
 12846  1156.15323243  28282826.60  
 12852  1156.69041543  28282687.80  
 12863  1157.67224543  28282449.00  
 12881  1159.36669686  28282031.90  
 12891  1160.25997100  28281809.50  
 12893  1160.43775714  28281762.40  
 12895  1160.61618686  28281741.10  
 12910  1161.95508886  28281387.50  
 12929  1163.65719557  28280951.90  
 12939  1164.54899686  28280725.90  
 12941  1164.72777729  28280693.30  
 12943  1164.90776129  28280628.10  
 12958  1166.23630729  28280274.20  
 12969  1167.21622243  28280092.60  
 12977  1167.93198286  28279836.10  
 12986  1168.82194086  28279603.10  
 12988  1169.00199557  28279553.40  
 12990  1169.18194486  28279509.70  
 13016  1171.49495086  28278890.10  
 13024  1172.20893329  28278705.70  
 13032  1172.92367429  28278505.40  
 13034  1173.10366114  28278467.60  
 13036  1173.28363300  28278415.80  
 13038  1173.46160800  28278369.60  
 13064  1175.77854071  28277730.50  
 13072  1176.49117471  28277549.50  
 13074  1176.66715471  28277503.50  
 13085  1177.72828514  28277250.80  
 13100  1179.06319457  28276834.90  
 13105  1179.50961043  28276731.80  
 13108  1179.77988329  28276648.10  
 13111  1180.04631129  28276578.60  
 13119  1180.75624771  28276381.50  
 13121  1180.93619586  28276341.90  
 13127  1181.47258514  28276168.60  
 13129  1181.64951843  28276117.80  
 13133  1182.00650443  28276024.40  
 13148  1183.34117257  28275647.50  
 13156  1184.05373414  28275443.70  
 13166  1185.01741900  28275183.00  
 13168  1185.19761129  28275116.50  
 13174  1185.72054186  28274951.40  
 13176  1185.88986943  28274933.10  
