    22  2.04229800  28285985.00  
    40  3.66223786  28285750.00  
    70  6.36222129  28285320.00  
    88  7.98223529  28285055.00  
   118  10.68218071  28284620.00  
   136  12.30216529  28284355.00  
   166  15.00214500  28283930.00  
   184  16.62213214  28283650.00  
   214  19.32219314  28283195.00  
   232  20.94210614  28282915.00  
   262  23.64207786  28282435.00  
   280  25.26207171  28282175.00  
   310  27.96204414  28281680.00  
   328  29.58203757  28281410.00  
   358  32.28202600  28280920.00  
   376  33.90201157  28280635.00  
   406  36.60203671  28280145.00  
   424  38.22198086  28279840.00  
   454  40.92195700  28279335.00  
   472  42.54194229  28279045.00  
   487  43.89195571  28278785.00  
   502  45.24195629  28278525.00  
   520  46.86192771  28278225.00  
   535  48.21192286  28277970.00  
   550  49.56192286  28277705.00  
   568  51.18190914  28277395.00  
   583  52.53189757  28277135.00  
   598  53.88191500  28276865.00  
   616  55.50189329  28276560.00  
   631  56.85188757  28276295.00  
   646  58.20206700  28276045.00  
   664  59.82188229  28275715.00  
   679  61.17187357  28275455.00  
   694  62.52219486  28275205.00  
   712  64.14186900  28274860.00  
   727  65.49185557  28274590.00  
   760  68.46185171  28274010.00  
   772  69.54215900  28273785.00  
   775  69.81184857  28273730.00  
   784  70.62208571  28273560.00  
   799  71.97186529  28273300.00  
   802  72.24189671  28273240.00  
   808  72.78184557  28273145.00  
   823  74.13184443  28272865.00  
   835  75.21254871  28272635.00  
   847  76.29186000  28272435.00  
   850  76.56187886  28272370.00  
   856  77.10184100  28272275.00  
   868  78.18186786  28272065.00  
   871  78.45184300  28272000.00  
   883  79.53200300  28271765.00  
   895  80.61183986  28271570.00  
   898  80.88230757  28271510.00  
   904  81.42183329  28271405.00  
   916  82.50185929  28271185.00  
   919  82.77183986  28271130.00  
   931  83.85187900  28270895.00  
   943  84.93184014  28270690.00  
   952  85.74183886  28270540.00  
   964  86.82191100  28270320.00  
   967  87.09185771  28270255.00  
   991  89.25185371  28269825.00  
  1000  90.06184871  28269655.00  
  1015  91.41210871  28269385.00  
  1039  93.57184114  28268955.00  
  1048  94.38184300  28268800.00  
  1087  97.89184957  28268095.00  
  1096  98.70185443  28267935.00  
  1135  102.21188429  28267230.00  
  1144  103.02187743  28267065.00  
  1156  104.10223571  28266865.00  
  1183  106.53188186  28266380.00  
  1192  107.34188000  28266225.00  
  1204  108.42190657  28266005.00  
  1231  110.85189143  28265530.00  
  1234  111.12194086  28265475.00  
  1240  111.66188643  28265370.00  
  1252  112.74189086  28265160.00  
  1267  114.09198486  28264900.00  
  1279  115.17190300  28264700.00  
  1282  115.44191214  28264630.00  
  1288  115.98190714  28264530.00  
  1300  117.06190929  28264330.00  
  1315  118.41192414  28264060.00  
  1327  119.49192843  28263860.00  
  1330  119.76195343  28263810.00  
  1336  120.30192157  28263705.00  
  1348  121.38192243  28263500.00  
  1363  122.73194400  28263230.00  
  1375  123.81196400  28263045.00  
  1384  124.62194457  28262890.00  
  1396  125.70193900  28262690.00  
  1411  127.05195543  28262435.00  
  1432  128.94196129  28262085.00  
  1444  130.02196829  28261885.00  
  1459  131.37198486  28261635.00  
  1480  133.26199643  28261300.00  
  1492  134.34198643  28261095.00  
  1507  135.69200971  28260855.00  
  1522  137.04236757  28260615.00  
  1528  137.58202286  28260515.00  
  1540  138.66201514  28260320.00  
  1552  139.74210129  28260125.00  
  1555  140.01203029  28260090.00  
  1570  141.36205057  28259845.00  
  1576  141.90204829  28259745.00  
  1588  142.98204729  28259555.00  
  1600  144.06207714  28259360.00  
  1603  144.33207486  28259320.00  
  1618  145.68207243  28259095.00  
  1624  146.22225229  28258995.00  
  1636  147.30207886  28258810.00  
  1648  148.38213014  28258625.00  
  1651  148.65210829  28258595.00  
  1666  150.00209943  28258355.00  
  1684  151.62211871  28258090.00  
  1696  152.70216643  28257910.00  
  1699  152.97221114  28257855.00  
  1714  154.32213714  28257635.00  
  1732  155.94216771  28257365.00  
  1744  157.02240186  28257215.00  
  1747  157.29217586  28257150.00  
  1762  158.64216286  28256935.00  
  1768  159.18218929  28256850.00  
  1780  160.26258857  28256665.00  
  1792  161.34242186  28256515.00  
  1795  161.61222329  28256465.00  
  1810  162.96220486  28256250.00  
  1816  163.50221129  28256175.00  
  1843  165.93224257  28255780.00  
  1858  167.28224329  28255580.00  
  1864  167.82227357  28255500.00  
  1891  170.25229229  28255120.00  
  1906  171.60228014  28254925.00  
  1912  172.14232057  28254845.00  
  1936  174.30234029  28254545.00  
  1939  174.57232229  28254495.00  
  1954  175.92232486  28254295.00  
  1960  176.46237043  28254220.00  
  1984  178.62237629  28253910.00  
  1987  178.89237814  28253875.00  
  2002  180.24237214  28253680.00  
  2008  180.78239129  28253605.00  
  2024  182.22306114  28253375.00  
  2032  182.94241186  28253300.00  
  2035  183.21242443  28253265.00  
  2050  184.56242100  28253080.00  
  2056  185.10261157  28253020.00  
  2077  186.99248214  28252745.00  
  2080  187.26245314  28252725.00  
  2083  187.53246857  28252670.00  
  2098  188.88247886  28252500.00  
  2125  191.31273986  28252180.00  
  2128  191.58250314  28252145.00  
  2131  191.85250786  28252110.00  
  2146  193.20253029  28251930.00  
  2176  195.90254986  28251590.00  
  2179  196.17257314  28251565.00  
  2194  197.52257714  28251395.00  
  2221  199.95262000  28251085.00  
  2224  200.22260329  28251055.00  
  2227  200.49263557  28251025.00  
  2242  201.84264129  28250860.00  
  2269  204.27266871  28250555.00  
  2272  204.54265443  28250535.00  
  2290  206.16268771  28250340.00  
  2320  208.86270443  28250035.00  
  2365  212.91278943  28249600.00  
  2368  213.18275729  28249545.00  
  2416  217.50282586  28249075.00  
  2461  221.55334614  28248670.00  
  2464  221.82289600  28248625.00  
  2509  225.87297829  28248200.00  
  2512  226.14296200  28248175.00  
  2542  228.84300057  28247930.00  
  2560  230.46301071  28247750.00  
  2605  234.51307700  28247375.00  
  2608  234.78308371  28247355.00  
  2638  237.48326514  28247105.00  
  2656  239.10317700  28246945.00  
  2734  246.12331371  28246340.00  
  2926  263.40409557  28244965.00  
  2974  267.72359443  28244645.00  
  3022  272.04427071  28244345.00  
  3166  285.00387514  28243515.00  
  3262  293.64418071  28243000.00  
  3358  302.28449200  28242545.00  
  3502  315.24439257  28241865.00  
  3600  324.06633286  28301545.00  
  3647  328.29394371  28278595.00  
  3695  332.61389886  28278015.00  
  3697  332.79536800  28241105.00  
  3740  336.66443900  28277465.00  
  3743  336.93387857  28277445.00  
  3745  337.11479657  28240945.00  
  3788  340.98419014  28276885.00  
  3791  341.25384914  28276855.00  
  3793  341.43487143  28240755.00  
  3836  345.30434229  28276315.00  
  3839  345.57382786  28276265.00  
  3884  349.62431643  28275740.00  
  3886  349.80505857  28240460.00  
  3887  349.89381786  28275675.00  
  3889  350.07508129  28240450.00  
  3935  354.21380486  28275075.00  
  3937  354.39510300  28240305.00  
  3983  358.53379329  28274470.00  
  3985  358.71519800  28240145.00  
  4031  362.85379029  28273870.00  
  4033  363.03527900  28240015.00  
  4079  367.17378214  28273255.00  
  4081  367.35536657  28239875.00  
  4127  371.49377514  28272650.00  
  4128  371.58534871  28299915.00  
  4129  371.67563600  28239750.00  
  4175  375.81376714  28272035.00  
  4176  375.90526157  28299715.00  
  4177  375.99564171  28239610.00  
  4223  380.13383243  28271435.00  
  4224  380.22519829  28299550.00  
  4272  384.54512657  28299355.00  
  4320  388.86511943  28299140.00  
  4364  392.82378257  28269645.00  
  4367  393.09386857  28269585.00  
  4416  397.50489386  28298740.00  
  4508  405.78381314  28267805.00  
  4512  406.14474886  28298290.00  
  4556  410.10379614  28267195.00  
  4560  410.46468900  28298065.00  
  4604  414.42380486  28266590.00  
  4652  418.74381929  28265990.00  
  4656  419.10463529  28297580.00  
  4671  420.45409443  28265755.00  
  4700  423.06383386  28265400.00  
  4704  423.42478814  28297345.00  
  4746  427.20439571  28297105.00  
  4748  427.38384229  28264805.00  
  4752  427.74437914  28297070.00  
  4767  429.09387843  28264585.00  
  4794  431.52433800  28296840.00  
  4796  431.70386043  28264220.00  
  4800  432.06431686  28296795.00  
  4815  433.41387986  28263980.00  
  4842  435.84426686  28296560.00  
  4844  436.02388214  28263635.00  
  4848  436.38424543  28296515.00  
  4863  437.73390086  28263410.00  
  4890  440.16418414  28296260.00  
  4892  440.34390071  28263065.00  
  4911  442.05390857  28262835.00  
  4940  444.66393671  28262490.00  
  4959  446.37392500  28262265.00  
  4986  448.80407143  28295655.00  
  4988  448.98397086  28261925.00  
  4992  449.34406386  28295620.00  
  5007  450.69400100  28261700.00  
  5034  453.12399429  28295335.00  
  5036  453.30445900  28261365.00  
  5055  455.01398943  28261145.00  
  5082  457.44391600  28295005.00  
  5103  459.33400471  28260595.00  
  5130  461.76385271  28294670.00  
  5151  463.65403586  28260055.00  
  5178  466.08379886  28294320.00  
  5195  467.61393471  28294210.00  
  5199  467.97408357  28259525.00  
  5210  468.96404814  28294085.00  
  5226  470.40372857  28293965.00  
  5243  471.93403114  28293830.00  
  5247  472.29409671  28258995.00  
  5274  474.72366671  28293585.00  
  5295  476.61412843  28258470.00  
  5306  477.60377986  28293335.00  
  5343  480.93417243  28257950.00  
  5391  485.25458443  28257460.00  
  5402  486.24351929  28292545.00  
  5450  490.56345114  28292130.00  
  5489  494.07388814  28291785.00  
  5498  494.88340414  28291705.00  
  5546  499.20335043  28291255.00  
  5594  503.52328886  28290810.00  
  5642  507.84323414  28290340.00  
  5656  509.10324271  28290205.00  
  5675  510.81336443  28290035.00  
  5690  512.16318671  28289865.00  
  5704  513.42319114  28289740.00  
  5738  516.48313643  28289370.00  
  5752  517.74321500  28289225.00  
  5771  519.45362986  28289010.00  
  5786  520.80308314  28288870.00  
  5800  522.06308629  28288710.00  
  5819  523.77340614  28288515.00  
  5834  525.12303957  28288345.00  
  5848  526.38361786  28288210.00  
  5896  530.70301314  28287665.00  
  5944  535.02295357  28287105.00  
  5963  536.73295457  28286875.00  
  5992  539.34290657  28286540.00  
  6040  543.66286514  28285960.00  
  6088  547.98282157  28285370.00  
  6118  550.68317014  28285000.00  
  6136  552.30327371  28284770.00  
  6184  556.62277286  28284165.00  
  6232  560.94273800  28283525.00  
  6262  563.64271257  28283115.00  
  6280  565.26268271  28282880.00  
  6328  569.58265100  28282235.00  
  6358  572.28267071  28281805.00  
  6376  573.90261586  28281555.00  
  6406  576.60310329  28281145.00  
  6424  578.22259343  28280895.00  
  6472  582.54255729  28280200.00  
  6484  583.62280014  28280035.00  
  6487  583.89255371  28279980.00  
  6520  586.86254243  28279490.00  
  6535  588.21253700  28279280.00  
  6559  590.37262971  28278905.00  
  6568  591.18252400  28278790.00  
  6583  592.53250729  28278565.00  
  6607  594.69251857  28278215.00  
  6616  595.50250029  28278075.00  
  6628  596.58257586  28277910.00  
  6631  596.85248186  28277845.00  
  6664  599.82247957  28277345.00  
  6679  601.17246286  28277115.00  
  6712  604.14247000  28276605.00  
  6727  605.49244429  28276380.00  
  6760  608.46244486  28275865.00  
  6775  609.81242157  28275640.00  
  6808  612.78243914  28275120.00  
  6823  614.13242014  28274885.00  
  6856  617.10242314  28274375.00  
  6871  618.45241157  28274135.00  
  6895  620.61256557  28273770.00  
  6904  621.42242200  28273615.00  
  6919  622.77241343  28273375.00  
  6943  624.93254343  28272990.00  
  6952  625.74268529  28272850.00  
  6964  626.82249800  28272680.00  
  6967  627.09240443  28272620.00  
  6991  629.25240200  28272235.00  
  7000  630.06242786  28272085.00  
  7012  631.14241557  28271905.00  
  7015  631.41239200  28271860.00  
  7039  633.57239429  28271470.00  
  7042  633.84257986  28271430.00  
  7048  634.38240843  28271325.00  
  7060  635.46241114  28271130.00  
  7063  635.73240486  28271090.00  
  7087  637.89240371  28270710.00  
  7096  638.70240300  28270565.00  
  7111  640.05242457  28270330.00  
  7135  642.21240786  28269945.00  
  7144  643.02241614  28269805.00  
  7183  646.53241129  28269175.00  
  7192  647.34241714  28269035.00  
  7207  648.69316143  28268810.00  
  7231  650.85240729  28268420.00  
  7240  651.66242000  28268270.00  
  7279  655.17241329  28267660.00  
  7288  655.98243229  28267515.00  
  7327  659.49241943  28266920.00  
  7336  660.30244229  28266770.00  
  7348  661.38247114  28266585.00  
  7375  663.81200414  28266170.00  
  7378  664.08248114  28266090.00  
  7384  664.62244857  28266020.00  
  7396  665.70244300  28265840.00  
  7423  668.13245257  28265415.00  
  7426  668.40275386  28265380.00  
  7432  668.94246514  28265270.00  
  7444  670.02245400  28265095.00  
  7471  672.45246314  28264685.00  
  7474  672.72248686  28264625.00  
  7480  673.26247457  28264550.00  
  7492  674.34247000  28264355.00  
  7519  676.77248186  28263960.00  
  7522  677.04248486  28263905.00  
  7528  677.58249757  28263825.00  
  7540  678.66248400  28263635.00  
  7544  679.02252571  28263560.00  
  7555  680.01278729  28263405.00  
  7567  681.09251786  28263235.00  
  7576  681.90251629  28263095.00  
  7588  682.98250843  28262920.00  
  7624  686.22253600  28262385.00  
  7636  687.30252843  28262215.00  
  7672  690.54256743  28261685.00  
  7684  691.62254900  28261515.00  
  7688  691.98308343  28261460.00  
  7720  694.86261314  28260995.00  
  7732  695.94257857  28260830.00  
  7762  698.64271700  28260400.00  
  7768  699.18268229  28260320.00  
  7780  700.26261314  28260150.00  
  7792  701.34296443  28260005.00  
  7810  702.96262900  28259740.00  
  7816  703.50265871  28259640.00  
  7828  704.58263629  28259490.00  
  7858  707.28266329  28259080.00  
  7876  708.90268071  28258830.00  
  7906  711.60269543  28258425.00  
  7924  713.22270800  28258200.00  
  7954  715.92271871  28257795.00  
  7972  717.54274414  28257565.00  
  8002  720.24275143  28257180.00  
  8008  720.78370343  28257060.00  
  8020  721.86278957  28256950.00  
  8050  724.56279414  28256570.00  
  8068  726.18315500  28256380.00  
  8098  728.88284143  28255970.00  
  8146  733.20288186  28255400.00  
  8194  737.52291229  28254835.00  
  8200  738.06298657  28254760.00  
  8224  740.22296557  28254490.00  
  8242  741.84296129  28254280.00  
  8248  742.38298400  28254215.00  
  8269  744.27300257  28253970.00  
  8272  744.54301529  28253960.00  
  8275  744.81302829  28253925.00  
  8290  746.16300914  28253740.00  
  8296  746.70317571  28253680.00  
  8317  748.59370943  28253405.00  
  8320  748.86305014  28253410.00  
  8338  750.48304429  28253220.00  
  8344  751.02311914  28253165.00  
  8368  753.18309743  28252885.00  
  8386  754.80310300  28252710.00  
  8413  757.23344171  28252460.00  
  8416  757.50313386  28252385.00  
  8419  757.77326729  28252360.00  
  8434  759.12315886  28252210.00  
  8440  759.66379886  28252155.00  
  8464  761.82319771  28251920.00  
  8482  763.44321786  28251730.00  
  8512  766.14322886  28251435.00  
  8530  767.76328414  28251245.00  
  8560  770.46328957  28250965.00  
  8578  772.08349400  28250795.00  
  8608  774.78338714  28250520.00  
  8626  776.40348329  28250350.00  
  8656  779.10339071  28250080.00  
  8701  783.15374929  28249680.00  
  8704  783.42344529  28249650.00  
  8752  787.74365643  28249240.00  
  8800  792.06364729  28248855.00  
  8848  796.38363057  28248450.00  
  8896  800.70371214  28248075.00  
  8944  805.02383529  28247725.00  
  8988  808.98458586  28287465.00  
  9022  812.04384986  28247120.00  
  9088  817.98396743  28246680.00  
  9184  826.62423943  28246050.00  
  9263  833.73371271  28284485.00  
  9358  842.28437129  28245000.00  
  9454  850.92516043  28244460.00  
  9550  859.56469871  28243985.00  
  9612  865.14336671  28280240.00  
  9646  868.20477243  28243515.00  
  9694  872.52480057  28243300.00  
  9695  872.61333143  28279165.00  
  9742  876.84488343  28243080.00  
  9743  876.93328129  28278530.00  
  9790  881.16496343  28242875.00  
  9791  881.25326900  28277885.00  
  9836  885.30332814  28277295.00  
  9838  885.48502629  28242670.00  
  9839  885.57323857  28277240.00  
  9852  886.74327086  28277070.00  
  9886  889.80513143  28242480.00  
  9887  889.89322171  28276580.00  
  9900  891.06338629  28276390.00  
  9934  894.12517800  28242285.00  
  9935  894.21320386  28275920.00  
  9982  898.44526629  28242125.00  
  9983  898.53318800  28275255.00  
  9984  898.62624186  28299440.00  
