     3  0.29614829  28252505.10  
    11  1.01583443  28252401.20  
    23  2.09584314  28252211.90  
    39  3.53585943  28251966.50  
    51  4.61616657  28251776.60  
    59  5.33588543  28251662.40  
    71  6.41588729  28251479.90  
    87  7.85590486  28251249.30  
    90  8.12602057  28251191.90  
   107  9.65592743  28250957.20  
   119  10.73594100  28250785.80  
   135  12.17596214  28250553.20  
   138  12.44597643  28250515.50  
   155  13.97597757  28250275.90  
   167  15.05599329  28250103.20  
   183  16.49603700  28249892.80  
   186  16.76623129  28249852.60  
   203  18.29603686  28249624.10  
   215  19.37604871  28249464.10  
   231  20.81607914  28249253.00  
   234  21.08610086  28249219.40  
   239  21.54108343  28289436.40  
   251  22.61610057  28248988.80  
   263  23.69610700  28248843.90  
   279  25.13614814  28248653.60  
   282  25.40614500  28248600.00  
   287  25.86103071  28289157.90  
   291  26.21637600  28248504.70  
   299  26.93615057  28248390.10  
   311  28.01617643  28248252.10  
   318  28.64708614  28248156.10  
   327  29.45701586  28248067.00  
   330  29.72622257  28248022.20  
   335  30.18136971  28288869.10  
   339  30.53621971  28247917.10  
   347  31.25622171  28247819.80  
   359  32.33623471  28247680.80  
   366  32.96715300  28247559.30  
   378  34.04627229  28247455.50  
   387  34.85626971  28247363.40  
   395  35.57627243  28247267.20  
   407  36.65629829  28247139.50  
   426  38.36633700  28246924.90  
   435  39.17633229  28246827.00  
   443  39.89636086  28246739.60  
   455  40.97637771  28246629.10  
   483  43.49640086  28246313.50  
   491  44.21641571  28246237.60  
   503  45.29661157  28246108.00  
   522  47.00677143  28245936.60  
   531  47.81645843  28245832.30  
   539  48.53648400  28245757.80  
   579  52.13652871  28245370.30  
   587  52.85738614  28245278.40  
   627  56.45659700  28244925.30  
   635  57.17673657  28244853.30  
   671  60.42066729  28286741.70  
   675  60.77665786  28244499.00  
   723  65.09672943  28244086.40  
   731  65.81716043  28244016.40  
   746  67.16718471  28243914.30  
   771  69.41680229  28243697.30  
   779  70.13691414  28243638.30  
   794  71.48707214  28243521.90  
   819  73.73687243  28243323.50  
   827  74.45719814  28243269.30  
   842  75.80692886  28243151.90  
   867  78.05696257  28242971.00  
   890  80.12703600  28242805.30  
   915  82.37703843  28242630.40  
  1059  95.33737114  28241686.90  
  1466  131.96797514  28239661.10  
  1562  140.60822657  28239283.80  
  1610  144.92853629  28239105.40  
  1848  166.34962971  28305466.10  
  1900  171.02990286  28277017.10  
  1944  174.98939486  28305327.00  
  2040  183.62946057  28305163.20  
  2136  192.26914300  28305025.00  
  2140  192.62986686  28274834.00  
  2188  196.94982871  28274404.00  
  2236  201.26980800  28273947.90  
  2328  209.54867214  28304646.40  
  2332  209.90981243  28273051.60  
  2356  212.07032986  28272857.60  
  2380  214.22993857  28272609.30  
  2424  218.18871543  28304407.20  
  2520  226.82841514  28304185.20  
  2568  231.14833529  28304055.90  
  2596  233.66985129  28270599.50  
  2712  244.10794800  28303636.40  
  2760  248.42845386  28303493.20  
  2808  252.74777586  28303328.90  
  2856  257.06769043  28303164.20  
  2904  261.38759271  28302984.80  
  2952  265.70751286  28302791.50  
  3000  270.02742914  28302596.10  
  3048  274.34734086  28302402.30  
  3096  278.66725729  28302179.20  
  3144  282.98717771  28301957.70  
  3192  287.30710057  28301718.90  
  3240  291.62701314  28301462.50  
  3276  294.86712886  28301269.00  
  3288  295.94692571  28301203.40  
  3316  298.47057857  28264045.50  
  3324  299.18721814  28300991.90  
  3336  300.26686514  28300920.10  
  3337  300.35993800  28263861.30  
  3364  302.78994771  28263626.00  
  3384  304.58698186  28300629.20  
  3385  304.67994700  28263444.30  
  3412  307.11057400  28263190.00  
  3420  307.82694300  28300427.70  
  3433  308.99997229  28263009.20  
  3446  310.16688543  28300241.90  
  3480  313.22661886  28300001.30  
  3481  313.32024886  28262607.90  
  3497  314.75687200  28299900.00  
  3516  316.46657071  28299753.40  
  3528  317.54664414  28299660.80  
  3529  317.64002657  28262215.90  
  3545  319.07696857  28299552.20  
  3564  320.78649643  28299400.70  
  3590  323.12702029  28299216.80  
  3593  323.39652657  28299183.30  
  3641  327.71637686  28298803.50  
  3660  329.42634971  28298638.50  
  3689  332.03629486  28298402.70  
  3708  333.74626357  28298236.20  
  3734  336.08664343  28298018.40  
  3756  338.06619314  28297804.40  
  3782  340.40616814  28297562.60  
  3785  340.67622300  28297535.10  
  3804  342.38611871  28297352.60  
  3830  344.72609129  28297098.80  
  3833  344.99649714  28297063.40  
  3852  346.70604329  28296876.20  
  3878  349.04602229  28296604.00  
  3900  351.02597386  28296373.50  
  3919  352.73595414  28296167.20  
  3926  353.36595586  28296082.00  
  3948  355.34590686  28295839.00  
  3967  357.05668186  28295659.30  
  3974  357.68589286  28295539.30  
  3996  359.66584014  28295285.00  
  4015  361.37583614  28295070.30  
  4022  362.00594657  28294981.20  
  4044  363.98577443  28294701.40  
  4092  368.30571643  28294088.70  
  4121  370.91568343  28293698.20  
  4140  372.62565171  28293438.50  
  4159  374.33603729  28293171.40  
  4166  374.96564843  28293069.90  
  4169  375.23562757  28293036.40  
  4188  376.94560100  28292766.30  
  4207  378.65609200  28292503.90  
  4217  379.55556043  28292342.00  
