      40 3.627322000000000 2020 10  5 04:27:12.371310889721 28287717.6 16884.6 5.972445e-004
      88 7.947262290000001 2020 10  5 04:27:16.691263318062 28287308.4 16475.4 5.827702e-004
     136 12.267255429999999 2020 10  5 04:27:21.011255979538 28286900.0 16067.0 5.683243e-004
     147 13.257590430000000 2020 10  5 04:27:22.001594603062 28286814.5 15981.5 5.652999e-004
     184 16.587279710000001 2020 10  5 04:27:25.331288874149 28286500.8 15667.8 5.542037e-004
     195 17.577322429999999 2020 10  5 04:27:26.321305632591 28286372.9 15539.9 5.496796e-004
     232 20.907148569999997 2020 10  5 04:27:29.651160836220 28286073.5 15240.5 5.390892e-004
     243 21.897130860000001 2020 10  5 04:27:30.641137361526 28285961.2 15128.2 5.351169e-004
     280 25.227105999999999 2020 10  5 04:27:33.971113264561 28285640.5 14807.5 5.237730e-004
     291 26.217124569999999 2020 10  5 04:27:34.961130023003 28285529.6 14696.6 5.198503e-004
     328 29.547206710000001 2020 10  5 04:27:38.291226625443 28285209.6 14376.6 5.085312e-004
     339 30.537125430000003 2020 10  5 04:27:39.281122684479 28285093.3 14260.3 5.044174e-004
     376 33.867112000000006 2020 10  5 04:27:42.611098587513 28284756.4 13923.4 4.925005e-004
     387 34.857009289999993 2020 10  5 04:27:43.600994646549 28284655.0 13822.0 4.889138e-004
     435 39.177053710000003 2020 10  5 04:27:47.921067774296 28284194.1 13361.1 4.726108e-004
     483 43.496945710000006 2020 10  5 04:27:52.240939736366 28283743.3 12910.3 4.566650e-004
     531 47.816983139999998 2020 10  5 04:27:56.560972630978 28283275.4 12442.4 4.401144e-004
     579 52.136876999999998 2020 10  5 04:28:00.880884826183 28282803.4 11970.4 4.234187e-004
     619 55.739670860000004 2020 10  5 04:28:04.483681619167 28304397.9 33564.9 1.187263e-003
     627 56.456840859999993 2020 10  5 04:28:05.200837254524 28282315.8 11482.8 4.061713e-004
     667 60.059547429999995 2020 10  5 04:28:08.803553581238 28304331.5 33498.5 1.184914e-003
     675 60.776811430000002 2020 10  5 04:28:09.520829916000 28281838.9 11005.9 3.893023e-004
     723 65.096784290000002 2020 10  5 04:28:13.840782344341 28281331.5 10498.5 3.713545e-004
     763 68.699145139999999 2020 10  5 04:28:17.443136572838 28304172.0 33339.0 1.179272e-003
     771 69.416765140000010 2020 10  5 04:28:18.160775005817 28280833.6 10000.6 3.537427e-004
     811 73.019053710000009 2020 10  5 04:28:21.763048768044 28304092.4 33259.4 1.176456e-003
     819 73.736722860000000 2020 10  5 04:28:22.480727434158 28280318.9 9485.9 3.355366e-004
     837 75.356742859999983 2020 10  5 04:28:24.100754857063 28280128.2 9295.2 3.287912e-004
     859 77.338947429999990 2020 10  5 04:28:26.082960963249 28304029.4 33196.4 1.174228e-003
     867 78.056713290000005 2020 10  5 04:28:26.800720095634 28279816.9 8983.9 3.177798e-004
     885 79.676860139999988 2020 10  5 04:28:28.420868217945 28279620.6 8787.6 3.108363e-004
     907 81.658858429999981 2020 10  5 04:28:30.402873158455 28303946.8 33113.8 1.171306e-003
     915 82.376692709999986 2020 10  5 04:28:31.120712757111 28279293.9 8460.9 2.992802e-004
     933 83.996658140000008 2020 10  5 04:28:32.740659713745 28279094.7 8261.7 2.922340e-004
     955 85.978774569999985 2020 10  5 04:28:34.722785353661 28303856.9 33023.9 1.168126e-003
     963 86.696656570000002 2020 10  5 04:28:35.440665185452 28278760.3 7927.3 2.804056e-004
     981 88.316660860000013 2020 10  5 04:28:37.060652375221 28278573.7 7740.7 2.738052e-004
    1003 90.298679000000007 2020 10  5 04:28:39.042697548866 28303773.9 32940.9 1.165190e-003
    1011 91.016642570000002 2020 10  5 04:28:39.760657846928 28278229.7 7396.7 2.616371e-004
    1029 92.636635139999996 2020 10  5 04:28:41.380645036697 28278036.2 7203.2 2.547926e-004
    1051 94.618595709999994 2020 10  5 04:28:43.362609744072 28303686.9 32853.9 1.162113e-003
    1059 95.336641860000000 2020 10  5 04:28:44.080650508404 28277696.9 6863.9 2.427909e-004
    1077 96.956613430000019 2020 10  5 04:28:45.700597465038 28277504.7 6671.7 2.359923e-004
    1099 98.938500710000000 2020 10  5 04:28:47.682481706142 28303588.6 32755.6 1.158636e-003
    1107 99.656616000000000 2020 10  5 04:28:48.400602936745 28277169.9 6336.9 2.241497e-004
    1125 101.276596000000000 2020 10  5 04:28:50.020590126514 28276962.8 6129.8 2.168242e-004
    1147 103.258425140000000 2020 10  5 04:28:52.002434134483 28303500.2 32667.2 1.155509e-003
    1155 103.976696710000000 2020 10  5 04:28:52.720716297626 28276633.1 5800.1 2.051620e-004
    1173 105.596573430000010 2020 10  5 04:28:54.340582787991 28276411.0 5578.0 1.973058e-004
    1195 107.578333139999980 2020 10  5 04:28:56.322346329689 28303406.0 32573.0 1.152177e-003
    1221 109.916563430000020 2020 10  5 04:28:58.660575449467 28275867.2 5034.2 1.780705e-004
    1243 111.898270860000000 2020 10  5 04:29:00.642258524895 28303283.6 32450.6 1.147847e-003
    1269 114.236557710000000 2020 10  5 04:29:02.980568110943 28275314.2 4481.2 1.585097e-004
    1291 116.218162710000000 2020 10  5 04:29:04.962170720100 28303181.6 32348.6 1.144239e-003
    1317 118.556533430000000 2020 10  5 04:29:07.300520539284 28274760.9 3927.9 1.389382e-004
    1339 120.538074999999990 2020 10  5 04:29:09.282082915306 28303079.1 32246.1 1.140614e-003
    1365 122.876529860000010 2020 10  5 04:29:11.620513200760 28274207.0 3374.0 1.193456e-004
    1387 124.857981139999990 2020 10  5 04:29:13.601995110512 28302962.2 32129.2 1.136479e-003
    1413 127.196522140000000 2020 10  5 04:29:15.940505862236 28273647.4 2814.4 9.955136e-005
    1435 129.177899569999990 2020 10  5 04:29:17.921907305717 28302834.3 32001.3 1.131955e-003
    1437 129.356893140000010 2020 10  5 04:29:18.100904524326 28273353.2 2520.2 8.914488e-005
    1461 131.516516430000000 2020 10  5 04:29:20.260498523712 28273072.7 2239.7 7.922299e-005
    1483 133.497811860000010 2020 10  5 04:29:22.241819500923 28302712.6 31879.6 1.127650e-003
    1485 133.676538999999990 2020 10  5 04:29:22.420535087585 28272799.4 1966.4 6.955579e-005
    1509 135.836512430000000 2020 10  5 04:29:24.580531418324 28272523.6 1690.6 5.980015e-005
    1531 137.817734430000000 2020 10  5 04:29:26.561731696129 28302581.5 31748.5 1.123013e-003
    1533 137.996530289999980 2020 10  5 04:29:26.740527749062 28272238.1 1405.1 4.970140e-005
    1557 140.156508860000000 2020 10  5 04:29:28.900524079800 28271945.5 1112.5 3.935151e-005
    1579 142.137658859999990 2020 10  5 04:29:30.881643891335 28302452.3 31619.3 1.118442e-003
    1581 142.316513569999980 2020 10  5 04:29:31.060520410538 28271659.6  826.6 2.923861e-005
    1602 144.206927000000010 2020 10  5 04:29:32.950914502144 28271431.7  598.7 2.117730e-005
    1605 144.476504139999970 2020 10  5 04:29:33.220516741276 28271385.2  552.2 1.953250e-005
    1627 146.456356000000030 2020 10  5 04:29:35.200349092484 28302212.4 31379.4 1.109957e-003
    1629 146.636509569999990 2020 10  5 04:29:35.380513072014 28271107.9  274.9 9.723803e-006
    1653 148.796508139999990 2020 10  5 04:29:37.540509402752 28270820.2  -12.8 -4.527635e-007
    1677 150.956501140000000 2020 10  5 04:29:39.700505733490 28270539.8 -293.2 -1.037111e-005
    1701 153.116538709999990 2020 10  5 04:29:41.860542297363 28270273.4 -559.6 -1.979425e-005
    1725 155.276506859999980 2020 10  5 04:29:44.020498394966 28269975.5 -857.5 -3.033161e-005
    1749 157.436626710000010 2020 10  5 04:29:46.180615425110 28269710.4 -1122.6 -3.970877e-005
    1773 159.596505429999980 2020 10  5 04:29:48.340491056442 28269407.7 -1425.3 -5.041592e-005
    1781 160.317442860000030 2020 10  5 04:29:49.061428606510 28301825.3 30992.3 1.096264e-003
    1797 161.756681139999980 2020 10  5 04:29:50.500688552856 28269125.3 -1707.7 -6.040501e-005
    1821 163.916514139999980 2020 10  5 04:29:52.660523951054 28268844.0 -1989.0 -7.035520e-005
    1829 164.637378570000010 2020 10  5 04:29:53.381381034851 28301626.8 30793.8 1.089243e-003
    1841 165.717232709999990 2020 10  5 04:29:54.461238384247 28301571.1 30738.1 1.087273e-003
    1869 168.236514139999970 2020 10  5 04:29:56.980516612530 28268279.8 -2553.2 -9.031216e-005
    1877 168.957211430000030 2020 10  5 04:29:57.701212763786 28301464.9 30631.9 1.083516e-003
    1917 172.556521860000000 2020 10  5 04:30:01.300509274006 28267725.1 -3107.9 -1.099331e-004
    1965 176.876540570000000 2020 10  5 04:30:05.620542168617 28267170.8 -3662.2 -1.295399e-004
    1986 178.766545139999980 2020 10  5 04:30:07.510533928871 28266926.7 -3906.3 -1.381742e-004
    2013 181.196552859999970 2020 10  5 04:30:09.940534830093 28266611.7 -4221.3 -1.493164e-004
    2034 183.086689860000010 2020 10  5 04:30:11.830687522888 28266366.4 -4466.6 -1.579932e-004
    2061 185.516555569999950 2020 10  5 04:30:14.260567724705 28266057.3 -4775.7 -1.689268e-004
    2082 187.406571709999980 2020 10  5 04:30:16.150559484959 28265814.4 -5018.6 -1.775186e-004
    2085 187.676775709999960 2020 10  5 04:30:16.420765221119 28265765.5 -5067.5 -1.792483e-004
    2109 189.836573999999980 2020 10  5 04:30:18.580560386181 28265509.8 -5323.2 -1.882930e-004
    2117 190.557093570000010 2020 10  5 04:30:19.301095604897 28300516.4 29683.4 1.049966e-003
    2130 191.726593999999980 2020 10  5 04:30:20.470592379570 28265274.1 -5558.9 -1.966302e-004
    2133 191.996704569999990 2020 10  5 04:30:20.740717649460 28265238.8 -5594.2 -1.978789e-004
    2157 194.156581289999960 2020 10  5 04:30:22.900593280792 28264959.4 -5873.6 -2.077618e-004
    2165 194.876686570000000 2020 10  5 04:30:23.620685935020 28300276.7 29443.7 1.041487e-003
    2178 196.046597289999970 2020 10  5 04:30:24.790585041046 28264733.8 -6099.2 -2.157418e-004
    2181 196.316971139999990 2020 10  5 04:30:25.060951709747 28264695.1 -6137.9 -2.171107e-004
    2205 198.476606570000000 2020 10  5 04:30:27.220626175404 28264417.0 -6416.0 -2.269477e-004
    2213 199.196601709999980 2020 10  5 04:30:27.940598130226 28300074.7 29241.7 1.034342e-003
    2226 200.366611860000010 2020 10  5 04:30:29.110617935658 28264189.8 -6643.2 -2.349842e-004
    2229 200.637099860000010 2020 10  5 04:30:29.381105303764 28264157.8 -6675.2 -2.361161e-004
    2253 202.796619999999990 2020 10  5 04:30:31.540618836880 28263888.1 -6944.9 -2.456560e-004
    2274 204.686622289999970 2020 10  5 04:30:33.430610597134 28263653.8 -7179.2 -2.539437e-004
    2277 204.957030290000010 2020 10  5 04:30:33.701017498970 28263632.1 -7200.9 -2.547113e-004
    2301 207.116654999999950 2020 10  5 04:30:35.860651731491 28263358.6 -7474.4 -2.643856e-004
    2322 209.006649140000010 2020 10  5 04:30:37.750643491745 28263126.5 -7706.5 -2.725954e-004
    2325 209.276797429999990 2020 10  5 04:30:38.020808994770 28263126.1 -7706.9 -2.726096e-004
    2349 211.436679860000000 2020 10  5 04:30:40.180684626102 28262827.2 -8005.8 -2.831823e-004
    2370 213.326662709999990 2020 10  5 04:30:42.070676386356 28262600.7 -8232.3 -2.911941e-004
    2397 215.756786860000010 2020 10  5 04:30:44.500797986984 28262331.0 -8502.0 -3.007340e-004
    2418 217.646684289999940 2020 10  5 04:30:46.390669047832 28262084.6 -8748.4 -3.094497e-004
    2466 221.966717140000010 2020 10  5 04:30:50.710701942444 28261570.3 -9262.7 -3.276416e-004
    2514 226.286739140000010 2020 10  5 04:30:55.030734837055 28261065.4 -9767.6 -3.455010e-004
    2562 230.606768569999990 2020 10  5 04:30:59.350767731667 28260566.6 -10266.4 -3.631446e-004
    2610 234.926803000000010 2020 10  5 04:31:03.670800626278 28260068.2 -10764.8 -3.807741e-004
    2640 237.626866570000000 2020 10  5 04:31:06.370886564255 28259755.8 -11077.2 -3.918243e-004
    2658 239.246830999999990 2020 10  5 04:31:07.990833520889 28259581.2 -11251.8 -3.980003e-004
    2688 241.946936430000020 2020 10  5 04:31:10.690919458866 28259274.6 -11558.4 -4.088454e-004
    2706 243.566868860000000 2020 10  5 04:31:12.310866415501 28259093.8 -11739.2 -4.152407e-004
    2736 246.267140860000010 2020 10  5 04:31:15.011153519154 28258803.2 -12029.8 -4.255198e-004
    2741 246.716104859999970 2020 10  5 04:31:15.460115075111 28296902.4 26069.4 9.221306e-004
    2754 247.886908290000010 2020 10  5 04:31:16.630899310112 28258619.2 -12213.8 -4.320283e-004
    2784 250.586931570000020 2020 10  5 04:31:19.330945014954 28258321.7 -12511.3 -4.425515e-004
    2789 251.035750999999980 2020 10  5 04:31:19.779745638371 28296568.6 25735.6 9.103234e-004
    2802 252.206933859999990 2020 10  5 04:31:20.950932204723 28258153.6 -12679.4 -4.484976e-004
    2832 254.906977430000010 2020 10  5 04:31:23.650977909565 28257878.1 -12954.9 -4.582426e-004
    2837 255.355676570000010 2020 10  5 04:31:24.099657833576 28296174.0 25341.0 8.963655e-004
    2850 256.526965569999960 2020 10  5 04:31:25.270965099335 28257702.1 -13130.9 -4.644681e-004
    2880 259.226985859999960 2020 10  5 04:31:27.970970571041 28257398.5 -13434.5 -4.752071e-004
    2885 259.675571139999990 2020 10  5 04:31:28.419570028782 28295791.4 24958.4 8.828321e-004
    2898 260.847010570000010 2020 10  5 04:31:29.590997993946 28257231.5 -13601.5 -4.811142e-004
    2928 263.547017999999980 2020 10  5 04:31:32.291003465652 28256957.0 -13876.0 -4.908239e-004
    2933 263.995556999999910 2020 10  5 04:31:32.739562690258 28295402.0 24569.0 8.690582e-004
    2946 265.167047430000030 2020 10  5 04:31:33.911030888557 28256794.5 -14038.5 -4.965719e-004
    2976 267.867056289999990 2020 10  5 04:31:36.611036360264 28256526.5 -14306.5 -5.060516e-004
    2981 268.315628140000000 2020 10  5 04:31:37.059635818005 28294986.2 24153.2 8.543505e-004
    2994 269.487084709999980 2020 10  5 04:31:38.231104016304 28256357.8 -14475.2 -5.120189e-004
    3024 272.187077999999990 2020 10  5 04:31:40.931069254875 28256091.8 -14741.2 -5.214279e-004
    3029 272.635385709999980 2020 10  5 04:31:41.379387080669 28294557.0 23724.0 8.391688e-004
    3042 273.807137569999950 2020 10  5 04:31:42.551136910915 28255937.2 -14895.8 -5.268964e-004
    3072 276.507119429999930 2020 10  5 04:31:45.251102149487 28255661.2 -15171.8 -5.366591e-004
    3077 276.955329569999950 2020 10  5 04:31:45.699339509010 28294099.4 23266.4 8.229825e-004
    3090 278.127291710000010 2020 10  5 04:31:46.871290504932 28255522.4 -15310.6 -5.415688e-004
    3120 280.827170289999970 2020 10  5 04:31:49.571175277233 28255235.8 -15597.2 -5.517064e-004
    3125 281.275244859999990 2020 10  5 04:31:50.019251704216 28293629.3 22796.3 8.063540e-004
    3168 285.147209290000030 2020 10  5 04:31:53.891208171844 28254834.5 -15998.5 -5.659013e-004
    3173 285.595187569999950 2020 10  5 04:31:54.339204132557 28293137.3 22304.3 7.889509e-004
    3202 288.205683290000020 2020 10  5 04:31:56.949690878391 28292853.5 22020.5 7.789123e-004
    3216 289.467248999999980 2020 10  5 04:31:58.211241066456 28254434.0 -16399.0 -5.800678e-004
    3221 289.915146569999930 2020 10  5 04:31:58.659156560898 28292638.6 21805.6 7.713108e-004
    3264 293.787293859999980 2020 10  5 04:32:02.531273961067 28254032.7 -16800.3 -5.942626e-004
    3269 294.235082289999980 2020 10  5 04:32:02.979068756104 28292128.3 21295.3 7.532604e-004
    3270 294.327573709999970 2020 10  5 04:32:03.071564733982 28253996.4 -16836.6 -5.955467e-004
    3294 296.487527139999940 2020 10  5 04:32:05.231520831585 28253792.7 -17040.3 -6.027520e-004
    3298 296.845061140000040 2020 10  5 04:32:05.589072704315 28291805.5 20972.5 7.418423e-004
    3312 298.107334569999980 2020 10  5 04:32:06.851347088814 28253648.8 -17184.2 -6.078420e-004
    3317 298.555200430000010 2020 10  5 04:32:07.299182116985 28291597.5 20764.5 7.344849e-004
    3342 300.807397999999980 2020 10  5 04:32:09.551392793655 28253409.9 -17423.1 -6.162924e-004
    3346 301.165405290000020 2020 10  5 04:32:09.909387230873 28291277.2 20444.2 7.231552e-004
    3360 302.427392859999940 2020 10  5 04:32:11.171379983425 28253274.4 -17558.6 -6.210853e-004
    3394 305.484947139999970 2020 10  5 04:32:14.228937327862 28290695.2 19862.2 7.025686e-004
    3408 306.747443430000030 2020 10  5 04:32:15.491453111172 28252905.0 -17928.0 -6.341518e-004
    3413 307.195113999999930 2020 10  5 04:32:15.939127206802 28290476.1 19643.1 6.948186e-004
    3434 309.084962860000020 2020 10  5 04:32:17.828958034515 28290209.2 19376.2 6.853778e-004
    3442 309.804875860000040 2020 10  5 04:32:18.548889756203 28290120.5 19287.5 6.822402e-004
    3461 311.514923140000010 2020 10  5 04:32:20.258918702602 28289875.3 19042.3 6.735670e-004
    3468 312.144982570000080 2020 10  5 04:32:20.888969600201 28289776.2 18943.2 6.700616e-004
    3482 313.404913709999960 2020 10  5 04:32:22.148910462856 28289601.3 18768.3 6.638750e-004
    3490 314.124825290000050 2020 10  5 04:32:22.868842184544 28289508.5 18675.5 6.605925e-004
    3530 317.724870000000010 2020 10  5 04:32:26.468862891197 28288975.6 18142.6 6.417427e-004
    3538 318.444769710000000 2020 10  5 04:32:27.188754379749 28288875.3 18042.3 6.381948e-004
    3557 320.154780140000070 2020 10  5 04:32:28.898783326149 28288631.9 17798.9 6.295853e-004
    3578 322.044742290000040 2020 10  5 04:32:30.788734853268 28288345.3 17512.3 6.194476e-004
    3586 322.764741140000010 2020 10  5 04:32:31.508747041225 28288229.8 17396.8 6.153621e-004
    3626 326.364695140000040 2020 10  5 04:32:35.108687281609 28287675.3 16842.3 5.957483e-004
    3634 327.084763000000010 2020 10  5 04:32:35.828779935837 28287563.6 16730.6 5.917972e-004
    3674 330.684655430000020 2020 10  5 04:32:39.428639709949 28286986.2 16153.2 5.713733e-004
    3682 331.404659859999980 2020 10  5 04:32:40.148651897907 28286894.2 16061.2 5.681191e-004
    3722 335.004620290000050 2020 10  5 04:32:43.748632371426 28286304.3 15471.3 5.472531e-004
    3730 335.724642290000020 2020 10  5 04:32:44.468644559383 28286194.5 15361.5 5.433692e-004
    3770 339.324589140000000 2020 10  5 04:32:48.068584799767 28285582.1 14749.1 5.217073e-004
    3778 340.044580290000060 2020 10  5 04:32:48.788596987724 28285465.9 14632.9 5.175971e-004
    3818 343.644531290000030 2020 10  5 04:32:52.388537228107 28284824.7 13991.7 4.949164e-004
    3826 344.364536709999980 2020 10  5 04:32:53.108549416065 28284705.5 13872.5 4.907001e-004
    3866 347.964641860000030 2020 10  5 04:32:56.708650588989 28284077.9 13244.9 4.685005e-004
    3874 348.684490570000040 2020 10  5 04:32:57.428501844406 28283951.5 13118.5 4.640295e-004
    3886 349.764493430000020 2020 10  5 04:32:58.508479893208 28283739.6 12906.6 4.565341e-004
    3914 352.284482290000030 2020 10  5 04:33:01.028482317924 28283310.2 12477.2 4.413453e-004
    3922 353.004470570000020 2020 10  5 04:33:01.748454272747 28283173.5 12340.5 4.365100e-004
    3962 356.604434000000030 2020 10  5 04:33:05.348434746265 28282523.8 11690.8 4.135287e-004
    3970 357.324423430000020 2020 10  5 04:33:06.068406701088 28282377.5 11544.5 4.083537e-004
    4010 360.924397139999940 2020 10  5 04:33:09.668387174606 28281697.9 10864.9 3.843148e-004
    4018 361.644398710000020 2020 10  5 04:33:10.388399362564 28281547.2 10714.2 3.789842e-004
    4058 365.244378859999980 2020 10  5 04:33:13.988379836082 28280874.7 10041.7 3.551965e-004
    4066 365.964374859999960 2020 10  5 04:33:14.708392024040 28280724.6 9891.6 3.498871e-004
    4106 369.564336999999970 2020 10  5 04:33:18.308332264423 28280019.7 9186.7 3.249533e-004
    4114 370.284341429999980 2020 10  5 04:33:19.028344452381 28279871.1 9038.1 3.196970e-004
    4154 373.883924139999980 2020 10  5 04:33:22.627922594547 28279139.9 8306.9 2.938329e-004
    4162 374.604325290000020 2020 10  5 04:33:23.348337113857 28279007.0 8174.0 2.891319e-004
    4166 374.964632999999990 2020 10  5 04:33:23.708624839783 28278927.6 8094.6 2.863234e-004
    4186 376.764482290000050 2020 10  5 04:33:25.508494377136 28278585.8 7752.8 2.742332e-004
    4189 377.034419139999950 2020 10  5 04:33:25.778418481350 28278500.5 7667.5 2.712159e-004
    4202 378.204296290000000 2020 10  5 04:33:26.948277354240 28278284.5 7451.5 2.635755e-004
    4210 378.924300139999960 2020 10  5 04:33:27.668289542198 28278131.0 7298.0 2.581459e-004
    4214 379.284786999999990 2020 10  5 04:33:28.028778433800 28278068.0 7235.0 2.559175e-004
    4234 381.084326289999980 2020 10  5 04:33:29.828326106071 28277677.0 6844.0 2.420870e-004
    4237 381.354299430000030 2020 10  5 04:33:30.098290443420 28277630.9 6797.9 2.404563e-004
    4250 382.524273859999990 2020 10  5 04:33:31.268270015717 28277382.2 6549.2 2.316593e-004
    4253 382.794382139999980 2020 10  5 04:33:31.538395285606 28277323.5 6490.5 2.295829e-004
    4258 383.244291860000030 2020 10  5 04:33:31.988282203674 28277256.0 6423.0 2.271953e-004
    4262 383.604305860000010 2020 10  5 04:33:32.348288297653 28277150.5 6317.5 2.234635e-004
    4282 385.404801430000020 2020 10  5 04:33:34.148801565170 28276807.3 5974.3 2.113238e-004
    4285 385.674277710000010 2020 10  5 04:33:34.418283104897 28276728.1 5895.1 2.085223e-004
    4298 386.844261710000070 2020 10  5 04:33:35.588262677193 28276487.8 5654.8 2.000224e-004
    4306 387.564501430000010 2020 10  5 04:33:36.308516263962 28276364.9 5531.9 1.956752e-004
    4310 387.924431999999970 2020 10  5 04:33:36.668441891670 28276241.9 5408.9 1.913244e-004
    4330 389.724584139999990 2020 10  5 04:33:38.468593060970 28275894.7 5061.7 1.790432e-004
    4333 389.994247569999970 2020 10  5 04:33:38.738235533237 28275821.0 4988.0 1.764363e-004
    4346 391.164240290000070 2020 10  5 04:33:39.908255338669 28275585.2 4752.2 1.680955e-004
    4352 391.704334999999960 2020 10  5 04:33:40.448344945908 28275452.6 4619.6 1.634052e-004
    4354 391.884331569999970 2020 10  5 04:33:40.628347992897 28275448.3 4615.3 1.632531e-004
    4358 392.244272570000020 2020 10  5 04:33:40.988273620605 28275355.7 4522.7 1.599776e-004
    4381 394.314242570000030 2020 10  5 04:33:43.058228194714 28274903.6 4070.6 1.439859e-004
    4394 395.484233569999960 2020 10  5 04:33:44.228248000145 28274658.7 3825.7 1.353232e-004
    4400 396.024267140000010 2020 10  5 04:33:44.768257141113 28274560.6 3727.6 1.318532e-004
    4429 398.634227710000000 2020 10  5 04:33:47.378220856190 28273989.1 3156.1 1.116380e-004
    4442 399.804229570000020 2020 10  5 04:33:48.548240661621 28273746.0 2913.0 1.030391e-004
    4448 400.344245710000050 2020 10  5 04:33:49.088249802589 28273618.6 2785.6 9.853265e-005
    4477 402.954224140000010 2020 10  5 04:33:51.698213517666 28273059.6 2226.6 7.875962e-005
    4490 404.124212290000000 2020 10  5 04:33:52.868193089962 28272811.3 1978.3 6.997671e-005
    4496 404.664683140000080 2020 10  5 04:33:53.408685028553 28272701.8 1868.8 6.610346e-005
    4510 405.924376139999940 2020 10  5 04:33:54.668384492397 28272425.0 1592.0 5.631245e-005
    4522 407.004276570000000 2020 10  5 04:33:55.748282074928 28272204.7 1371.7 4.851997e-005
    4525 407.274215429999970 2020 10  5 04:33:56.018206179142 28272125.4 1292.4 4.571496e-005
    4538 408.444213289999990 2020 10  5 04:33:57.188225984573 28271870.2 1037.2 3.668799e-005
    4541 408.714240140000020 2020 10  5 04:33:57.458230555058 28271824.5  991.5 3.507148e-005
    4544 408.984249999999970 2020 10  5 04:33:57.728235125542 28271758.0  925.0 3.271923e-005
    4558 410.244340860000020 2020 10  5 04:33:58.988336920738 28271488.1  655.1 2.317229e-005
    4570 411.324216859999980 2020 10  5 04:34:00.068234503269 28271243.4  410.4 1.451673e-005
    4573 411.594213999999970 2020 10  5 04:34:00.338198840618 28271193.0  360.0 1.273397e-005
    4586 412.764214709999980 2020 10  5 04:34:01.508218646049 28270939.9  106.9 3.781282e-006
    4589 413.034224709999990 2020 10  5 04:34:01.778223216534 28270870.6   37.6 1.329993e-006
    4592 413.304271430000030 2020 10  5 04:34:02.048268020153 28270798.1  -34.9 -1.234488e-006
    4594 413.484555709999940 2020 10  5 04:34:02.228552699089 28270797.5  -35.5 -1.255711e-006
    4606 414.564380430000030 2020 10  5 04:34:03.308369815350 28270560.1 -272.9 -9.653058e-006
    4618 415.644227140000050 2020 10  5 04:34:04.388227164745 28270324.3 -508.7 -1.799381e-005
    4621 415.914226289999990 2020 10  5 04:34:04.658231735229 28270259.8 -573.2 -2.027531e-005
    4634 417.084213289999980 2020 10  5 04:34:05.828211307526 28270007.4 -825.6 -2.920324e-005
    4637 417.354215860000010 2020 10  5 04:34:06.098215878010 28269946.2 -886.8 -3.136802e-005
    4666 419.964220140000010 2020 10  5 04:34:08.708219826221 28269388.4 -1444.6 -5.109860e-005
    4669 420.234220569999990 2020 10  5 04:34:08.978224396706 28269319.7 -1513.3 -5.352867e-005
    4682 421.404212289999980 2020 10  5 04:34:10.148203969002 28269077.6 -1755.4 -6.209226e-005
    4685 421.674250570000030 2020 10  5 04:34:10.418248772621 28269006.3 -1826.7 -6.461430e-005
    4714 424.284219569999950 2020 10  5 04:34:13.028212487698 28268449.7 -2383.3 -8.430243e-005
    4717 424.554538859999980 2020 10  5 04:34:13.298538923264 28268401.8 -2431.2 -8.599676e-005
    4730 425.724222709999990 2020 10  5 04:34:14.468236863613 28268145.3 -2687.7 -9.506971e-005
    4762 428.604231710000020 2020 10  5 04:34:17.348245382309 28267519.0 -3314.0 -1.172233e-004
    4778 430.044238000000010 2020 10  5 04:34:18.788229525089 28267218.6 -3614.4 -1.278491e-004
    4784 430.584303709999970 2020 10  5 04:34:19.328319132328 28267111.2 -3721.8 -1.316480e-004
    4810 432.924235859999950 2020 10  5 04:34:21.668238043785 28266600.7 -4232.3 -1.497055e-004
    4826 434.364242860000050 2020 10  5 04:34:23.108262419701 28266299.6 -4533.4 -1.603561e-004
    4829 434.634504429999990 2020 10  5 04:34:23.378508388996 28266247.8 -4585.2 -1.621884e-004
    4832 434.904283140000020 2020 10  5 04:34:23.648271560669 28266182.9 -4650.1 -1.644840e-004
    4846 436.164357290000000 2020 10  5 04:34:24.908373355865 28265917.0 -4916.0 -1.738895e-004
    4858 437.244248000000030 2020 10  5 04:34:25.988230705261 28265683.9 -5149.1 -1.821347e-004
    4874 438.684258000000000 2020 10  5 04:34:27.428255081177 28265385.1 -5447.9 -1.927039e-004
    4877 438.954302289999990 2020 10  5 04:34:27.698299884796 28265326.0 -5507.0 -1.947944e-004
    4880 439.224314999999930 2020 10  5 04:34:27.968304455280 28265266.1 -5566.9 -1.969132e-004
    4894 440.484293999999980 2020 10  5 04:34:29.228285551071 28265017.2 -5815.8 -2.057173e-004
    4906 441.564272430000020 2020 10  5 04:34:30.308263599873 28264782.1 -6050.9 -2.140333e-004
    4922 443.004275140000000 2020 10  5 04:34:31.748287975788 28264488.5 -6344.5 -2.244186e-004
    4925 443.274277429999980 2020 10  5 04:34:32.018292546272 28264419.1 -6413.9 -2.268734e-004
    4928 443.544289290000050 2020 10  5 04:34:32.288297116756 28264362.3 -6470.7 -2.288825e-004
    4942 444.804284710000050 2020 10  5 04:34:33.548278212547 28264094.4 -6738.6 -2.383587e-004
    4954 445.884291000000020 2020 10  5 04:34:34.628296494484 28263897.0 -6936.0 -2.453412e-004
    4970 447.324286430000030 2020 10  5 04:34:36.068280637264 28263589.7 -7243.3 -2.562111e-004
    4973 447.594298139999980 2020 10  5 04:34:36.338285207748 28263537.7 -7295.3 -2.580504e-004
    4976 447.864311569999980 2020 10  5 04:34:36.608330011368 28263484.3 -7348.7 -2.599393e-004
    4990 449.124326000000000 2020 10  5 04:34:37.868311107159 28263223.4 -7609.6 -2.691679e-004
    5002 450.204528709999980 2020 10  5 04:34:38.948530554771 28263007.0 -7826.0 -2.768224e-004
    5018 451.644320570000050 2020 10  5 04:34:40.388313531876 28262716.2 -8116.8 -2.871086e-004
    5021 451.914317999999920 2020 10  5 04:34:40.658318102360 28262660.0 -8173.0 -2.890965e-004
    5024 452.184323290000010 2020 10  5 04:34:40.928322672844 28262608.9 -8224.1 -2.909041e-004
    5038 453.444480290000060 2020 10  5 04:34:42.188464701176 28262342.6 -8490.4 -3.003237e-004
    5050 454.524522569999990 2020 10  5 04:34:43.268523216248 28262158.2 -8674.8 -3.068463e-004
    5066 455.964335709999940 2020 10  5 04:34:44.708346426487 28261860.0 -8973.0 -3.173943e-004
    5069 456.234331429999940 2020 10  5 04:34:44.978350996971 28261785.1 -9047.9 -3.200436e-004
    5072 456.504345430000000 2020 10  5 04:34:45.248355567455 28261735.0 -9098.0 -3.218158e-004
    5086 457.764344999999990 2020 10  5 04:34:46.508336663246 28261489.9 -9343.1 -3.304855e-004
    5114 460.284363289999990 2020 10  5 04:34:49.028379321098 28260995.6 -9837.4 -3.479699e-004
    5117 460.554355429999990 2020 10  5 04:34:49.298343658447 28260944.5 -9888.5 -3.497775e-004
    5120 460.824370709999980 2020 10  5 04:34:49.568388462067 28260888.7 -9944.3 -3.517512e-004
    5162 464.604380430000050 2020 10  5 04:34:53.348371982574 28260165.9 -10667.1 -3.773182e-004
    5165 464.874387430000010 2020 10  5 04:34:53.618376553059 28260106.1 -10726.9 -3.794335e-004
    5168 465.144388570000050 2020 10  5 04:34:53.888381123543 28260053.9 -10779.1 -3.812799e-004
    5210 468.924415859999950 2020 10  5 04:34:57.668404877186 28259344.3 -11488.7 -4.063800e-004
    5213 469.194403570000020 2020 10  5 04:34:57.938409447670 28259293.2 -11539.8 -4.081875e-004
    5216 469.464419429999960 2020 10  5 04:34:58.208414018154 28259251.1 -11581.9 -4.096766e-004
    5230 470.724562289999990 2020 10  5 04:34:59.468556046486 28259010.8 -11822.2 -4.181766e-004
    5258 473.244456290000020 2020 10  5 04:35:01.988437771797 28258544.9 -12288.1 -4.346565e-004
    5261 473.514446710000020 2020 10  5 04:35:02.258442342281 28258494.2 -12338.8 -4.364498e-004
    5264 473.784477999999980 2020 10  5 04:35:02.528487145901 28258440.1 -12392.9 -4.383635e-004
    5278 475.044465570000060 2020 10  5 04:35:03.788468241692 28258205.0 -12628.0 -4.466794e-004
    5306 477.564504860000000 2020 10  5 04:35:06.308510899544 28257755.6 -13077.4 -4.625757e-004
    5309 477.834483140000030 2020 10  5 04:35:06.578475236893 28257702.3 -13130.7 -4.644610e-004
    5312 478.104497430000040 2020 10  5 04:35:06.848479807377 28257670.8 -13162.2 -4.655752e-004
    5326 479.364497430000030 2020 10  5 04:35:08.108501136303 28257431.8 -13401.2 -4.740292e-004
    5354 481.884538859999960 2020 10  5 04:35:10.628543794155 28256985.5 -13847.5 -4.898158e-004
    5357 482.154525860000040 2020 10  5 04:35:10.898508131504 28256943.0 -13890.0 -4.913191e-004
    5360 482.424530429999950 2020 10  5 04:35:11.168512701988 28256885.3 -13947.7 -4.933601e-004
    5374 483.684535139999980 2020 10  5 04:35:12.428534030914 28256688.6 -14144.4 -5.003178e-004
    5402 486.204735429999970 2020 10  5 04:35:14.948737621307 28256252.9 -14580.1 -5.157294e-004
    5405 486.474593429999970 2020 10  5 04:35:15.218581259251 28256195.4 -14637.6 -5.177633e-004
    5408 486.744658000000020 2020 10  5 04:35:15.488666296005 28256157.5 -14675.5 -5.191039e-004
    5422 488.004569570000000 2020 10  5 04:35:16.748566925526 28255944.2 -14888.8 -5.266488e-004
    5450 490.524863140000040 2020 10  5 04:35:19.268850982189 28255533.8 -15299.2 -5.411655e-004
    5453 490.794718709999930 2020 10  5 04:35:19.538734853268 28255482.0 -15351.0 -5.429978e-004
    5456 491.064629710000020 2020 10  5 04:35:19.808618724346 28255449.1 -15383.9 -5.441615e-004
    5470 492.324604000000020 2020 10  5 04:35:21.068599820137 28255222.6 -15610.4 -5.521733e-004
    5498 494.844672710000050 2020 10  5 04:35:23.588682711124 28254819.5 -16013.5 -5.664318e-004
    5504 495.384662000000050 2020 10  5 04:35:24.128651618958 28254724.3 -16108.7 -5.697993e-004
    5518 496.644645430000080 2020 10  5 04:35:25.388632714748 28254525.6 -16307.4 -5.768277e-004
    5546 499.164754000000020 2020 10  5 04:35:27.908755838871 28254134.6 -16698.4 -5.906582e-004
    5552 499.704762570000010 2020 10  5 04:35:28.448764979839 28254029.4 -16803.6 -5.943794e-004
    5566 500.964690000000020 2020 10  5 04:35:29.708705842495 28253843.9 -16989.1 -6.009409e-004
    5572 501.504883140000060 2020 10  5 04:35:30.248875916004 28253763.0 -17070.0 -6.038025e-004
    5614 505.284738429999950 2020 10  5 04:35:34.028738737106 28253185.3 -17647.7 -6.242370e-004
    5620 505.825525139999970 2020 10  5 04:35:34.569512307644 28253107.4 -17725.6 -6.269925e-004
    5662 509.604788430000040 2020 10  5 04:35:38.348771631718 28252558.8 -18274.2 -6.463976e-004
    5680 511.224846290000020 2020 10  5 04:35:39.968839287758 28252332.6 -18500.4 -6.543988e-004
    5690 512.124893710000040 2020 10  5 04:35:40.868894755840 28252171.8 -18661.2 -6.600867e-004
    5710 513.924839570000130 2020 10  5 04:35:42.668844759464 28251931.8 -18901.2 -6.685760e-004
    5728 515.544859859999970 2020 10  5 04:35:44.288872182369 28251706.7 -19126.3 -6.765383e-004
    5744 516.985130570000140 2020 10  5 04:35:45.729137957096 28251489.4 -19343.6 -6.842246e-004
    5758 518.244891140000050 2020 10  5 04:35:46.988877654076 28251331.3 -19501.7 -6.898170e-004
    5776 519.864912709999890 2020 10  5 04:35:48.608905076981 28251119.6 -19713.4 -6.973052e-004
    5806 522.564174859999980 2020 10  5 04:35:51.308186352253 28250800.1 -20032.9 -7.086066e-004
    5812 523.104987290000050 2020 10  5 04:35:51.849000155926 28250670.9 -20162.1 -7.131767e-004
    5824 524.184958710000050 2020 10  5 04:35:52.928978204727 28250540.5 -20292.5 -7.177892e-004
    5840 525.625387860000050 2020 10  5 04:35:54.369404911995 28250337.4 -20495.6 -7.249733e-004
    5854 526.885000139999990 2020 10  5 04:35:55.628983676434 28250186.6 -20646.4 -7.303075e-004
    5860 527.425188999999930 2020 10  5 04:35:56.169193983078 28250124.4 -20708.6 -7.325076e-004
    5872 528.505010859999970 2020 10  5 04:35:57.249011099339 28249984.1 -20848.9 -7.374703e-004
    5902 531.205080860000070 2020 10  5 04:35:59.949097037315 28249642.2 -21190.8 -7.495640e-004
    5908 531.745134290000010 2020 10  5 04:36:00.489146411419 28249590.4 -21242.6 -7.513963e-004
    5920 532.825075999999970 2020 10  5 04:36:01.569084227085 28249452.3 -21380.7 -7.562812e-004
    5950 535.525205289999920 2020 10  5 04:36:04.269210398197 28249127.1 -21705.9 -7.677842e-004
    5956 536.065159139999880 2020 10  5 04:36:04.809139072895 28249060.0 -21773.0 -7.701577e-004
    5968 537.145128709999880 2020 10  5 04:36:05.889117121696 28248930.3 -21902.7 -7.747455e-004
    5998 539.845526139999830 2020 10  5 04:36:08.589524924755 28248584.6 -22248.4 -7.869736e-004
    6004 540.385242429999950 2020 10  5 04:36:09.129252433777 28248541.8 -22291.2 -7.884876e-004
    6016 541.465184429999910 2020 10  5 04:36:10.209190249443 28248435.3 -22397.7 -7.922547e-004
    6046 544.165514139999910 2020 10  5 04:36:12.909517586231 28248119.2 -22713.8 -8.034358e-004
    6052 544.705368430000020 2020 10  5 04:36:13.449365794659 28248067.7 -22765.3 -8.052575e-004
    6064 545.785245710000030 2020 10  5 04:36:14.529263377190 28247953.4 -22879.6 -8.093005e-004
    6092 548.305311570000070 2020 10  5 04:36:17.049306035042 28247685.0 -23148.0 -8.187944e-004
    6100 549.025327139999940 2020 10  5 04:36:17.769318223000 28247613.6 -23219.4 -8.213200e-004
    6112 550.105312290000030 2020 10  5 04:36:18.849296271801 28247493.5 -23339.5 -8.255682e-004
    6140 552.625369429999980 2020 10  5 04:36:21.369379162788 28247221.0 -23612.0 -8.352071e-004
    6148 553.345414570000000 2020 10  5 04:36:22.089431583881 28247143.4 -23689.6 -8.379520e-004
    6160 554.425371000000040 2020 10  5 04:36:23.169369399548 28247042.0 -23791.0 -8.415387e-004
    6188 556.945428139999880 2020 10  5 04:36:25.689412057400 28246796.0 -24037.0 -8.502402e-004
    6196 557.665612999999890 2020 10  5 04:36:26.409625411034 28246696.1 -24136.9 -8.537739e-004
    6208 558.745439860000030 2020 10  5 04:36:27.489442527294 28246614.4 -24218.6 -8.566638e-004
    6236 561.266032139999990 2020 10  5 04:36:30.010048449039 28246338.6 -24494.4 -8.664195e-004
    6256 563.064858859999960 2020 10  5 04:36:31.808871924877 28246200.1 -24632.9 -8.713185e-004
    6284 565.585628429999930 2020 10  5 04:36:34.329638779163 28245961.9 -24871.1 -8.797442e-004
    6304 567.385578860000010 2020 10  5 04:36:36.129588782787 28245795.6 -25037.4 -8.856265e-004
    6332 569.904892860000020 2020 10  5 04:36:38.648907244205 28245586.0 -25247.0 -8.930405e-004
    6340 570.626146570000060 2020 10  5 04:36:39.370166659355 28245512.4 -25320.6 -8.956439e-004
    6352 571.705635710000020 2020 10  5 04:36:40.449621677399 28245413.2 -25419.8 -8.991528e-004
    6380 574.225682140000000 2020 10  5 04:36:42.969664335251 28245189.0 -25644.0 -9.070833e-004
    6388 574.946070999999960 2020 10  5 04:36:43.690078854561 28245120.0 -25713.0 -9.095240e-004
    6400 576.025708860000010 2020 10  5 04:36:44.769694805145 28245039.4 -25793.6 -9.123750e-004
    6416 577.465904570000020 2020 10  5 04:36:46.209920346737 28244896.4 -25936.6 -9.174332e-004
    6428 578.545742860000020 2020 10  5 04:36:47.289737462997 28244836.8 -25996.2 -9.195414e-004
    6448 580.345778430000000 2020 10  5 04:36:49.089767932892 28244671.2 -26161.8 -9.253990e-004
    6476 582.865814570000000 2020 10  5 04:36:51.609810590744 28244483.2 -26349.8 -9.320489e-004
    6496 584.665870860000040 2020 10  5 04:36:53.409881293774 28244349.4 -26483.6 -9.367817e-004
    6497 584.760038000000010 2020 10  5 04:36:53.504026830196 28305379.9 34546.9 1.221998e-003
    6524 587.185893710000070 2020 10  5 04:36:55.929883718491 28244139.3 -26693.7 -9.442134e-004
    6544 588.986016289999950 2020 10  5 04:36:57.730034887791 28244006.9 -26826.1 -9.488967e-004
    6572 591.505965709999940 2020 10  5 04:37:00.249956846237 28243818.8 -27014.2 -9.555502e-004
    6592 593.306066139999870 2020 10  5 04:37:02.050067782402 28243672.8 -27160.2 -9.607145e-004
    6620 595.826032570000050 2020 10  5 04:37:04.570029973984 28243513.5 -27319.5 -9.663493e-004
    6641 597.719254859999980 2020 10  5 04:37:06.463240385056 28305236.2 34403.2 1.216915e-003
    6656 599.066392139999950 2020 10  5 04:37:07.810406684875 28243259.6 -27573.4 -9.753303e-004
    6668 600.146105570000030 2020 10  5 04:37:08.890103101730 28243210.2 -27622.8 -9.770777e-004
    6688 601.946329569999990 2020 10  5 04:37:10.690334737301 28243085.9 -27747.1 -9.814744e-004
    6689 602.039180859999990 2020 10  5 04:37:10.783192813396 28305189.0 34356.0 1.215245e-003
    6704 603.386218569999980 2020 10  5 04:37:12.130238413811 28242992.9 -27840.1 -9.847640e-004
    6716 604.466169569999920 2020 10  5 04:37:13.210176229477 28242919.3 -27913.7 -9.873674e-004
    6737 606.359077999999950 2020 10  5 04:37:15.103064775467 28305120.6 34287.6 1.212826e-003
    6763 608.699175430000080 2020 10  5 04:37:17.443184852600 28305095.3 34262.3 1.211931e-003
    6764 608.786252999999990 2020 10  5 04:37:17.530249357224 28242648.0 -28185.0 -9.969639e-004
    6785 610.678978430000140 2020 10  5 04:37:19.422976970673 28305085.3 34252.3 1.211577e-003
    6811 613.018959290000000 2020 10  5 04:37:21.762976348400 28305053.0 34220.0 1.210435e-003
    6812 613.106323709999970 2020 10  5 04:37:21.850322484970 28242378.1 -28454.9 -1.006511e-003
    6833 614.998921000000000 2020 10  5 04:37:23.742929399014 28305014.5 34181.5 1.209073e-003
    6859 617.338849709999980 2020 10  5 04:37:26.082848310471 28304992.3 34159.3 1.208288e-003
    6860 617.426405139999930 2020 10  5 04:37:26.170395612717 28242116.3 -28716.7 -1.015771e-003
    6881 619.318812859999980 2020 10  5 04:37:28.062801361084 28304960.2 34127.2 1.207152e-003
    6907 621.658733140000090 2020 10  5 04:37:30.402720272541 28304942.5 34109.5 1.206526e-003
    6908 621.746484710000000 2020 10  5 04:37:30.490468740463 28241865.8 -28967.2 -1.024632e-003
    6929 623.638727140000010 2020 10  5 04:37:32.382713556290 28304893.5 34060.5 1.204793e-003
    6955 625.978677430000060 2020 10  5 04:37:34.722672700882 28304864.8 34031.8 1.203778e-003
    6956 626.066555569999990 2020 10  5 04:37:34.810541868210 28241632.6 -29200.4 -1.032881e-003
    6977 627.958616429999890 2020 10  5 04:37:36.702625751495 28304827.3 33994.3 1.202451e-003
    6979 628.136916859999930 2020 10  5 04:37:36.880898773670 28241520.0 -29313.0 -1.036864e-003
    7003 630.298591710000100 2020 10  5 04:37:39.042584896088 28304796.7 33963.7 1.201369e-003
    7004 630.386639289999950 2020 10  5 04:37:39.130655229092 28241397.6 -29435.4 -1.041193e-003
    7025 632.278605140000080 2020 10  5 04:37:41.022618412971 28304781.5 33948.5 1.200831e-003
    7027 632.456693429999860 2020 10  5 04:37:41.200690269470 28241292.4 -29540.6 -1.044914e-003
    7051 634.618490710000060 2020 10  5 04:37:43.362497091293 28304716.9 33883.9 1.198546e-003
    7052 634.706710000000040 2020 10  5 04:37:43.450728356838 28241175.2 -29657.8 -1.049060e-003
    7073 636.598422290000030 2020 10  5 04:37:45.342409908772 28304705.4 33872.4 1.198139e-003
    7075 636.776841430000100 2020 10  5 04:37:45.520843863487 28241088.1 -29744.9 -1.052141e-003
    7099 638.938444710000000 2020 10  5 04:37:47.682449519634 28304656.4 33823.4 1.196406e-003
    7100 639.026798570000100 2020 10  5 04:37:47.770801484585 28240966.8 -29866.2 -1.056432e-003
    7123 641.096990430000010 2020 10  5 04:37:49.840997457504 28240874.5 -29958.5 -1.059696e-003
    7147 643.258661999999960 2020 10  5 04:37:52.002643346786 28304584.5 33751.5 1.193863e-003
    7148 643.346882429999940 2020 10  5 04:37:52.090874612331 28240765.8 -30067.2 -1.063541e-003
    7169 645.238270570000170 2020 10  5 04:37:53.982274532318 28304545.6 33712.6 1.192487e-003
    7171 645.416950289999930 2020 10  5 04:37:54.160949885845 28240652.4 -30180.6 -1.067553e-003
    7195 647.578262000000000 2020 10  5 04:37:56.322273910046 28304485.8 33652.8 1.190372e-003
    7196 647.666950570000040 2020 10  5 04:37:56.410947740078 28240567.5 -30265.5 -1.070556e-003
    7217 649.558216289999900 2020 10  5 04:37:58.302226960659 28304473.3 33640.3 1.189930e-003
    7219 649.736997570000090 2020 10  5 04:37:58.480982780457 28240481.8 -30351.2 -1.073587e-003
    7243 651.898132000000030 2020 10  5 04:38:00.642145872116 28304417.5 33584.5 1.187956e-003
    7244 651.987038859999980 2020 10  5 04:38:00.731020867825 28240376.9 -30456.1 -1.077298e-003
    7265 653.878097140000020 2020 10  5 04:38:02.622098922729 28304385.1 33552.1 1.186810e-003
    7267 654.057114139999840 2020 10  5 04:38:02.801096141338 28240292.9 -30540.1 -1.080269e-003
    7291 656.218029860000000 2020 10  5 04:38:04.962017834187 28304331.6 33498.6 1.184917e-003
    7292 656.307117709999830 2020 10  5 04:38:05.051134228706 28240191.5 -30641.5 -1.083856e-003
    7313 658.197997859999990 2020 10  5 04:38:06.942011117935 28304285.0 33452.0 1.183269e-003
    7315 658.377202999999890 2020 10  5 04:38:07.121209502220 28240108.2 -30724.8 -1.086802e-003
    7339 660.537935289999950 2020 10  5 04:38:09.281930029392 28304246.3 33413.3 1.181900e-003
    7340 660.627190289999930 2020 10  5 04:38:09.371207356453 28240026.6 -30806.4 -1.089688e-003
    7361 662.517896999999950 2020 10  5 04:38:11.261883080006 28304211.3 33378.3 1.180662e-003
    7363 662.697239289999970 2020 10  5 04:38:11.441242396832 28239943.5 -30889.5 -1.092628e-003
    7387 664.857848569999990 2020 10  5 04:38:13.601842224598 28304157.5 33324.5 1.178759e-003
    7388 664.947275709999870 2020 10  5 04:38:13.691280484200 28239844.5 -30988.5 -1.096130e-003
    7409 666.837807429999880 2020 10  5 04:38:15.581795275211 28304082.8 33249.8 1.176117e-003
    7411 667.017319709999920 2020 10  5 04:38:15.761315524578 28239770.9 -31062.1 -1.098733e-003
    7435 669.177761710000030 2020 10  5 04:38:17.921754419804 28304066.9 33233.9 1.175554e-003
    7436 669.267378570000120 2020 10  5 04:38:18.011393845081 28239698.1 -31134.9 -1.101308e-003
    7457 671.157750139999960 2020 10  5 04:38:19.901747703552 28304011.0 33178.0 1.173577e-003
    7459 671.337404139999880 2020 10  5 04:38:20.081388652325 28239613.3 -31219.7 -1.104308e-003
    7483 673.497715999999970 2020 10  5 04:38:22.241706848145 28303969.8 33136.8 1.172120e-003
    7484 673.587446290000000 2020 10  5 04:38:22.331426739693 28239539.4 -31293.6 -1.106922e-003
    7507 675.657490709999930 2020 10  5 04:38:24.401502013206 28239460.3 -31372.7 -1.109720e-003
    7531 677.817596569999980 2020 10  5 04:38:26.561578810215 28303852.6 33019.6 1.167974e-003
    7532 677.907541570000030 2020 10  5 04:38:26.651540100574 28239397.5 -31435.5 -1.111941e-003
    7553 679.797878860000080 2020 10  5 04:38:28.541893959045 28303809.7 32976.7 1.166457e-003
    7555 679.977690429999940 2020 10  5 04:38:28.721695840359 28239303.3 -31529.7 -1.115273e-003
    7579 682.137509570000020 2020 10  5 04:38:30.881491005421 28303745.8 32912.8 1.164196e-003
    7601 684.117520709999890 2020 10  5 04:38:32.861524522305 28303684.9 32851.9 1.162042e-003
    7603 684.297662859999950 2020 10  5 04:38:33.041648268700 28239157.7 -31675.3 -1.120423e-003
    7627 686.457410859999870 2020 10  5 04:38:35.201403200626 28303627.4 32794.4 1.160008e-003
    7628 686.547717570000030 2020 10  5 04:38:35.291726589203 28239104.3 -31728.7 -1.122312e-003
    7649 688.437400139999910 2020 10  5 04:38:37.181396484375 28303549.3 32716.3 1.157246e-003
    7651 688.617732860000050 2020 10  5 04:38:37.361721396446 28239027.3 -31805.7 -1.125036e-003
    7675 690.777306860000070 2020 10  5 04:38:39.521315395832 28303510.7 32677.7 1.155880e-003
    7676 690.867752429999880 2020 10  5 04:38:39.611759483814 28238966.6 -31866.4 -1.127183e-003
    7697 692.757291999999890 2020 10  5 04:38:41.501308679581 28303436.0 32603.0 1.153238e-003
    7699 692.937821429999870 2020 10  5 04:38:41.681834757328 28238900.6 -31932.4 -1.129517e-003
    7723 695.097227569999970 2020 10  5 04:38:43.841227591038 28303383.7 32550.7 1.151388e-003
    7724 695.188046710000090 2020 10  5 04:38:43.932033777237 28238836.3 -31996.7 -1.131792e-003
    7745 697.077340430000050 2020 10  5 04:38:45.821341574192 28303341.4 32508.4 1.149892e-003
    7747 697.257898999999950 2020 10  5 04:38:46.001907885075 28238773.5 -32059.5 -1.134013e-003
    7772 699.507964429999900 2020 10  5 04:38:48.251945972443 28238699.9 -32133.1 -1.136617e-003
    7795 701.577991430000000 2020 10  5 04:38:50.321981012821 28238648.5 -32184.5 -1.138435e-003
    7820 703.828060139999930 2020 10  5 04:38:52.572059333324 28238587.2 -32245.8 -1.140603e-003
    7843 705.898075430000060 2020 10  5 04:38:54.642094373703 28238537.0 -32296.0 -1.142379e-003
    7891 710.218173570000200 2020 10  5 04:38:58.962167501450 28238408.1 -32424.9 -1.146938e-003
    7987 718.858341570000110 2020 10  5 04:39:07.602353990078 28238191.2 -32641.8 -1.154610e-003
    8035 723.178422290000070 2020 10  5 04:39:11.922427117825 28238107.0 -32726.0 -1.157589e-003
    8083 727.498518859999990 2020 10  5 04:39:16.242500245571 28238009.3 -32823.7 -1.161045e-003
    8131 731.818602289999940 2020 10  5 04:39:20.562613606453 28237909.9 -32923.1 -1.164561e-003
    8179 736.138683430000010 2020 10  5 04:39:24.882686734200 28237820.4 -33012.6 -1.167726e-003
    8227 740.458778000000050 2020 10  5 04:39:29.202759861946 28237736.1 -33096.9 -1.170708e-003
    8275 744.778960430000100 2020 10  5 04:39:33.522953689098 28237638.8 -33194.2 -1.174150e-003
    8287 745.856343139999920 2020 10  5 04:39:34.600356817245 28301493.0 30660.0 1.084510e-003
    8309 747.836271709999890 2020 10  5 04:39:36.580269634724 28301381.9 30548.9 1.080580e-003
    8323 749.098947140000060 2020 10  5 04:39:37.842946350574 28237578.0 -33255.0 -1.176301e-003
    8335 750.176303140000070 2020 10  5 04:39:38.920309245586 28301229.5 30396.5 1.075189e-003
    8357 752.156165999999870 2020 10  5 04:39:40.900181829929 28301136.7 30303.7 1.071907e-003
    8405 756.476119429999930 2020 10  5 04:39:45.220134258270 28300936.4 30103.4 1.064822e-003
    8419 757.739469570000100 2020 10  5 04:39:46.483454704285 28237415.5 -33417.5 -1.182049e-003
    8453 760.796175290000060 2020 10  5 04:39:49.540167152882 28300699.0 29866.0 1.056424e-003
    8501 765.115910999999980 2020 10  5 04:39:53.859918415546 28300443.5 29610.5 1.047387e-003
    8549 769.435993570000050 2020 10  5 04:39:58.179991543293 28300184.9 29351.9 1.038240e-003
    8597 773.755741860000060 2020 10  5 04:40:02.499742805958 28299904.3 29071.3 1.028314e-003
    8623 776.096460289999980 2020 10  5 04:40:04.840466380119 28299767.7 28934.7 1.023482e-003
    8626 776.366267289999770 2020 10  5 04:40:05.110269784927 28299724.0 28891.0 1.021937e-003
    8645 778.075685710000020 2020 10  5 04:40:06.819695234299 28299645.3 28812.3 1.019153e-003
    8671 780.415917570000030 2020 10  5 04:40:09.159936010838 28299490.5 28657.5 1.013677e-003
    8674 780.685642430000030 2020 10  5 04:40:09.429658949375 28299441.4 28608.4 1.011940e-003
    8693 782.395683570000070 2020 10  5 04:40:11.139687895775 28299342.0 28509.0 1.008424e-003
    8741 786.715648709999980 2020 10  5 04:40:15.459640324116 28299035.4 28202.4 9.975794e-004
    8789 791.035490139999980 2020 10  5 04:40:19.779472053051 28298709.4 27876.4 9.860481e-004
    8818 793.645773570000190 2020 10  5 04:40:22.389757633209 28298523.6 27690.6 9.794759e-004
    8837 795.355390429999940 2020 10  5 04:40:24.099384248257 28298369.8 27536.8 9.740357e-004
    8885 799.675302290000100 2020 10  5 04:40:28.419296443462 28298042.4 27209.4 9.624548e-004
    8914 802.285416000000050 2020 10  5 04:40:31.029421091080 28297800.1 26967.1 9.538842e-004
    8933 803.995216709999910 2020 10  5 04:40:32.739208638668 28297659.1 26826.1 9.488967e-004
    8962 806.605275570000120 2020 10  5 04:40:35.349293053150 28297458.3 26625.3 9.417940e-004
    8981 808.315162859999870 2020 10  5 04:40:37.059161067009 28297301.6 26468.6 9.362512e-004
    9029 812.635077290000030 2020 10  5 04:40:41.379073262215 28296899.6 26066.6 9.220316e-004
    9077 816.955007139999910 2020 10  5 04:40:45.699025690556 28296483.3 25650.3 9.073061e-004
    9125 821.274940430000130 2020 10  5 04:40:50.018937885761 28296050.5 25217.5 8.919971e-004
    9154 823.884977570000160 2020 10  5 04:40:52.628982067108 28295789.6 24956.6 8.827685e-004
    9173 825.594858860000040 2020 10  5 04:40:54.338850080967 28295600.3 24767.3 8.760725e-004
    9202 828.205416710000010 2020 10  5 04:40:56.949417293072 28295322.2 24489.2 8.662355e-004
    9221 829.914804140000000 2020 10  5 04:40:58.658802509308 28295124.9 24291.9 8.592566e-004
    9240 831.624877570000190 2020 10  5 04:41:00.368871688843 28294947.5 24114.5 8.529816e-004
    9250 832.524982710000020 2020 10  5 04:41:01.268967390060 28294853.8 24020.8 8.496672e-004
    9269 834.234737000000110 2020 10  5 04:41:02.978754937649 28294639.2 23806.2 8.420764e-004
    9288 835.944712999999980 2020 10  5 04:41:04.688703417778 28294459.5 23626.5 8.357200e-004
    9298 836.844872710000000 2020 10  5 04:41:05.588879585266 28294334.6 23501.6 8.313020e-004
    9317 838.554679570000080 2020 10  5 04:41:07.298667132854 28294137.2 23304.2 8.243195e-004
    9346 841.165098999999940 2020 10  5 04:41:09.909113645554 28293829.7 22996.7 8.134426e-004
    9365 842.874611570000070 2020 10  5 04:41:11.618619561195 28293597.0 22764.0 8.052115e-004
    9384 844.584902860000060 2020 10  5 04:41:13.328889906406 28293363.8 22530.8 7.969627e-004
    9391 845.214728140000030 2020 10  5 04:41:13.958739638329 28293313.6 22480.6 7.951870e-004
    9394 845.484599140000000 2020 10  5 04:41:14.228583276272 28293263.7 22430.7 7.934220e-004
    9413 847.194542140000070 2020 10  5 04:41:15.938531756401 28293044.1 22211.1 7.856542e-004
    9432 848.904660999999920 2020 10  5 04:41:17.648641169071 28292795.5 21962.5 7.768607e-004
    9442 849.804528429999890 2020 10  5 04:41:18.548535704613 28292699.1 21866.1 7.734509e-004
    9461 851.514486290000040 2020 10  5 04:41:20.258484184742 28292466.0 21633.0 7.652056e-004
    9480 853.224730570000250 2020 10  5 04:41:21.968714296818 28292248.9 21415.9 7.575263e-004
    9487 853.854511999999890 2020 10  5 04:41:22.598523795605 28292141.2 21308.2 7.537167e-004
    9490 854.124463429999990 2020 10  5 04:41:22.868447899818 28292114.8 21281.8 7.527829e-004
    9509 855.834437999999980 2020 10  5 04:41:24.578436613083 28291864.4 21031.4 7.439257e-004
    9528 857.544555859999950 2020 10  5 04:41:26.288546025753 28291607.7 20774.7 7.348457e-004
    9538 858.444411570000060 2020 10  5 04:41:27.188400328159 28291490.5 20657.5 7.307001e-004
    9557 860.154382290000060 2020 10  5 04:41:28.898389041424 28291236.8 20403.8 7.217262e-004
    9586 862.764352570000140 2020 10  5 04:41:31.508352756500 28290845.6 20012.6 7.078886e-004
    9605 864.474340860000100 2020 10  5 04:41:33.218341469765 28290585.6 19752.6 6.986918e-004
    9626 866.364415429999890 2020 10  5 04:41:35.108413696289 28290260.8 19427.8 6.872030e-004
    9634 867.084294430000000 2020 10  5 04:41:35.828305184841 28290182.5 19349.5 6.844333e-004
    9653 868.794284430000060 2020 10  5 04:41:37.538293898106 28289917.6 19084.6 6.750632e-004
    9660 869.424472570000150 2020 10  5 04:41:38.168465495110 28289833.2 19000.2 6.720778e-004
    9672 870.504363710000010 2020 10  5 04:41:39.248363077641 28289627.7 18794.7 6.648089e-004
    9674 870.684312000000090 2020 10  5 04:41:39.428325891495 28289605.4 18772.4 6.640201e-004
    9682 871.404242999999950 2020 10  5 04:41:40.148257613182 28289493.6 18660.6 6.600654e-004
    9701 873.114235860000010 2020 10  5 04:41:41.858246326447 28289205.9 18372.9 6.498889e-004
    9708 873.744241859999990 2020 10  5 04:41:42.488256990910 28289099.7 18266.7 6.461324e-004
    9720 874.824235289999930 2020 10  5 04:41:43.568235039711 28288904.0 18071.0 6.392100e-004
    9722 875.004207429999950 2020 10  5 04:41:43.748197853565 28288889.1 18056.1 6.386830e-004
    9730 875.724193000000010 2020 10  5 04:41:44.468210041523 28288773.6 17940.6 6.345975e-004
    9749 877.434241429999930 2020 10  5 04:41:46.178238987923 28288482.3 17649.3 6.242936e-004
    9756 878.065025569999990 2020 10  5 04:41:46.809014081955 28288406.7 17573.7 6.216195e-004
    9768 879.144194859999970 2020 10  5 04:41:47.888187468052 28288166.4 17333.4 6.131195e-004
    9770 879.324169139999870 2020 10  5 04:41:48.068150281906 28288161.2 17328.2 6.129356e-004
    9778 880.044145139999960 2020 10  5 04:41:48.788162469864 28288034.9 17201.9 6.084681e-004
    9797 881.754272710000010 2020 10  5 04:41:50.498271882534 28287727.6 16894.6 5.975982e-004
    9804 882.384369429999990 2020 10  5 04:41:51.128363013268 28287608.0 16775.0 5.933677e-004
    9816 883.464835999999990 2020 10  5 04:41:52.208823859692 28287430.9 16597.9 5.871033e-004
    9818 883.644118709999930 2020 10  5 04:41:52.388102710247 28287395.0 16562.0 5.858335e-004
    9826 884.364109139999870 2020 10  5 04:41:53.108114898205 28287272.5 16439.5 5.815004e-004
    9866 887.964093429999930 2020 10  5 04:41:56.708095371723 28286600.6 15767.6 5.577338e-004
    9874 888.684060140000040 2020 10  5 04:41:57.428067326546 28286481.8 15648.8 5.535316e-004
    9912 892.104057430000010 2020 10  5 04:42:00.848044753075 28285826.6 14993.6 5.303558e-004
    9914 892.284119290000040 2020 10  5 04:42:01.028128266335 28285802.3 14969.3 5.294962e-004
    9922 893.004021429999970 2020 10  5 04:42:01.748019754887 28285657.4 14824.4 5.243708e-004
    9948 895.344032139999970 2020 10  5 04:42:04.088019132614 28285224.0 14391.0 5.090405e-004
    9960 896.424144570000070 2020 10  5 04:42:05.168158113956 28285000.0 14167.0 5.011172e-004
    9962 896.603996570000160 2020 10  5 04:42:05.348000228405 28284951.7 14118.7 4.994087e-004
    9970 897.323978140000010 2020 10  5 04:42:06.067972183228 28284812.7 13979.7 4.944920e-004
    9982 898.404648999999950 2020 10  5 04:42:07.148634195328 28284597.7 13764.7 4.868870e-004
    9996 899.664328709999950 2020 10  5 04:42:08.408333659172 28284340.7 13507.7 4.777963e-004
   10008 900.743987140000060 2020 10  5 04:42:09.487989842892 28284127.6 13294.6 4.702585e-004
   10010 900.923975710000040 2020 10  5 04:42:09.667992889881 28284096.6 13263.6 4.691620e-004
   10018 901.643939860000050 2020 10  5 04:42:10.387924611568 28283949.9 13116.9 4.639729e-004
   10056 905.063986140000000 2020 10  5 04:42:13.807982504368 28283238.4 12405.4 4.388056e-004
   10058 905.243935570000190 2020 10  5 04:42:13.987945318222 28283201.2 12368.2 4.374898e-004
   10066 905.963911289999940 2020 10  5 04:42:14.707917273045 28283054.3 12221.3 4.322936e-004
   10104 909.383896290000050 2020 10  5 04:42:18.127894699574 28282332.8 11499.8 4.067726e-004
   10106 909.563918570000060 2020 10  5 04:42:18.307937979698 28282296.0 11463.0 4.054709e-004
   10114 910.283882430000180 2020 10  5 04:42:19.027869701385 28282139.1 11306.1 3.999210e-004
   10118 910.644710290000030 2020 10  5 04:42:19.388720691204 28282062.4 11229.4 3.972080e-004
   10152 913.704046860000060 2020 10  5 04:42:22.448048293591 28281394.4 10561.4 3.735794e-004
   10154 913.883861000000020 2020 10  5 04:42:22.627850174904 28281363.0 10530.0 3.724687e-004
   10162 914.603855140000060 2020 10  5 04:42:23.347862362862 28281204.3 10371.3 3.668551e-004
   10202 918.203832570000260 2020 10  5 04:42:26.947842836380 28280399.9 9566.9 3.384018e-004
   10210 918.923824999999970 2020 10  5 04:42:27.667814791203 28280244.4 9411.4 3.329014e-004
   10214 919.283846710000150 2020 10  5 04:42:28.027861118317 28280150.2 9317.2 3.295693e-004
   10250 922.523813570000130 2020 10  5 04:42:31.267795264721 28279428.1 8595.1 3.040271e-004
   10258 923.243801430000080 2020 10  5 04:42:31.987807452679 28279266.1 8433.1 2.982968e-004
   10262 923.603939430000080 2020 10  5 04:42:32.347934246063 28279180.3 8347.3 2.952619e-004
   10298 926.843780430000040 2020 10  5 04:42:35.587787926197 28278441.1 7608.1 2.691148e-004
   10304 927.383807140000040 2020 10  5 04:42:36.127797067165 28278312.5 7479.5 2.645660e-004
   10306 927.563776860000080 2020 10  5 04:42:36.307759881020 28278261.9 7428.9 2.627761e-004
   10310 927.923809000000010 2020 10  5 04:42:36.667806208134 28278191.3 7358.3 2.602789e-004
   10318 928.644007570000100 2020 10  5 04:42:37.388019561768 28278021.5 7188.5 2.542727e-004
   10344 930.983829710000010 2020 10  5 04:42:39.727817773819 28277496.4 6663.4 2.356988e-004
   10346 931.163763430000020 2020 10  5 04:42:39.907780587673 28277423.8 6590.8 2.331307e-004
   10352 931.703786140000150 2020 10  5 04:42:40.447789728642 28277293.3 6460.3 2.285147e-004
   10354 931.883761570000160 2020 10  5 04:42:40.627752542496 28277251.2 6418.2 2.270255e-004
   10358 932.243360860000050 2020 10  5 04:42:40.987356305122 28277183.3 6350.3 2.246237e-004
   10366 932.963753999999990 2020 10  5 04:42:41.707770824432 28277004.8 6171.8 2.183098e-004
   10392 935.304301570000120 2020 10  5 04:42:44.048293232918 28276468.1 5635.1 1.993256e-004
   10394 935.483747860000110 2020 10  5 04:42:44.227733016014 28276401.3 5568.3 1.969627e-004
   10400 936.023779860000100 2020 10  5 04:42:44.767782390118 28276282.7 5449.7 1.927676e-004
   10402 936.203747430000130 2020 10  5 04:42:44.947745203972 28276229.6 5396.6 1.908893e-004
   10406 936.564286139999920 2020 10  5 04:42:45.308274328709 28276154.0 5321.0 1.882152e-004
   10429 938.634169570000040 2020 10  5 04:42:47.378188669682 28275658.5 4825.5 1.706883e-004
   10440 939.623753290000080 2020 10  5 04:42:48.367762863636 28275396.5 4563.5 1.614208e-004
   10442 939.802269709999790 2020 10  5 04:42:48.546277284622 28275338.5 4505.5 1.593692e-004
   10448 940.343770570000170 2020 10  5 04:42:49.087775051594 28275231.8 4398.8 1.555950e-004
   10450 940.523806430000040 2020 10  5 04:42:49.267818331718 28275198.8 4365.8 1.544277e-004
   10454 940.884112859999960 2020 10  5 04:42:49.628106057644 28275083.8 4250.8 1.503599e-004
   10477 942.953843570000120 2020 10  5 04:42:51.697859466076 28274604.1 3771.1 1.333919e-004
   10488 943.943869139999950 2020 10  5 04:42:52.687876224518 28274375.2 3542.2 1.252952e-004
   10490 944.123725710000030 2020 10  5 04:42:52.867718338966 28274319.0 3486.0 1.233073e-004
   10496 944.664156709999930 2020 10  5 04:42:53.408170044422 28274175.3 3342.3 1.182243e-004
   10502 945.203790430000140 2020 10  5 04:42:53.947776854038 28274038.0 3205.0 1.133677e-004
   10525 947.273871430000210 2020 10  5 04:42:56.017852127552 28273545.4 2712.4 9.594341e-005
   10528 947.544473140000040 2020 10  5 04:42:56.288460195065 28273455.8 2622.8 9.277406e-005
   10538 948.443714430000000 2020 10  5 04:42:57.187711000443 28273258.9 2425.9 8.580929e-005
   10544 948.983892860000080 2020 10  5 04:42:57.727881073952 28273134.8 2301.8 8.141960e-005
   10550 949.523825139999990 2020 10  5 04:42:58.267809748650 28273003.8 2170.8 7.678585e-005
   10558 950.244018709999980 2020 10  5 04:42:58.988023102283 28272801.1 1968.1 6.961592e-005
   10573 951.593791570000230 2020 10  5 04:43:00.337804555893 28272503.5 1670.5 5.908917e-005
   10576 951.863849859999960 2020 10  5 04:43:00.607849359512 28272424.3 1591.3 5.628769e-005
   10586 952.763706570000180 2020 10  5 04:43:01.507703661919 28272203.9 1370.9 4.849167e-005
   10592 953.303923289999940 2020 10  5 04:43:02.047913968563 28272091.1 1258.1 4.450170e-005
   10594 953.483739710000120 2020 10  5 04:43:02.227756083012 28272011.1 1178.1 4.167192e-005
   10598 953.843744430000020 2020 10  5 04:43:02.587762176991 28271931.2 1098.2 3.884569e-005
   10606 954.563741860000050 2020 10  5 04:43:03.307734131813 28271746.7  913.7 3.231953e-005
   10621 955.914277429999970 2020 10  5 04:43:04.658280014992 28271450.0  617.0 2.182461e-005
   10634 957.083707000000120 2020 10  5 04:43:05.827696323395 28271139.7  306.7 1.084864e-005
   10637 957.354158139999870 2020 10  5 04:43:06.098143458366 28271076.6  243.6 8.616654e-006
   10640 957.623725570000150 2020 10  5 04:43:06.367705464363 28271006.4  173.4 6.133530e-006
   10642 957.803744570000160 2020 10  5 04:43:06.547748744488 28270958.9  125.9 4.453353e-006
   10646 958.163731290000100 2020 10  5 04:43:06.907714605331 28270869.7   36.7 1.298158e-006
   10654 958.883750570000190 2020 10  5 04:43:07.627767026424 28270696.6 -136.4 -4.824761e-006
   10669 960.233764140000060 2020 10  5 04:43:08.977749645710 28270377.3 -455.7 -1.611909e-005
   10682 961.403708000000050 2020 10  5 04:43:10.147688984871 28270068.0 -765.0 -2.705969e-005
   10688 961.943717709999990 2020 10  5 04:43:10.687698125839 28269939.3 -893.7 -3.161209e-005
   10690 962.123735430000120 2020 10  5 04:43:10.867741405964 28269896.4 -936.6 -3.312955e-005
   10694 962.483727290000050 2020 10  5 04:43:11.227707266808 28269801.9 -1031.1 -3.647222e-005
   10702 963.204238290000030 2020 10  5 04:43:11.948242485523 28269625.4 -1207.6 -4.271540e-005
   10717 964.554363709999960 2020 10  5 04:43:13.298345804214 28269314.6 -1518.4 -5.370906e-005
   10730 965.723711860000090 2020 10  5 04:43:14.467721879482 28269007.5 -1825.5 -6.457185e-005
   10736 966.263727430000020 2020 10  5 04:43:15.007731020451 28268874.4 -1958.6 -6.927988e-005
   10738 966.443739140000050 2020 10  5 04:43:15.187734067440 28268832.1 -2000.9 -7.077612e-005
   10742 966.803738000000070 2020 10  5 04:43:15.547740161419 28268732.5 -2100.5 -7.429919e-005
   10778 970.043716140000020 2020 10  5 04:43:18.787714540958 28267950.8 -2882.2 -1.019496e-004
   10784 970.583729570000170 2020 10  5 04:43:19.327723681927 28267814.7 -3018.3 -1.067637e-004
   10790 971.124493290000030 2020 10  5 04:43:19.868497252464 28267674.1 -3158.9 -1.117371e-004
   10826 974.363734140000020 2020 10  5 04:43:23.107747435570 28266900.9 -3932.1 -1.390868e-004
   10832 974.903730860000110 2020 10  5 04:43:23.647716343403 28266760.3 -4072.7 -1.440601e-004
   10838 975.443796290000020 2020 10  5 04:43:24.187805950642 28266624.7 -4208.3 -1.488566e-004
   10874 978.683745140000160 2020 10  5 04:43:27.427740097046 28265857.1 -4975.9 -1.760083e-004
   10880 979.223746000000120 2020 10  5 04:43:27.967749238014 28265721.5 -5111.5 -1.808047e-004
   10886 979.763786140000090 2020 10  5 04:43:28.507798612118 28265584.2 -5248.8 -1.856613e-004
   10894 980.483245000000010 2020 10  5 04:43:29.227247536182 28265376.4 -5456.6 -1.930116e-004
   10922 983.003756140000060 2020 10  5 04:43:31.747772991657 28264815.6 -6017.4 -2.128483e-004
   10925 983.274197000000070 2020 10  5 04:43:32.018179893494 28264747.2 -6085.8 -2.152678e-004
   10928 983.543764430000010 2020 10  5 04:43:32.287782132626 28264696.5 -6136.5 -2.170612e-004
   10934 984.083289570000150 2020 10  5 04:43:32.827308475971 28264571.2 -6261.8 -2.214933e-004
   10942 984.803779860000080 2020 10  5 04:43:33.547763228416 28264391.4 -6441.6 -2.278532e-004
   10970 987.323773860000070 2020 10  5 04:43:36.067765653133 28263807.0 -7026.0 -2.485247e-004
   10973 987.594265289999950 2020 10  5 04:43:36.338253021240 28263740.5 -7092.5 -2.508769e-004
   10976 987.863772860000040 2020 10  5 04:43:36.607774794102 28263677.7 -7155.3 -2.530983e-004
   10982 988.403802000000040 2020 10  5 04:43:37.147783935070 28263548.3 -7284.7 -2.576755e-004
   10990 989.123846860000070 2020 10  5 04:43:37.867836356163 28263385.6 -7447.4 -2.634305e-004
   11018 991.643796000000070 2020 10  5 04:43:40.387798547745 28262795.3 -8037.7 -2.843107e-004
   11021 991.913819999999990 2020 10  5 04:43:40.657803118229 28262748.8 -8084.2 -2.859555e-004
   11024 992.183799710000130 2020 10  5 04:43:40.927807688713 28262676.8 -8156.2 -2.885023e-004
   11030 992.723815430000060 2020 10  5 04:43:41.467816829681 28262542.8 -8290.2 -2.932422e-004
   11038 993.443819429999960 2020 10  5 04:43:42.187829017639 28262386.6 -8446.4 -2.987673e-004
   11066 995.963818289999950 2020 10  5 04:43:44.707831442356 28261810.7 -9022.3 -3.191381e-004
   11069 996.233921710000000 2020 10  5 04:43:44.977916479111 28261759.1 -9073.9 -3.209633e-004
   11072 996.503814140000030 2020 10  5 04:43:45.247800350189 28261689.9 -9143.1 -3.234111e-004
   11074 996.684162570000130 2020 10  5 04:43:45.428165495396 28261655.2 -9177.8 -3.246385e-004
   11078 997.043839140000050 2020 10  5 04:43:45.787849724293 28261580.6 -9252.4 -3.272772e-004
   11086 997.763877860000090 2020 10  5 04:43:46.507861912251 28261405.4 -9427.6 -3.334744e-004
   11114 1000.283840290000200 2020 10  5 04:43:49.027824103832 28260848.3 -9984.7 -3.531803e-004
   11117 1000.553858860000000 2020 10  5 04:43:49.297868907452 28260784.7 -10048.3 -3.554299e-004
   11120 1000.823843710000000 2020 10  5 04:43:49.567833244801 28260728.5 -10104.5 -3.574178e-004
   11122 1001.004278290000000 2020 10  5 04:43:49.748278856277 28260692.5 -10140.5 -3.586912e-004
   11126 1001.363865289999900 2020 10  5 04:43:50.107882618904 28260607.4 -10225.6 -3.617014e-004
   11152 1003.704243570000100 2020 10  5 04:43:52.448244094849 28260090.8 -10742.2 -3.799747e-004
   11162 1004.603869430000000 2020 10  5 04:43:53.347856998444 28259896.9 -10936.1 -3.868333e-004
   11168 1005.143872860000100 2020 10  5 04:43:53.887866139412 28259779.0 -11054.0 -3.910037e-004
   11174 1005.683893140000100 2020 10  5 04:43:54.427875280380 28259658.6 -11174.4 -3.952625e-004
   11200 1008.024029570000000 2020 10  5 04:43:56.768035590649 28259182.9 -11650.1 -4.120890e-004
   11210 1008.923910860000000 2020 10  5 04:43:57.667930126190 28258975.3 -11857.7 -4.194323e-004
   11216 1009.463905570000100 2020 10  5 04:43:58.207899034023 28258862.4 -11970.6 -4.234258e-004
   11222 1010.003935860000100 2020 10  5 04:43:58.747948408127 28258745.5 -12087.5 -4.275608e-004
   11230 1010.724008570000100 2020 10  5 04:43:59.468000829220 28258594.3 -12238.7 -4.329091e-004
   11248 1012.343981570000100 2020 10  5 04:44:01.087988018990 28258244.9 -12588.1 -4.452681e-004
   11258 1013.243969290000000 2020 10  5 04:44:01.987963020802 28258080.0 -12753.0 -4.511010e-004
   11264 1013.783942710000100 2020 10  5 04:44:02.527931928635 28257961.0 -12872.0 -4.553102e-004
   11270 1014.323840000000000 2020 10  5 04:44:03.067820370197 28257833.8 -12999.2 -4.598096e-004
   11278 1015.043957000000000 2020 10  5 04:44:03.787953257561 28257702.2 -13130.8 -4.644646e-004
   11296 1016.664002140000000 2020 10  5 04:44:05.408020913601 28257382.6 -13450.4 -4.757695e-004
   11306 1017.563996570000100 2020 10  5 04:44:06.307995915413 28257185.4 -13647.6 -4.827449e-004
   11312 1018.103972430000100 2020 10  5 04:44:06.847964823246 28257089.1 -13743.9 -4.861512e-004
   11318 1018.644340000000100 2020 10  5 04:44:07.388336062431 28256991.4 -13841.6 -4.896071e-004
   11326 1019.363989709999900 2020 10  5 04:44:08.107986152172 28256846.2 -13986.8 -4.947431e-004
   11332 1019.904239290000000 2020 10  5 04:44:08.648236691952 28256745.0 -14088.0 -4.983228e-004
   11344 1020.984041710000000 2020 10  5 04:44:09.728053808212 28256524.1 -14308.9 -5.061365e-004
   11354 1021.884084860000000 2020 10  5 04:44:10.628069043159 28256345.0 -14488.0 -5.124716e-004
   11360 1022.424016709999900 2020 10  5 04:44:11.167997717857 28256235.5 -14597.5 -5.163449e-004
   11374 1023.684026860000000 2020 10  5 04:44:12.428019046783 28255997.7 -14835.3 -5.247564e-004
   11392 1025.304575860000100 2020 10  5 04:44:14.048569500446 28255670.3 -15162.7 -5.363372e-004
   11402 1026.204182709999900 2020 10  5 04:44:14.948182404041 28255490.0 -15343.0 -5.427148e-004
   11408 1026.744053860000100 2020 10  5 04:44:15.488070845604 28255406.9 -15426.1 -5.456542e-004
   11422 1028.004071000000100 2020 10  5 04:44:16.748051941395 28255175.0 -15658.0 -5.538570e-004
   11428 1028.544310289999700 2020 10  5 04:44:17.288302481174 28255084.5 -15748.5 -5.570582e-004
   11447 1030.254127859999900 2020 10  5 04:44:18.998130261898 28254731.0 -16102.0 -5.695623e-004
   11450 1030.524217569999800 2020 10  5 04:44:19.268215298653 28254705.8 -16127.2 -5.704537e-004
   11456 1031.064098429999800 2020 10  5 04:44:19.808103740215 28254620.1 -16212.9 -5.734850e-004
   11470 1032.324117569999800 2020 10  5 04:44:21.068125069141 28254381.5 -16451.5 -5.819248e-004
   11476 1032.864166289999700 2020 10  5 04:44:21.608174443245 28254281.5 -16551.5 -5.854621e-004
   11498 1034.844366569999700 2020 10  5 04:44:23.588368892670 28253903.4 -16929.6 -5.988363e-004
   11504 1035.384130139999800 2020 10  5 04:44:24.128136634827 28253835.3 -16997.7 -6.012451e-004
   11518 1036.644156859999800 2020 10  5 04:44:25.388157963753 28253608.7 -17224.3 -6.092604e-004
   11524 1037.184195999999700 2020 10  5 04:44:25.928207337856 28253512.4 -17320.6 -6.126668e-004
   11536 1038.264207429999900 2020 10  5 04:44:27.008225619793 28253320.0 -17513.0 -6.194724e-004
   11546 1039.164478139999800 2020 10  5 04:44:27.908482253551 28253195.7 -17637.3 -6.238691e-004
   11552 1039.704187289999900 2020 10  5 04:44:28.448169529438 28253082.9 -17750.1 -6.278591e-004
   11566 1040.964217000000000 2020 10  5 04:44:29.708231091499 28252864.7 -17968.3 -6.355773e-004
   11572 1041.504214999999900 2020 10  5 04:44:30.248199999332 28252785.5 -18047.5 -6.383788e-004
   11584 1042.584231709999800 2020 10  5 04:44:31.328218281269 28252604.7 -18228.3 -6.447741e-004
   11600 1044.024234709999700 2020 10  5 04:44:32.768242657185 28252354.8 -18478.2 -6.536136e-004
   11614 1045.284261860000000 2020 10  5 04:44:34.028263986111 28252161.2 -18671.8 -6.604616e-004
   11620 1045.824276709999800 2020 10  5 04:44:34.568273127079 28252066.0 -18767.0 -6.638290e-004
   11632 1046.903869570000100 2020 10  5 04:44:35.647889077663 28251901.1 -18931.9 -6.696619e-004
   11648 1048.344298999999900 2020 10  5 04:44:37.088315784931 28251665.6 -19167.4 -6.779920e-004
   11662 1049.604304859999700 2020 10  5 04:44:38.348296880722 28251453.6 -19379.4 -6.854909e-004
   11668 1050.144316289999600 2020 10  5 04:44:38.888306021690 28251377.9 -19455.1 -6.881686e-004
   11680 1051.224315429999900 2020 10  5 04:44:39.968324303627 28251216.0 -19617.0 -6.938954e-004
   11696 1052.664405709999800 2020 10  5 04:44:41.408388912678 28250978.9 -19854.1 -7.022821e-004
   11716 1054.464354140000100 2020 10  5 04:44:43.208338916302 28250717.4 -20115.6 -7.115319e-004
   11728 1055.544360429999900 2020 10  5 04:44:44.288357198238 28250553.0 -20280.0 -7.173471e-004
   11744 1056.984393999999800 2020 10  5 04:44:45.728381574154 28250344.5 -20488.5 -7.247222e-004
   11764 1058.784416139999800 2020 10  5 04:44:47.528412044048 28250089.1 -20743.9 -7.337562e-004
   11776 1059.864421709999800 2020 10  5 04:44:48.608430325985 28249925.9 -20907.1 -7.395290e-004
   11792 1061.304461859999900 2020 10  5 04:44:50.048454701900 28249721.6 -21111.4 -7.467555e-004
   11812 1063.104471859999900 2020 10  5 04:44:51.848485171795 28249456.7 -21376.3 -7.561256e-004
   11824 1064.184478999999800 2020 10  5 04:44:52.928463220596 28249314.0 -21519.0 -7.611732e-004
   11840 1065.624532569999700 2020 10  5 04:44:54.368527829647 28249121.2 -21711.8 -7.679929e-004
   11860 1067.424541430000100 2020 10  5 04:44:56.168558299541 28248879.4 -21953.6 -7.765459e-004
   11872 1068.504538569999800 2020 10  5 04:44:57.248536348343 28248737.3 -22095.7 -7.815723e-004
   11888 1069.944585000000200 2020 10  5 04:44:58.688600957394 28248546.6 -22286.4 -7.883178e-004
   11900 1071.024749709999900 2020 10  5 04:44:59.768739938736 28248410.9 -22422.1 -7.931178e-004
   11908 1071.744588140000100 2020 10  5 04:45:00.488591194153 28248298.5 -22534.5 -7.970936e-004
   11920 1072.824594859999900 2020 10  5 04:45:01.568609476089 28248172.5 -22660.5 -8.015505e-004
   11936 1074.265193140000300 2020 10  5 04:45:03.009197115898 28247986.6 -22846.4 -8.081262e-004
   11939 1074.534681430000100 2020 10  5 04:45:03.278678655624 28247964.4 -22868.6 -8.089114e-004
   11948 1075.344651290000000 2020 10  5 04:45:04.088652133942 28247861.1 -22971.9 -8.125654e-004
   11956 1076.064664710000000 2020 10  5 04:45:04.808664321899 28247752.9 -23080.1 -8.163926e-004
   11968 1077.144659999999900 2020 10  5 04:45:05.888642370701 28247634.5 -23198.5 -8.205807e-004
   11987 1078.854711860000000 2020 10  5 04:45:07.598711550236 28247444.5 -23388.5 -8.273014e-004
   11996 1079.664725140000000 2020 10  5 04:45:08.408725261688 28247340.8 -23492.2 -8.309695e-004
   12004 1080.384714289999700 2020 10  5 04:45:09.128697216511 28247247.0 -23586.0 -8.342874e-004
   12016 1081.464720859999900 2020 10  5 04:45:10.208715498447 28247120.4 -23712.6 -8.387655e-004
   12035 1083.175307289999900 2020 10  5 04:45:11.919307708740 28246907.5 -23925.5 -8.462963e-004
   12044 1083.984765860000200 2020 10  5 04:45:12.728758156300 28246825.2 -24007.8 -8.492074e-004
   12052 1084.704784000000000 2020 10  5 04:45:13.448770344257 28246744.1 -24088.9 -8.520761e-004
   12064 1085.784798289999800 2020 10  5 04:45:14.528788626194 28246623.4 -24209.6 -8.563455e-004
   12092 1088.304857290000000 2020 10  5 04:45:17.048871517181 28246355.6 -24477.4 -8.658181e-004
   12100 1089.024857000000100 2020 10  5 04:45:17.768843472004 28246259.6 -24573.4 -8.692139e-004
   12112 1090.104871999999900 2020 10  5 04:45:18.848861753941 28246130.4 -24702.6 -8.737839e-004
   12140 1092.624889859999900 2020 10  5 04:45:21.368904411793 28245877.7 -24955.3 -8.827225e-004
   12148 1093.344914859999800 2020 10  5 04:45:22.088916599751 28245809.3 -25023.7 -8.851419e-004
   12160 1094.424935860000000 2020 10  5 04:45:23.168934881687 28245690.5 -25142.5 -8.893442e-004
   12176 1095.865305000000000 2020 10  5 04:45:24.609321355820 28245555.3 -25277.7 -8.941265e-004
   12179 1096.135690290000000 2020 10  5 04:45:24.879688024521 28245491.1 -25341.9 -8.963974e-004
   12188 1096.944953860000200 2020 10  5 04:45:25.688937306404 28245439.7 -25393.3 -8.982155e-004
   12196 1097.664977709999900 2020 10  5 04:45:26.408989727497 28245370.5 -25462.5 -9.006632e-004
   12208 1098.745008140000200 2020 10  5 04:45:27.489008009434 28245247.6 -25585.4 -9.050105e-004
   12224 1100.185095000000000 2020 10  5 04:45:28.929112851620 28245087.5 -25745.5 -9.106736e-004
   12236 1101.265013140000300 2020 10  5 04:45:30.009010434151 28245013.6 -25819.4 -9.132876e-004
   12244 1101.985300000000100 2020 10  5 04:45:30.729304254055 28244936.2 -25896.8 -9.160254e-004
   12256 1103.065100430000000 2020 10  5 04:45:31.809081137180 28244842.7 -25990.3 -9.193327e-004
   12284 1105.585090140000100 2020 10  5 04:45:34.329083561897 28244598.4 -26234.6 -9.279741e-004
   12292 1106.305384569999900 2020 10  5 04:45:35.049377381802 28244544.7 -26288.3 -9.298736e-004
   12320 1108.825171710000200 2020 10  5 04:45:37.569178640842 28244285.5 -26547.5 -9.390420e-004
   12332 1109.905163860000400 2020 10  5 04:45:38.649156689644 28244211.9 -26621.1 -9.416454e-004
   12340 1110.625198140000100 2020 10  5 04:45:39.369209110737 28244150.5 -26682.5 -9.438173e-004
   12368 1113.145295430000000 2020 10  5 04:45:41.889292001724 28243923.5 -26909.5 -9.518467e-004
   12380 1114.225229710000100 2020 10  5 04:45:42.969229817390 28243844.3 -26988.7 -9.546482e-004
   12388 1114.945443710000100 2020 10  5 04:45:43.689443171024 28243779.0 -27054.0 -9.569580e-004
   12416 1117.465593570000200 2020 10  5 04:45:46.209606528282 28243587.1 -27245.9 -9.637459e-004
   12428 1118.545304289999900 2020 10  5 04:45:47.289302945137 28243479.7 -27353.3 -9.675449e-004
   12436 1119.265844000000000 2020 10  5 04:45:48.009838163853 28243446.3 -27386.7 -9.687263e-004
   12451 1120.615601290000100 2020 10  5 04:45:49.359619617462 28243311.4 -27521.6 -9.734980e-004
   12464 1121.785373140000300 2020 10  5 04:45:50.529357790947 28243207.4 -27625.6 -9.771767e-004
   12476 1122.865382569999800 2020 10  5 04:45:51.609376072884 28243127.2 -27705.8 -9.800136e-004
   12484 1123.585407999999900 2020 10  5 04:45:52.329388260841 28243058.5 -27774.5 -9.824436e-004
   12499 1124.935432289999900 2020 10  5 04:45:53.679451346397 28242984.0 -27849.0 -9.850789e-004
   12512 1126.105658570000100 2020 10  5 04:45:54.849672317505 28242894.5 -27938.5 -9.882447e-004
   12524 1127.185460140000000 2020 10  5 04:45:55.929449200630 28242808.3 -28024.7 -9.912937e-004
   12547 1129.255516860000200 2020 10  5 04:45:57.999524474144 28242659.6 -28173.4 -9.965536e-004
   12572 1131.505535570000100 2020 10  5 04:46:00.249522328377 28242490.9 -28342.1 -1.002521e-003
   12595 1133.575782860000100 2020 10  5 04:46:02.319798767567 28242342.2 -28490.8 -1.007781e-003
   12620 1135.825605140000300 2020 10  5 04:46:04.569595456123 28242194.9 -28638.1 -1.012991e-003
   12628 1136.545830710000000 2020 10  5 04:46:05.289849042892 28242118.6 -28714.4 -1.015690e-003
   12643 1137.895666710000100 2020 10  5 04:46:06.639670729637 28242060.9 -28772.1 -1.017731e-003
   12668 1140.145686570000000 2020 10  5 04:46:08.889668583870 28241898.6 -28934.4 -1.023472e-003
   12676 1140.865832289999800 2020 10  5 04:46:09.609841704369 28241854.2 -28978.8 -1.025042e-003
   12691 1142.215727290000100 2020 10  5 04:46:10.959743857384 28241768.7 -29064.3 -1.028067e-003
   12716 1144.465757570000300 2020 10  5 04:46:13.209741711617 28241623.0 -29210.0 -1.033220e-003
   12724 1145.185973000000100 2020 10  5 04:46:13.929955065250 28241579.1 -29253.9 -1.034773e-003
   12739 1146.535806140000200 2020 10  5 04:46:15.279816985130 28241504.2 -29328.8 -1.037423e-003
   12764 1148.785837000000100 2020 10  5 04:46:17.529855072498 28241361.2 -29471.8 -1.042481e-003
   12769 1149.236221860000100 2020 10  5 04:46:17.980224788189 28241341.2 -29491.8 -1.043188e-003
   12772 1149.505959570000200 2020 10  5 04:46:18.249947726727 28241310.6 -29522.4 -1.044271e-003
   12787 1150.855877430000200 2020 10  5 04:46:19.599890112877 28241232.7 -29600.3 -1.047026e-003
   12812 1153.105921710000100 2020 10  5 04:46:21.849928200245 28241109.4 -29723.6 -1.051387e-003
   12820 1153.826488859999900 2020 10  5 04:46:22.570503652096 28241106.0 -29727.0 -1.051508e-003
   12835 1155.175952000000100 2020 10  5 04:46:23.919963240623 28240987.9 -29845.1 -1.055685e-003
   12860 1157.426004710000100 2020 10  5 04:46:26.170001327991 28240859.8 -29973.2 -1.060216e-003
   12883 1159.496038430000000 2020 10  5 04:46:28.240036368370 28240749.2 -30083.8 -1.064129e-003
   12908 1161.746087000000200 2020 10  5 04:46:30.490074455738 28240636.4 -30196.6 -1.068119e-003
   12931 1163.816124569999800 2020 10  5 04:46:32.560109496117 28240528.9 -30304.1 -1.071921e-003
   12956 1166.066176710000000 2020 10  5 04:46:34.810187816620 28240410.4 -30422.6 -1.076113e-003
   12979 1168.136191430000100 2020 10  5 04:46:36.880182623863 28240306.6 -30526.4 -1.079784e-003
   13004 1170.386279710000100 2020 10  5 04:46:39.130260944366 28240197.0 -30636.0 -1.083661e-003
   13027 1172.456285290000100 2020 10  5 04:46:41.200295984745 28240093.8 -30739.2 -1.087311e-003
   13052 1174.706343860000100 2020 10  5 04:46:43.450334072113 28239991.3 -30841.7 -1.090937e-003
   13075 1176.776381860000100 2020 10  5 04:46:45.520369112492 28239894.2 -30938.8 -1.094372e-003
   13123 1181.096446999999900 2020 10  5 04:46:49.840442240238 28239699.8 -31133.2 -1.101248e-003
   13171 1185.416525290000200 2020 10  5 04:46:54.160515367985 28239510.3 -31322.7 -1.107951e-003
   13219 1189.736604140000300 2020 10  5 04:46:58.480588495731 28239340.2 -31492.8 -1.113968e-003
   13267 1194.056687140000300 2020 10  5 04:47:02.800701856613 28239172.1 -31660.9 -1.119914e-003
   13315 1198.375868860000100 2020 10  5 04:47:07.119849622250 28238995.0 -31838.0 -1.126178e-003
