    22  2.04229800  28285985.00  
    40  3.66223786  28285750.00  
    70  6.36222129  28285320.00  
    88  7.98223529  28285055.00  
   118  10.68218071  28284620.00  
   136  12.30216529  28284355.00  
   166  15.00214500  28283930.00  
   184  16.62213214  28283650.00  
   214  19.32219314  28283195.00  
   232  20.94210614  28282915.00  
   262  23.64207786  28282435.00  
   280  25.26207171  28282175.00  
   310  27.96204414  28281680.00  
   328  29.58203757  28281410.00  
   358  32.28202600  28280920.00  
   376  33.90201157  28280635.00  
   406  36.60203671  28280145.00  
   424  38.22198086  28279840.00  
   454  40.92195700  28279335.00  
   472  42.54194229  28279045.00  
   487  43.89195571  28278785.00  
   502  45.24195629  28278525.00  
   520  46.86192771  28278225.00  
   535  48.21192286  28277970.00  
   550  49.56192286  28277705.00  
   568  51.18190914  28277395.00  
   583  52.53189757  28277135.00  
   598  53.88191500  28276865.00  
   616  55.50189329  28276560.00  
   631  56.85188757  28276295.00  
   646  58.20206700  28276045.00  
   664  59.82188229  28275715.00  
   679  61.17187357  28275455.00  
   694  62.52219486  28275205.00  
   712  64.14186900  28274860.00  
   727  65.49185557  28274590.00  
   760  68.46185171  28274010.00  
   772  69.54215900  28273785.00  
   775  69.81184857  28273730.00  
   784  70.62208571  28273560.00  
   799  71.97186529  28273300.00  
   802  72.24189671  28273240.00  
   808  72.78184557  28273145.00  
   823  74.13184443  28272865.00  
   835  75.21254871  28272635.00  
   847  76.29186000  28272435.00  
   850  76.56187886  28272370.00  
   856  77.10184100  28272275.00  
   868  78.18186786  28272065.00  
   871  78.45184300  28272000.00  
   883  79.53200300  28271765.00  
   895  80.61183986  28271570.00  
   898  80.88230757  28271510.00  
   904  81.42183329  28271405.00  
   916  82.50185929  28271185.00  
   919  82.77183986  28271130.00  
   931  83.85187900  28270895.00  
   943  84.93184014  28270690.00  
   952  85.74183886  28270540.00  
   964  86.82191100  28270320.00  
   967  87.09185771  28270255.00  
   991  89.25185371  28269825.00  
  1000  90.06184871  28269655.00  
  1015  91.41210871  28269385.00  
  1039  93.57184114  28268955.00  
  1048  94.38184300  28268800.00  
  1087  97.89184957  28268095.00  
  1096  98.70185443  28267935.00  
  1135  102.21188429  28267230.00  
  1144  103.02187743  28267065.00  
  1156  104.10223571  28266865.00  
  1183  106.53188186  28266380.00  
  1192  107.34188000  28266225.00  
  1204  108.42190657  28266005.00  
  1231  110.85189143  28265530.00  
  1234  111.12194086  28265475.00  
  1240  111.66188643  28265370.00  
  1252  112.74189086  28265160.00  
  1267  114.09198486  28264900.00  
  1279  115.17190300  28264700.00  
  1282  115.44191214  28264630.00  
  1288  115.98190714  28264530.00  
  1300  117.06190929  28264330.00  
  1315  118.41192414  28264060.00  
  1327  119.49192843  28263860.00  
  1330  119.76195343  28263810.00  
  1336  120.30192157  28263705.00  
  1348  121.38192243  28263500.00  
  1363  122.73194400  28263230.00  
  1375  123.81196400  28263045.00  
  1384  124.62194457  28262890.00  
  1396  125.70193900  28262690.00  
  1411  127.05195543  28262435.00  
  1432  128.94196129  28262085.00  
  1444  130.02196829  28261885.00  
  1459  131.37198486  28261635.00  
