      12 1.130273290000000 2020 10  5 04:27:05.956258177757 28249761.6 -21071.4 -7.453406e-004
      41 3.759004570000000 2020 10  5 04:27:08.585010766983 28249461.0 -21372.0 -7.559735e-004
      47 4.295572430000000 2020 10  5 04:27:09.121559858322 28249385.4 -21447.6 -7.586476e-004
      59 5.353003000000000 2020 10  5 04:27:10.179007351398 28249280.7 -21552.3 -7.623511e-004
      88 8.000414000000001 2020 10  5 04:27:12.826428115368 28248986.8 -21846.2 -7.727470e-004
     106 9.599078570000000 2020 10  5 04:27:14.425091743469 28248813.1 -22019.9 -7.788911e-004
     154 13.880827860000000 2020 10  5 04:27:18.706822693348 28248350.5 -22482.5 -7.952542e-004
     201 18.149031140000002 2020 10  5 04:27:22.975035309792 28247926.6 -22906.4 -8.102485e-004
     249 22.422069859999997 2020 10  5 04:27:27.248075902462 28247498.2 -23334.8 -8.254019e-004
     296 26.694012430000001 2020 10  5 04:27:31.520030200481 28247099.0 -23734.0 -8.395225e-004
     344 30.964208140000000 2020 10  5 04:27:35.790214240551 28246708.0 -24125.0 -8.533530e-004
     391 35.230769860000002 2020 10  5 04:27:40.056777298450 28246322.7 -24510.3 -8.669819e-004
     465 41.913731140000003 2020 10  5 04:27:46.739742457867 28304908.4 34075.4 1.205320e-003
     473 42.619934430000001 2020 10  5 04:27:47.445914447308 28284310.7 13477.7 4.767352e-004
     486 43.774303710000005 2020 10  5 04:27:48.600323796272 28245591.0 -25242.0 -8.928637e-004
     514 46.269684429999998 2020 10  5 04:27:51.095703542233 28245400.7 -25432.3 -8.995950e-004
     561 50.543492430000001 2020 10  5 04:27:55.369508564472 28245037.1 -25795.9 -9.124563e-004
     568 51.170661140000000 2020 10  5 04:27:55.996662676334 28283419.1 12586.1 4.451974e-004
     609 54.817735140000003 2020 10  5 04:27:59.643715918064 28244732.3 -26100.7 -9.232377e-004
     616 55.445132570000006 2020 10  5 04:28:00.271151661873 28282942.4 12109.4 4.283355e-004
     656 59.093165290000009 2020 10  5 04:28:03.919170498848 28244410.2 -26422.8 -9.346311e-004
     663 59.721871000000000 2020 10  5 04:28:04.547853469849 28282485.1 11652.1 4.121598e-004
     704 63.367105570000000 2020 10  5 04:28:08.193096220493 28244086.9 -26746.1 -9.460669e-004
     750 67.571839569999995 2020 10  5 04:28:12.397820949554 28304539.7 33706.7 1.192278e-003
     751 67.657855139999995 2020 10  5 04:28:12.483839392662 28243788.5 -27044.5 -9.566220e-004
     758 68.276524290000012 2020 10  5 04:28:13.102504312992 28281546.1 10713.1 3.789453e-004
     798 71.843956860000006 2020 10  5 04:28:16.669976413250 28304485.6 33652.6 1.190365e-003
     799 71.931435290000010 2020 10  5 04:28:16.757443249226 28243532.6 -27300.4 -9.656737e-004
     806 72.558339289999992 2020 10  5 04:28:17.384355962276 28281051.8 10218.8 3.614609e-004
     845 76.119388709999981 2020 10  5 04:28:20.945390760899 28304399.4 33566.4 1.187316e-003
     846 76.206232569999997 2020 10  5 04:28:21.032213866711 28243262.8 -27570.2 -9.752171e-004
     853 76.828741139999977 2020 10  5 04:28:21.654741168022 28280565.8 9732.8 3.442700e-004
     882 79.410314000000014 2020 10  5 04:28:24.236300289631 28243068.6 -27764.4 -9.820864e-004
     893 80.388894709999988 2020 10  5 04:28:25.214890837669 28304336.1 33503.1 1.185077e-003
     894 80.475120000000004 2020 10  5 04:28:25.301110446453 28243007.8 -27825.2 -9.842370e-004
     901 81.098421569999999 2020 10  5 04:28:25.924402177334 28279836.9 9003.9 3.184873e-004
     948 85.364810290000008 2020 10  5 04:28:30.190804302692 28279388.8 8555.8 3.026370e-004
     966 86.963701999999998 2020 10  5 04:28:31.789709329605 28279382.9 8549.9 3.024283e-004
     995 89.631494570000001 2020 10  5 04:28:34.457488059998 28279046.5 8213.5 2.905291e-004
    1013 91.228492859999989 2020 10  5 04:28:36.054502129555 28278878.5 8045.5 2.845866e-004
    1061 95.503102569999996 2020 10  5 04:28:40.329111814499 28278356.5 7523.5 2.661223e-004
    1082 97.457123860000024 2020 10  5 04:28:42.283114492893 28304021.3 33188.3 1.173941e-003
    1090 98.171077999999980 2020 10  5 04:28:42.997091710567 28278042.3 7209.3 2.550084e-004
    1108 99.770143000000004 2020 10  5 04:28:44.596157670021 28277837.2 7004.2 2.477536e-004
    1130 101.725215710000000 2020 10  5 04:28:46.551206409931 28303937.7 33104.7 1.170984e-003
    1138 102.437524710000020 2020 10  5 04:28:47.263534069061 28277499.0 6666.0 2.357907e-004
    1177 105.991229570000030 2020 10  5 04:28:50.817246437073 28303859.0 33026.0 1.168200e-003
    1185 106.705873999999990 2020 10  5 04:28:51.531867384911 28276989.5 6156.5 2.177686e-004
    1203 108.302039139999990 2020 10  5 04:28:53.128036558628 28276787.1 5954.1 2.106093e-004
    1225 110.268653430000010 2020 10  5 04:28:55.094672441483 28303747.5 32914.5 1.164256e-003
    1233 110.976624710000010 2020 10  5 04:28:55.802614688873 28276327.7 5494.7 1.943593e-004
    1250 112.577636140000000 2020 10  5 04:28:57.403652071953 28276262.8 5429.8 1.920637e-004
    1272 114.539078139999990 2020 10  5 04:28:59.365097880363 28303660.0 32827.0 1.161161e-003
    1298 116.846644710000010 2020 10  5 04:29:01.672629117966 28275720.3 4887.3 1.728743e-004
    1320 118.807142000000000 2020 10  5 04:29:03.633149564266 28303553.9 32720.9 1.157408e-003
    1345 121.118594000000000 2020 10  5 04:29:05.944583415985 28275184.3 4351.3 1.539148e-004
    1367 123.074477709999980 2020 10  5 04:29:07.900477051735 28303445.8 32612.8 1.153585e-003
    1440 129.664967569999990 2020 10  5 04:29:14.490986466408 28274114.0 3281.0 1.160560e-004
    1462 131.622735140000000 2020 10  5 04:29:16.448730826378 28303219.8 32386.8 1.145591e-003
    1488 133.936410710000020 2020 10  5 04:29:18.762417733669 28273554.0 2721.0 9.624761e-005
    1535 138.219012709999960 2020 10  5 04:29:23.044993579388 28273147.2 2314.2 8.185822e-005
    1557 140.191956710000000 2020 10  5 04:29:25.017946064472 28302987.2 32154.2 1.137363e-003
    1581 142.344125429999990 2020 10  5 04:29:27.170137166977 28240062.3 -30770.7 -1.088426e-003
    1583 142.523179000000000 2020 10  5 04:29:27.349174618721 28272469.3 1636.3 5.787944e-005
    1605 144.492661570000000 2020 10  5 04:29:29.318667054176 28302855.5 32022.5 1.132705e-003
    1629 146.634665569999950 2020 10  5 04:29:31.460679173470 28239910.5 -30922.5 -1.093795e-003
    1631 146.813402000000000 2020 10  5 04:29:31.639394760132 28271905.7 1072.7 3.794370e-005
    1653 148.776804139999970 2020 10  5 04:29:33.602811992168 28302448.6 31615.6 1.118312e-003
    1771 159.458196140000040 2020 10  5 04:29:44.284186363220 28239502.7 -31330.3 -1.108220e-003
    2130 191.706560569999970 2020 10  5 04:30:16.532573103905 28266191.5 -4641.5 -1.641798e-004
    2177 195.985535709999990 2020 10  5 04:30:20.811527967453 28265655.4 -5177.6 -1.831428e-004
    2198 197.852637430000040 2020 10  5 04:30:22.678627073765 28265416.6 -5416.4 -1.915897e-004
    2225 200.255099000000000 2020 10  5 04:30:25.081108510494 28265094.2 -5738.8 -2.029937e-004
    2245 202.125565429999970 2020 10  5 04:30:26.951546967030 28264897.7 -5935.3 -2.099443e-004
    2272 204.531278570000010 2020 10  5 04:30:29.357287287712 28264610.1 -6222.9 -2.201173e-004
    2280 205.244270289999950 2020 10  5 04:30:30.070258677006 28300377.2 29544.2 1.045042e-003
    2293 206.398956860000030 2020 10  5 04:30:31.224949657917 28264378.4 -6454.6 -2.283130e-004
    2340 210.672105709999980 2020 10  5 04:30:35.498110949993 28263857.5 -6975.5 -2.467384e-004
    2367 213.068806290000000 2020 10  5 04:30:37.894798815250 28263589.7 -7243.3 -2.562111e-004
    2388 214.941203430000000 2020 10  5 04:30:39.767208695412 28263347.7 -7485.3 -2.647711e-004
    2414 217.339761999999980 2020 10  5 04:30:42.165747284889 28263057.1 -7775.9 -2.750503e-004
    2435 219.208004999999990 2020 10  5 04:30:44.034013152122 28262828.4 -8004.6 -2.831399e-004
    2483 223.482985430000010 2020 10  5 04:30:48.308984935284 28262329.0 -8504.0 -3.008047e-004
    2530 227.758369000000020 2020 10  5 04:30:52.584359049797 28261823.2 -9009.8 -3.186960e-004
    2578 232.032325860000010 2020 10  5 04:30:56.858325004578 28261316.5 -9516.5 -3.366190e-004
    2625 236.302922140000020 2020 10  5 04:31:01.128911375999 28260852.2 -9980.8 -3.530423e-004
    2673 240.571982709999990 2020 10  5 04:31:05.397968888283 28260362.3 -10470.7 -3.703711e-004
    2720 244.842614139999990 2020 10  5 04:31:09.668595492840 28259872.9 -10960.1 -3.876822e-004
    2767 249.109952139999960 2020 10  5 04:31:13.935963213444 28259403.0 -11430.0 -4.043036e-004
    2797 251.795573429999960 2020 10  5 04:31:16.621565222740 28259132.7 -11700.3 -4.138647e-004
    2802 252.236964569999970 2020 10  5 04:31:17.062962949276 28297215.8 26382.8 9.332162e-004
    2815 253.399910140000000 2020 10  5 04:31:18.225901722908 28258953.9 -11879.1 -4.201892e-004
    2845 256.082636139999980 2020 10  5 04:31:20.908647179604 28258656.3 -12176.7 -4.307160e-004
    2850 256.527074999999970 2020 10  5 04:31:21.353062391281 28296844.0 26011.0 9.200649e-004
    2863 257.684238569999990 2020 10  5 04:31:22.510247826576 28258486.2 -12346.8 -4.367328e-004
    2892 260.361992569999980 2020 10  5 04:31:25.188004374504 28258199.9 -12633.1 -4.468598e-004
    2897 260.809113289999970 2020 10  5 04:31:25.635115206242 28296461.2 25628.2 9.065244e-004
    2910 261.974423430000000 2020 10  5 04:31:26.800427734852 28258037.0 -12796.0 -4.526220e-004
    2940 264.648948710000010 2020 10  5 04:31:29.474965631962 28257755.6 -13077.4 -4.625757e-004
    2945 265.087534139999950 2020 10  5 04:31:29.913547039032 28296060.3 25227.3 8.923437e-004
    2958 266.248383429999990 2020 10  5 04:31:31.074393689632 28257586.5 -13246.5 -4.685571e-004
    2988 268.925542569999950 2020 10  5 04:31:33.751546740532 28257315.0 -13518.0 -4.781607e-004
    3005 270.519210709999980 2020 10  5 04:31:35.345221459866 28257145.4 -13687.6 -4.841598e-004
    3035 273.189864710000050 2020 10  5 04:31:38.015856742859 28256881.5 -13951.5 -4.934945e-004
    3040 273.635588429999980 2020 10  5 04:31:38.461599647999 28295229.5 24396.5 8.629565e-004
    3053 274.784872570000000 2020 10  5 04:31:39.610859155655 28256695.5 -14137.5 -5.000737e-004
    3082 277.454248860000010 2020 10  5 04:31:42.280247211456 28256454.7 -14378.3 -5.085913e-004
    3087 277.897184139999980 2020 10  5 04:31:42.723173797131 28294797.4 23964.4 8.476722e-004
    3100 279.058718139999940 2020 10  5 04:31:43.884704411030 28256439.0 -14394.0 -5.091467e-004
    3130 281.733835429999940 2020 10  5 04:31:46.559845805168 28256042.1 -14790.9 -5.231859e-004
    3135 282.179954710000000 2020 10  5 04:31:47.005950808525 28294347.9 23514.9 8.317724e-004
    3177 286.002460570000040 2020 10  5 04:31:50.828460752964 28255620.3 -15212.7 -5.381058e-004
    3182 286.445428569999990 2020 10  5 04:31:51.271427571774 28293855.4 23022.4 8.143517e-004
    3225 290.279798429999970 2020 10  5 04:31:55.105806291103 28255442.5 -15390.5 -5.443950e-004
    3230 290.720001289999970 2020 10  5 04:31:55.545997023582 28293370.5 22537.5 7.971997e-004
    3272 294.556319569999910 2020 10  5 04:31:59.382306933403 28254827.6 -16005.4 -5.661453e-004
    3277 294.999274289999960 2020 10  5 04:31:59.825273752213 28292848.6 22015.6 7.787390e-004
    3306 297.582532569999960 2020 10  5 04:32:02.408522665501 28292529.2 21696.2 7.674411e-004
    3320 298.828112859999920 2020 10  5 04:32:03.654100298882 28254302.0 -16531.0 -5.847369e-004
    3325 299.271918429999910 2020 10  5 04:32:04.097912013531 28292208.7 21375.7 7.561044e-004
    3353 301.852832430000030 2020 10  5 04:32:06.678827404976 28291975.1 21142.1 7.478414e-004
    3367 303.102450860000030 2020 10  5 04:32:07.928468585014 28254053.6 -16779.4 -5.935234e-004
    3372 303.548271860000000 2020 10  5 04:32:08.374291956425 28291767.3 20934.3 7.404911e-004
    3401 306.123552139999960 2020 10  5 04:32:10.949534475803 28291422.3 20589.3 7.282877e-004
    3415 307.375964710000010 2020 10  5 04:32:12.201951742172 28253685.3 -17147.7 -6.065509e-004
    3420 307.815823860000020 2020 10  5 04:32:12.641820609570 28291202.0 20369.0 7.204952e-004
    3448 310.397767709999980 2020 10  5 04:32:15.223782062531 28290941.0 20108.0 7.112631e-004
    3462 311.643634860000020 2020 10  5 04:32:16.469641327858 28253293.7 -17539.3 -6.204027e-004
    3467 312.084974429999990 2020 10  5 04:32:16.910958588123 28290599.9 19766.9 6.991977e-004
    3488 313.960672289999990 2020 10  5 04:32:18.786667585373 28290342.7 19509.7 6.900999e-004
    3496 314.672386570000010 2020 10  5 04:32:19.498391747475 28290235.8 19402.8 6.863187e-004
    3510 315.923747999999930 2020 10  5 04:32:20.749762952328 28252942.5 -17890.5 -6.328254e-004
    3515 316.361259709999960 2020 10  5 04:32:21.187258064747 28289999.1 19166.1 6.779461e-004
    3543 318.949475710000000 2020 10  5 04:32:23.775455653667 28289610.4 18777.4 6.641969e-004
    3562 320.639440430000040 2020 10  5 04:32:25.465448498726 28289338.4 18505.4 6.545757e-004
    3583 322.519124709999970 2020 10  5 04:32:27.345140576363 28289073.7 18240.7 6.452127e-004
    3591 323.230056709999930 2020 10  5 04:32:28.056060075760 28288953.3 18120.3 6.409539e-004
    3605 324.477064139999980 2020 10  5 04:32:29.303045868874 28252238.0 -18595.0 -6.577450e-004
    3610 324.920888999999990 2020 10  5 04:32:29.746897816658 28288711.3 17878.3 6.323938e-004
    3631 326.792647569999990 2020 10  5 04:32:31.618663966656 28288408.4 17575.4 6.216796e-004
    3638 327.502764430000010 2020 10  5 04:32:32.328778803349 28288288.1 17455.1 6.174243e-004
    3652 328.752381570000010 2020 10  5 04:32:33.578379750252 28251898.4 -18934.6 -6.697574e-004
    3678 331.067903860000000 2020 10  5 04:32:35.893917381763 28287711.3 16878.3 5.970217e-004
    3686 331.780948429999970 2020 10  5 04:32:36.606929004192 28287594.9 16761.9 5.929044e-004
    3733 336.051322429999970 2020 10  5 04:32:40.877314209938 28286881.9 16048.9 5.676840e-004
    3747 337.303946139999990 2020 10  5 04:32:42.129932641983 28251243.9 -19589.1 -6.929085e-004
    3773 339.615078709999980 2020 10  5 04:32:44.441084861755 28286264.8 15431.8 5.458559e-004
    3781 340.326087999999970 2020 10  5 04:32:45.152084827423 28286152.3 15319.3 5.418765e-004
    3828 344.601364999999990 2020 10  5 04:32:49.427378475666 28285390.9 14557.9 5.149441e-004
    3840 345.675031289999990 2020 10  5 04:32:50.501039922237 28285202.6 14369.6 5.082836e-004
    3868 348.170824710000030 2020 10  5 04:32:52.996821999550 28284727.3 13894.3 4.914712e-004
    3876 348.883368429999960 2020 10  5 04:32:53.709350824356 28284623.9 13790.9 4.878137e-004
    3888 349.956615429999940 2020 10  5 04:32:54.782609939575 28284434.3 13601.3 4.811072e-004
    3916 352.458379429999920 2020 10  5 04:32:57.284386754036 28283952.8 13119.8 4.640755e-004
    3924 353.167609710000020 2020 10  5 04:32:57.993616461754 28283833.2 13000.2 4.598450e-004
    3963 356.731395999999900 2020 10  5 04:33:01.557387113571 28283155.1 12322.1 4.358591e-004
    3971 357.449392569999990 2020 10  5 04:33:02.275387644768 28283008.1 12175.1 4.306594e-004
    4011 361.003604430000000 2020 10  5 04:33:05.829623043537 28282488.1 11655.1 4.122659e-004
    4019 361.717724569999970 2020 10  5 04:33:06.543720960617 28282170.8 11337.8 4.010423e-004
    4058 365.274696860000010 2020 10  5 04:33:10.100692212582 28281458.3 10625.3 3.758397e-004
    4066 365.984400569999990 2020 10  5 04:33:10.810404717922 28281321.3 10488.3 3.709937e-004
    4106 369.546117859999920 2020 10  5 04:33:14.372123479843 28280556.3 9723.3 3.439340e-004
    4153 373.824470710000010 2020 10  5 04:33:18.650474846363 28279706.8 8873.8 3.138853e-004
    4161 374.532643000000010 2020 10  5 04:33:19.358658492565 28279731.4 8898.4 3.147555e-004
    4165 374.888710429999950 2020 10  5 04:33:19.714721739292 28279495.0 8662.0 3.063935e-004
    4201 378.108960290000030 2020 10  5 04:33:22.934941649437 28278805.3 7972.3 2.819974e-004
    4209 378.824130569999970 2020 10  5 04:33:23.650125861168 28278648.2 7815.2 2.764404e-004
    4213 379.180723860000000 2020 10  5 04:33:24.006712138653 28278575.9 7742.9 2.738830e-004
    4235 381.224426429999990 2020 10  5 04:33:26.050434708595 28278130.9 7297.9 2.581424e-004
    4248 382.386811859999970 2020 10  5 04:33:27.212810218334 28277889.6 7056.6 2.496071e-004
    4251 382.651262140000030 2020 10  5 04:33:27.477262616158 28277852.9 7019.9 2.483089e-004
    4254 382.921367709999910 2020 10  5 04:33:27.747347652912 28277771.3 6938.3 2.454226e-004
    4256 383.099288140000000 2020 10  5 04:33:27.925298810005 28277734.3 6901.3 2.441138e-004
    4260 383.457402000000000 2020 10  5 04:33:28.283413946629 28277647.1 6814.1 2.410293e-004
    4283 385.506670429999990 2020 10  5 04:33:30.332688689232 28277201.7 6368.7 2.252746e-004
    4296 386.656989570000010 2020 10  5 04:33:31.482994258404 28276958.8 6125.8 2.166827e-004
    4299 386.927025999999960 2020 10  5 04:33:31.753039062023 28276886.6 6053.6 2.141288e-004
    4302 387.194693570000030 2020 10  5 04:33:32.020710110664 28276836.4 6003.4 2.123531e-004
    4304 387.373862140000030 2020 10  5 04:33:32.199868261814 28276797.5 5964.5 2.109772e-004
    4308 387.726262139999960 2020 10  5 04:33:32.552270293236 28276758.6 5925.6 2.096012e-004
    4330 389.776112139999900 2020 10  5 04:33:34.602108299732 28276389.1 5556.1 1.965312e-004
    4343 390.931113569999870 2020 10  5 04:33:35.757121145725 28276017.7 5184.7 1.833940e-004
    4349 391.463827429999980 2020 10  5 04:33:36.289807856083 28275899.0 5066.0 1.791953e-004
    4351 391.642007140000030 2020 10  5 04:33:36.468000411987 28275856.6 5023.6 1.776955e-004
    4355 391.995328429999920 2020 10  5 04:33:36.821327805519 28275774.6 4941.6 1.747950e-004
    4378 394.045048140000010 2020 10  5 04:33:38.871045112610 28275321.1 4488.1 1.587537e-004
    4391 395.199559289999970 2020 10  5 04:33:40.025575160980 28275062.7 4229.7 1.496136e-004
    4425 398.317209289999990 2020 10  5 04:33:43.143200576305 28274371.5 3538.5 1.251643e-004
    4438 399.475953569999940 2020 10  5 04:33:44.301955103874 28274110.5 3277.5 1.159322e-004
    4444 400.009096709999990 2020 10  5 04:33:44.835084378719 28273994.0 3161.0 1.118113e-004
    4473 402.591124709999920 2020 10  5 04:33:47.417126297951 28273403.5 2570.5 9.092410e-005
    4486 403.755058999999960 2020 10  5 04:33:48.581070899963 28273139.3 2306.3 8.157878e-005
    4489 404.022892000000010 2020 10  5 04:33:48.848902881145 28273139.0 2306.0 8.156817e-005
    4492 404.290647859999980 2020 10  5 04:33:49.116654396057 28273030.7 2197.7 7.773736e-005
    4505 405.532268709999980 2020 10  5 04:33:50.358248949051 28272742.1 1909.1 6.752896e-005
    4517 406.601327569999970 2020 10  5 04:33:51.427323818207 28272478.1 1645.1 5.819072e-005
    4520 406.869570430000010 2020 10  5 04:33:51.695558130741 28272422.2 1589.2 5.621341e-005
    4531 407.845057430000000 2020 10  5 04:33:52.671050727367 28272244.6 1411.6 4.993132e-005
    4533 408.023648999999980 2020 10  5 04:33:52.849645614624 28272171.2 1338.2 4.733500e-005
    4536 408.291391709999910 2020 10  5 04:33:53.117397129536 28272116.7 1283.7 4.540722e-005
    4539 408.560976709999980 2020 10  5 04:33:53.386959135532 28271981.0 1148.0 4.060722e-005
    4541 408.736463429999960 2020 10  5 04:33:53.562456071377 28271999.7 1166.7 4.126868e-005
    4553 409.806207999999970 2020 10  5 04:33:54.632214903831 28271772.4  939.4 3.322859e-005
    4565 410.874317709999960 2020 10  5 04:33:55.700324177742 28271530.9  697.9 2.468622e-005
    4568 411.143931710000000 2020 10  5 04:33:55.969926416874 28271461.0  628.0 2.221371e-005
    4581 412.300855860000010 2020 10  5 04:33:57.126870453358 28271199.7  366.7 1.297097e-005
    4584 412.570877290000000 2020 10  5 04:33:57.396875023842 28271140.3  307.3 1.086986e-005
    4587 412.836214429999930 2020 10  5 04:33:57.662212550640 28271096.0  263.0 9.302874e-006
    4589 413.014164290000000 2020 10  5 04:33:57.840163707733 28271032.2  199.2 7.046131e-006
    4612 415.156041140000010 2020 10  5 04:33:59.982055127621 28270545.4 -287.6 -1.017303e-005
    4615 415.423334429999900 2020 10  5 04:34:00.249323844910 28270491.3 -341.7 -1.208666e-005
    4628 416.580833429999980 2020 10  5 04:34:01.406831145287 28270227.4 -605.6 -2.142137e-005
    4631 416.850859430000010 2020 10  5 04:34:01.676875948906 28270160.2 -672.8 -2.379838e-005
    4634 417.114802710000050 2020 10  5 04:34:01.940805315971 28270113.3 -719.7 -2.545733e-005
    4636 417.292458569999950 2020 10  5 04:34:02.118474841118 28270074.1 -758.9 -2.684392e-005
    4648 418.356035429999960 2020 10  5 04:34:03.182037770748 28269823.1 -1009.9 -3.572233e-005
    4660 419.427853289999970 2020 10  5 04:34:04.253848493099 28269570.0 -1263.0 -4.467502e-005
    4663 419.692085710000010 2020 10  5 04:34:04.518099725246 28269512.1 -1320.9 -4.672307e-005
    4676 420.851633139999990 2020 10  5 04:34:05.677618682384 28269254.3 -1578.7 -5.584201e-005
    4679 421.118876710000000 2020 10  5 04:34:05.944887399673 28269185.5 -1647.5 -5.827561e-005
    4682 421.383368709999960 2020 10  5 04:34:06.209380030632 28269228.2 -1604.8 -5.676522e-005
    4684 421.561985429999990 2020 10  5 04:34:06.387974917889 28269089.0 -1744.0 -6.168902e-005
    4695 422.630013569999960 2020 10  5 04:34:07.456003725529 28268911.5 -1921.5 -6.796758e-005
    4707 423.704912429999980 2020 10  5 04:34:08.530912399292 28268597.4 -2235.6 -7.907797e-005
    4710 423.969335429999940 2020 10  5 04:34:08.795324563980 28268545.7 -2287.3 -8.090671e-005
    4723 425.123805290000010 2020 10  5 04:34:09.949814379215 28268330.1 -2502.9 -8.853294e-005
    4726 425.392822140000020 2020 10  5 04:34:10.218813121319 28268217.2 -2615.8 -9.252646e-005
    4729 425.655360140000030 2020 10  5 04:34:10.481374561787 28268164.6 -2668.4 -9.438703e-005
    4731 425.831358289999910 2020 10  5 04:34:10.657354295254 28268136.0 -2697.0 -9.539867e-005
    4755 427.972561289999990 2020 10  5 04:34:12.798561751842 28267639.1 -3193.9 -1.129751e-004
    4771 429.400374139999940 2020 10  5 04:34:14.226355254650 28267347.7 -3485.3 -1.232825e-004
    4777 429.936740859999930 2020 10  5 04:34:14.762743413448 28266991.5 -3841.5 -1.358821e-004
    4779 430.115094860000000 2020 10  5 04:34:14.941096901894 28267182.9 -3650.1 -1.291119e-004
    4790 431.177523430000010 2020 10  5 04:34:16.003533303738 28266905.1 -3927.9 -1.389382e-004
    4802 432.239211999999950 2020 10  5 04:34:17.065205276012 28266555.1 -4277.9 -1.513185e-004
    4818 433.662043140000040 2020 10  5 04:34:18.488050103188 28266263.0 -4570.0 -1.616507e-004
    4824 434.198917709999930 2020 10  5 04:34:19.024921059608 28266240.9 -4592.1 -1.624324e-004
    4838 435.446153859999920 2020 10  5 04:34:20.272148251534 28265946.1 -4886.9 -1.728601e-004
    4848 436.343322570000000 2020 10  5 04:34:21.169306933880 28294538.4 23705.4 8.385108e-004
    4850 436.515696569999990 2020 10  5 04:34:21.341705918312 28265728.6 -5104.4 -1.805536e-004
    4885 439.730233859999940 2020 10  5 04:34:24.556252956390 28265020.3 -5812.7 -2.056077e-004
    4895 440.620213139999980 2020 10  5 04:34:25.446209907532 28294340.3 23507.3 8.315036e-004
    4897 440.794833569999980 2020 10  5 04:34:25.620821714401 28264791.4 -6041.6 -2.137044e-004
    4913 442.222557859999940 2020 10  5 04:34:27.048574984074 28264481.5 -6351.5 -2.246662e-004
    4916 442.492556429999920 2020 10  5 04:34:27.318539321423 28264415.8 -6417.2 -2.269901e-004
    4919 442.762562430000000 2020 10  5 04:34:27.588543891907 28264361.5 -6471.5 -2.289108e-004
    4925 443.294138569999920 2020 10  5 04:34:28.120144307613 28264272.2 -6560.8 -2.320696e-004
    4933 444.008628709999980 2020 10  5 04:34:28.834644556046 28264090.7 -6742.3 -2.384896e-004
    4943 444.900436709999950 2020 10  5 04:34:29.726452231407 28294125.8 23292.8 8.239163e-004
    4945 445.074184000000000 2020 10  5 04:34:29.900178909302 28263861.5 -6971.5 -2.465969e-004
    4961 446.497526139999930 2020 10  5 04:34:31.323506534100 28263551.1 -7281.9 -2.575764e-004
    4972 447.560622710000020 2020 10  5 04:34:32.386626899242 28263311.6 -7521.4 -2.660481e-004
    4980 448.273663709999990 2020 10  5 04:34:33.099678754807 28263176.2 -7656.8 -2.708374e-004
    4990 449.173278429999980 2020 10  5 04:34:33.999291658401 28293886.1 23053.1 8.154376e-004
    4992 449.347628140000040 2020 10  5 04:34:34.173621833324 28262942.3 -7890.7 -2.791110e-004
    5008 450.765920709999990 2020 10  5 04:34:35.591920316219 28262637.4 -8195.6 -2.898960e-004
    5011 451.030734999999940 2020 10  5 04:34:35.856734812260 28262587.4 -8245.6 -2.916646e-004
    5014 451.299054999999950 2020 10  5 04:34:36.125049591064 28262526.9 -8306.1 -2.938046e-004
    5020 451.838196709999920 2020 10  5 04:34:36.664213836193 28262386.0 -8447.0 -2.987885e-004
    5028 452.551697289999990 2020 10  5 04:34:37.377708256245 28262256.9 -8576.1 -3.033551e-004
    5038 453.441378709999920 2020 10  5 04:34:38.267383575439 28293665.3 22832.3 8.076274e-004
    5061 455.572713859999960 2020 10  5 04:34:40.398733913898 28261628.8 -9204.2 -3.255723e-004
    5067 456.108656709999990 2020 10  5 04:34:40.934639275074 28261523.4 -9309.6 -3.293005e-004
    5075 456.821271289999970 2020 10  5 04:34:41.647288799286 28261366.4 -9466.6 -3.348539e-004
    5103 459.319810710000010 2020 10  5 04:34:44.145806729794 28260857.7 -9975.3 -3.528478e-004
    5106 459.588419289999930 2020 10  5 04:34:44.414403140545 28260797.3 -10035.7 -3.549842e-004
    5109 459.858432999999990 2020 10  5 04:34:44.684447944164 28260749.1 -10083.9 -3.566892e-004
    5115 460.392536999999950 2020 10  5 04:34:45.218542814255 28260621.2 -10211.8 -3.612133e-004
    5133 462.002611140000000 2020 10  5 04:34:46.828592419624 28293186.2 22353.2 7.906806e-004
    5151 463.597553569999950 2020 10  5 04:34:48.423554599285 28259988.2 -10844.8 -3.836038e-004
    5154 463.867552289999990 2020 10  5 04:34:48.693559169769 28259937.4 -10895.6 -3.854007e-004
    5157 464.137561430000010 2020 10  5 04:34:48.963563740253 28259890.3 -10942.7 -3.870668e-004
    5170 465.382505859999980 2020 10  5 04:34:50.208497643471 28259651.9 -11181.1 -3.954995e-004
    5180 466.279630569999990 2020 10  5 04:34:51.105616092682 28292971.3 22138.3 7.830792e-004
    5188 466.985421429999970 2020 10  5 04:34:51.811425983906 28259318.9 -11514.1 -4.072784e-004
    5198 467.875607430000000 2020 10  5 04:34:52.701624333858 28259146.6 -11686.4 -4.133730e-004
    5201 468.140127000000010 2020 10  5 04:34:52.966116964817 28259087.4 -11745.6 -4.154671e-004
    5204 468.408961999999970 2020 10  5 04:34:53.234954774380 28259040.1 -11792.9 -4.171402e-004
    5210 468.940810430000000 2020 10  5 04:34:53.766796588898 28258946.7 -11886.3 -4.204439e-004
    5218 469.656938569999970 2020 10  5 04:34:54.482946395874 28258792.1 -12040.9 -4.259125e-004
    5228 470.552782000000040 2020 10  5 04:34:55.378777384758 28292704.3 21871.3 7.736348e-004
    5236 471.258505999999950 2020 10  5 04:34:56.084506809711 28258490.4 -12342.6 -4.365842e-004
    5246 472.152704860000030 2020 10  5 04:34:56.978688240051 28258305.5 -12527.5 -4.431245e-004
    5249 472.421031429999910 2020 10  5 04:34:57.247043251991 28258566.6 -12266.4 -4.338889e-004
    5252 472.686278289999960 2020 10  5 04:34:57.512260079384 28258119.4 -12713.6 -4.497073e-004
    5258 473.222656569999970 2020 10  5 04:34:58.048648238182 28258117.6 -12715.4 -4.497710e-004
    5260 473.406399569999910 2020 10  5 04:34:58.232392966747 28292360.3 21527.3 7.614668e-004
    5283 475.538822709999980 2020 10  5 04:35:00.364829599857 28257679.9 -13153.1 -4.652534e-004
    5293 476.431932569999900 2020 10  5 04:35:01.257924735546 28257505.6 -13327.4 -4.714187e-004
    5296 476.698932569999950 2020 10  5 04:35:01.524952054024 28257450.9 -13382.1 -4.733536e-004
    5299 476.963746999999960 2020 10  5 04:35:01.789766550064 28257405.8 -13427.2 -4.749489e-004
    5305 477.502823710000030 2020 10  5 04:35:02.328810095787 28257310.1 -13522.9 -4.783340e-004
    5313 478.212434569999970 2020 10  5 04:35:03.038442134857 28257059.0 -13774.0 -4.872159e-004
    5319 478.746408429999970 2020 10  5 04:35:03.572416305542 28257066.1 -13766.9 -4.869648e-004
    5331 479.817070860000000 2020 10  5 04:35:04.643060266972 28256886.2 -13946.8 -4.933282e-004
    5341 480.702758429999960 2020 10  5 04:35:05.528752505779 28256715.5 -14117.5 -4.993663e-004
    5344 480.970641710000000 2020 10  5 04:35:05.796624720097 28256663.0 -14170.0 -5.012233e-004
    5347 481.240630860000010 2020 10  5 04:35:06.066629290581 28256624.3 -14208.7 -5.025922e-004
    5353 481.774731709999970 2020 10  5 04:35:06.600724160671 28256543.7 -14289.3 -5.054432e-004
    5378 484.089503569999980 2020 10  5 04:35:08.915497362614 28256096.1 -14736.9 -5.212758e-004
    5388 484.976645569999960 2020 10  5 04:35:09.802637994289 28255937.4 -14895.6 -5.268893e-004
    5391 485.245489430000020 2020 10  5 04:35:10.071475803852 28255892.6 -14940.4 -5.284740e-004
    5394 485.514891430000030 2020 10  5 04:35:10.340876877308 28255812.9 -15020.1 -5.312932e-004
    5400 486.048375999999960 2020 10  5 04:35:10.874368250370 28255742.8 -15090.2 -5.337727e-004
    5408 486.760430709999980 2020 10  5 04:35:11.586414277554 28255626.5 -15206.5 -5.378865e-004
    5414 487.298720999999940 2020 10  5 04:35:12.124733626842 28255537.5 -15295.5 -5.410346e-004
    5436 489.258863430000020 2020 10  5 04:35:14.084851741791 28255206.7 -15626.3 -5.527357e-004
    5442 489.794268999999990 2020 10  5 04:35:14.620274305344 28255109.0 -15724.0 -5.561916e-004
    5448 490.325728999999970 2020 10  5 04:35:15.151713788509 28254987.2 -15845.8 -5.604999e-004
    5461 491.569861710000050 2020 10  5 04:35:16.395843029022 28254803.4 -16029.6 -5.670013e-004
    5483 493.529044860000000 2020 10  5 04:35:18.355035781860 28254476.7 -16356.3 -5.785574e-004
    5489 494.063993139999980 2020 10  5 04:35:18.889975547791 28254379.9 -16453.1 -5.819814e-004
    5497 494.781959429999920 2020 10  5 04:35:19.607976078987 28291244.2 20411.2 7.219879e-004
    5503 495.314866430000050 2020 10  5 04:35:20.140863955021 28254175.7 -16657.3 -5.892044e-004
    5509 495.853515859999960 2020 10  5 04:35:20.679505169392 28254075.4 -16757.6 -5.927523e-004
    5531 497.833529289999940 2020 10  5 04:35:22.659538686275 28253768.0 -17065.0 -6.036257e-004
    5537 498.373522709999970 2020 10  5 04:35:23.199507594109 28253680.0 -17153.0 -6.067384e-004
    5545 499.097528859999950 2020 10  5 04:35:23.923543095589 28290923.4 20090.4 7.106405e-004
    5551 499.633524289999970 2020 10  5 04:35:24.459528923035 28253487.2 -17345.8 -6.135582e-004
    5557 500.173569139999980 2020 10  5 04:35:24.999578297138 28253415.3 -17417.7 -6.161014e-004
    5569 501.253556429999950 2020 10  5 04:35:26.079556345940 28253232.5 -17600.5 -6.225674e-004
    5579 502.153579859999980 2020 10  5 04:35:26.979571580887 28253081.5 -17751.5 -6.279086e-004
    5585 502.693580860000000 2020 10  5 04:35:27.519580721855 28253003.2 -17829.8 -6.306783e-004
    5599 503.953578569999930 2020 10  5 04:35:28.779561817646 28252808.8 -18024.2 -6.375546e-004
    5605 504.493642569999960 2020 10  5 04:35:29.319651424885 28252721.0 -18112.0 -6.406603e-004
    5617 505.573605999999980 2020 10  5 04:35:30.399589240551 28252548.8 -18284.2 -6.467514e-004
    5627 506.473630569999950 2020 10  5 04:35:31.299644708633 28252428.1 -18404.9 -6.510208e-004
    5633 507.013624859999990 2020 10  5 04:35:31.839613616467 28252348.2 -18484.8 -6.538470e-004
    5641 507.738091709999940 2020 10  5 04:35:32.564091682434 28290358.4 19525.4 6.906553e-004
    5647 508.273624709999980 2020 10  5 04:35:33.099634945393 28252151.7 -18681.3 -6.607976e-004
    5653 508.813647570000000 2020 10  5 04:35:33.639644086361 28252074.1 -18758.9 -6.635425e-004
    5665 509.893641290000010 2020 10  5 04:35:34.719622135162 28251911.1 -18921.9 -6.693082e-004
    5675 510.788774569999930 2020 10  5 04:35:35.614769160748 28251777.7 -19055.3 -6.740268e-004
    5681 511.325945999999990 2020 10  5 04:35:36.151961982250 28251707.5 -19125.5 -6.765100e-004
    5689 512.049819709999950 2020 10  5 04:35:36.875836551189 28290049.3 19216.3 6.797217e-004
    5695 512.585346290000070 2020 10  5 04:35:37.411339581013 28251517.7 -19315.3 -6.832236e-004
    5701 513.122721709999950 2020 10  5 04:35:37.948733568192 28251378.4 -19454.6 -6.881509e-004
    5713 514.189826570000150 2020 10  5 04:35:39.015837013721 28251297.6 -19535.4 -6.910090e-004
    5742 516.861312570000000 2020 10  5 04:35:41.687317192554 28250910.9 -19922.1 -7.046874e-004
    5748 517.398465709999980 2020 10  5 04:35:42.224469780922 28250837.0 -19996.0 -7.073014e-004
    5760 518.469275709999920 2020 10  5 04:35:43.295274674892 28250692.5 -20140.5 -7.124127e-004
    5776 519.902521429999870 2020 10  5 04:35:44.728539884090 28250504.4 -20328.6 -7.190662e-004
    5784 520.621955139999950 2020 10  5 04:35:45.447948575020 28289431.1 18598.1 6.578547e-004
    5790 521.154340860000050 2020 10  5 04:35:45.980353653431 28250312.4 -20520.6 -7.258576e-004
    5796 521.685372710000140 2020 10  5 04:35:46.511390805244 28250242.5 -20590.5 -7.283301e-004
    5808 522.753616709999960 2020 10  5 04:35:47.579620778561 28249944.6 -20888.4 -7.388675e-004
    5824 524.187450710000010 2020 10  5 04:35:49.013449251652 28249936.1 -20896.9 -7.391682e-004
    5832 524.902173709999940 2020 10  5 04:35:49.728190898895 28289122.5 18289.5 6.469388e-004
    5838 525.432349429999930 2020 10  5 04:35:50.258342921734 28249762.0 -21071.0 -7.453265e-004
    5844 525.967101139999840 2020 10  5 04:35:50.793081521988 28249681.7 -21151.3 -7.481668e-004
    5856 527.045120289999890 2020 10  5 04:35:51.871128380299 28249544.4 -21288.6 -7.530234e-004
    5885 529.725832860000080 2020 10  5 04:35:54.551821947098 28249193.7 -21639.3 -7.654285e-004
    5891 530.263342000000080 2020 10  5 04:35:55.089336633682 28249147.4 -21685.6 -7.670662e-004
    5903 531.334146139999920 2020 10  5 04:35:56.160141527653 28249002.4 -21830.6 -7.721951e-004
    5919 532.757182139999940 2020 10  5 04:35:57.583187520504 28248835.8 -21997.2 -7.780881e-004
    5927 533.475924709999960 2020 10  5 04:35:58.301912248135 28288473.2 17640.2 6.239717e-004
    5933 534.007269429999840 2020 10  5 04:35:58.833271265030 28248656.3 -22176.7 -7.844374e-004
    5939 534.540040429999980 2020 10  5 04:35:59.366038441658 28248609.3 -22223.7 -7.860999e-004
    5951 535.612656709999900 2020 10  5 04:36:00.438653826714 28248481.0 -22352.0 -7.906382e-004
    5967 537.047028289999840 2020 10  5 04:36:01.873045563698 28248317.1 -22515.9 -7.964357e-004
    5987 538.832443139999900 2020 10  5 04:36:03.658431172371 28248036.2 -22796.8 -8.063717e-004
    6014 541.333702290000020 2020 10  5 04:36:06.159684956074 28247817.4 -23015.6 -8.141111e-004
    6026 542.402339709999980 2020 10  5 04:36:07.228357493877 28247698.3 -23134.7 -8.183240e-004
    6034 543.115557429999970 2020 10  5 04:36:07.941570281982 28247615.0 -23218.0 -8.212705e-004
    6046 544.188018000000060 2020 10  5 04:36:09.014024734497 28247493.6 -23339.4 -8.255646e-004
    6074 546.687327139999980 2020 10  5 04:36:11.513307094574 28247234.3 -23598.7 -8.347366e-004
    6082 547.390607709999930 2020 10  5 04:36:12.216622531414 28247145.7 -23687.3 -8.378706e-004
    6121 550.945736000000010 2020 10  5 04:36:15.771743059158 28246762.7 -24070.3 -8.514181e-004
    6129 551.661431709999990 2020 10  5 04:36:16.487450301647 28246682.0 -24151.0 -8.542727e-004
    6141 552.733886430000100 2020 10  5 04:36:17.559904754162 28246589.2 -24243.8 -8.575552e-004
    6169 555.231800430000020 2020 10  5 04:36:20.057819187641 28246316.2 -24516.8 -8.672118e-004
    6189 557.014021999999950 2020 10  5 04:36:21.840026378632 28246150.2 -24682.8 -8.730836e-004
    6216 559.509244999999960 2020 10  5 04:36:24.335245192051 28245917.6 -24915.4 -8.813111e-004
    6236 561.297291429999970 2020 10  5 04:36:26.123286187649 28245732.9 -25100.1 -8.878444e-004
    6264 563.797905140000010 2020 10  5 04:36:28.623896241188 28245505.3 -25327.7 -8.958951e-004
    6272 564.515344570000140 2020 10  5 04:36:29.341333508492 28245429.6 -25403.4 -8.985727e-004
    6284 565.588971710000120 2020 10  5 04:36:30.414954721928 28245330.6 -25502.4 -9.020746e-004
    6312 568.088540860000080 2020 10  5 04:36:32.914558947086 28245110.9 -25722.1 -9.098458e-004
    6359 572.379836430000070 2020 10  5 04:36:37.205825150013 28244727.4 -26105.6 -9.234111e-004
    6379 574.179873710000150 2020 10  5 04:36:39.005855619907 28244576.2 -26256.8 -9.287593e-004
    6407 576.683998570000200 2020 10  5 04:36:41.510006189346 28244375.0 -26458.0 -9.358762e-004
    6427 578.465663569999950 2020 10  5 04:36:43.291650116444 28244227.0 -26606.0 -9.411113e-004
    6428 578.559274289999960 2020 10  5 04:36:43.385272622108 28305649.1 34816.1 1.231520e-003
    6455 580.964919999999890 2020 10  5 04:36:45.790932476521 28244028.0 -26805.0 -9.481503e-004
    6502 585.241687429999960 2020 10  5 04:36:50.067674517632 28243696.8 -27136.2 -9.598656e-004
    6538 588.460636999999910 2020 10  5 04:36:53.286647200584 28243425.3 -27407.7 -9.694691e-004
    6550 589.525624139999880 2020 10  5 04:36:54.351618289948 28243369.4 -27463.6 -9.714464e-004
    6570 591.309570140000010 2020 10  5 04:36:56.135555505753 28243224.2 -27608.8 -9.765825e-004
    6597 593.806697289999870 2020 10  5 04:36:58.632705509663 28243067.0 -27766.0 -9.821430e-004
    6645 598.082590570000090 2020 10  5 04:37:02.908602654934 28242765.6 -28067.4 -9.928041e-004
    6666 599.948793000000020 2020 10  5 04:37:04.774776399136 28305427.8 34594.8 1.223692e-003
    6692 602.355653139999840 2020 10  5 04:37:07.181643247604 28242485.3 -28347.7 -1.002719e-003
    6740 606.626952289999960 2020 10  5 04:37:11.452953815460 28242211.6 -28621.4 -1.012400e-003
    6761 608.503791000000090 2020 10  5 04:37:13.329789340496 28305322.9 34489.9 1.219982e-003
    6787 610.894830140000070 2020 10  5 04:37:15.720844566822 28241955.7 -28877.3 -1.021452e-003
    6835 615.172185570000120 2020 10  5 04:37:19.998190104961 28241698.1 -29134.9 -1.030564e-003
    6882 619.442534429999910 2020 10  5 04:37:24.268535077572 28241454.9 -29378.1 -1.039166e-003
    6905 621.485716140000020 2020 10  5 04:37:26.311734616756 28241340.2 -29492.8 -1.043224e-003
    6930 623.708682860000070 2020 10  5 04:37:28.534695804119 28241219.6 -29613.4 -1.047489e-003
    6952 625.755053429999980 2020 10  5 04:37:30.581033527851 28241120.3 -29712.7 -1.051002e-003
    6977 627.985591860000000 2020 10  5 04:37:32.811598777771 28241152.4 -29680.6 -1.049866e-003
    6998 629.860158569999950 2020 10  5 04:37:34.686141014099 28305043.6 34210.6 1.210102e-003
    7000 630.036017139999900 2020 10  5 04:37:34.862000048161 28240911.3 -29921.7 -1.058395e-003
    7002 630.213739860000150 2020 10  5 04:37:35.039750039577 28279460.6 8627.6 3.051767e-004
    7025 632.257467859999910 2020 10  5 04:37:37.083472609520 28240787.5 -30045.5 -1.062774e-003
    7045 634.132226139999830 2020 10  5 04:37:38.958216011524 28304958.2 34125.2 1.207082e-003
    7047 634.308408999999980 2020 10  5 04:37:39.134396910667 28240684.3 -30148.7 -1.066424e-003
    7049 634.488266570000060 2020 10  5 04:37:39.314279258251 28279063.4 8230.4 2.911269e-004
    7072 636.539077570000130 2020 10  5 04:37:41.365082859993 28240576.9 -30256.1 -1.070223e-003
    7095 638.589756140000080 2020 10  5 04:37:43.415765762329 28240471.5 -30361.5 -1.073951e-003
    7097 638.768421429999990 2020 10  5 04:37:43.594441115856 28278580.0 7747.0 2.740280e-004
    7120 640.814906570000060 2020 10  5 04:37:45.640899538994 28240378.5 -30454.5 -1.077241e-003
    7140 642.680944290000070 2020 10  5 04:37:47.506952583790 28304815.1 33982.1 1.202020e-003
    7142 642.859249429999860 2020 10  5 04:37:47.685265839100 28240530.5 -30302.5 -1.071864e-003
    7144 643.035763570000090 2020 10  5 04:37:47.861768603325 28278120.1 7287.1 2.577604e-004
    7167 645.079347710000090 2020 10  5 04:37:49.905330240726 28240188.7 -30644.3 -1.083955e-003
    7190 647.138945140000030 2020 10  5 04:37:51.964944899082 28240099.8 -30733.2 -1.087099e-003
    7192 647.319484429999990 2020 10  5 04:37:52.145470976830 28277639.6 6806.6 2.407640e-004
    7215 649.388971430000080 2020 10  5 04:37:54.214982986450 28240001.3 -30831.7 -1.090583e-003
    7238 651.443250289999920 2020 10  5 04:37:56.269246637821 28239934.7 -30898.3 -1.092939e-003
    7240 651.623723140000040 2020 10  5 04:37:56.449732482433 28277177.2 6344.2 2.244080e-004
    7263 653.671983000000070 2020 10  5 04:37:58.498001396656 28239833.0 -31000.0 -1.096536e-003
    7285 655.722800430000010 2020 10  5 04:38:00.548804998398 28239737.1 -31095.9 -1.099929e-003
    7310 657.941901709999910 2020 10  5 04:38:02.767903804779 28239670.9 -31162.1 -1.102270e-003
    7333 659.992445429999980 2020 10  5 04:38:04.818425774574 28239579.2 -31253.8 -1.105514e-003
    7378 664.085345290000080 2020 10  5 04:38:08.911342620850 28304425.5 33592.5 1.188239e-003
    7380 664.263557570000100 2020 10  5 04:38:09.089575409889 28239410.3 -31422.7 -1.111488e-003
    7382 664.439661289999890 2020 10  5 04:38:09.265675842762 28275676.5 4843.5 1.713250e-004
    7404 666.409399140000000 2020 10  5 04:38:11.235409677029 28304376.6 33543.6 1.186509e-003
    7426 668.371659999999910 2020 10  5 04:38:13.197660148144 28304340.7 33507.7 1.185239e-003
    7428 668.551111999999880 2020 10  5 04:38:13.377099931240 28239265.4 -31567.6 -1.116614e-003
    7430 668.726255570000030 2020 10  5 04:38:13.552275002003 28275114.0 4281.0 1.514282e-004
    7452 670.689626289999980 2020 10  5 04:38:15.515611767769 28304281.6 33448.6 1.183149e-003
    7453 670.779339710000160 2020 10  5 04:38:15.605331659317 28239163.2 -31669.8 -1.120229e-003
    7473 672.643382000000090 2020 10  5 04:38:17.469373047352 28304233.4 33400.4 1.181444e-003
    7475 672.823003999999970 2020 10  5 04:38:17.649013996124 28239103.4 -31729.6 -1.122344e-003
    7477 672.997796139999990 2020 10  5 04:38:17.823786735535 28274769.6 3936.6 1.392460e-004
    7499 674.962462139999840 2020 10  5 04:38:19.788451194763 28304191.0 33358.0 1.179944e-003
    7521 676.921882570000090 2020 10  5 04:38:21.747885346413 28304127.1 33294.1 1.177684e-003
    7523 677.101018709999950 2020 10  5 04:38:21.927003264427 28238968.4 -31864.6 -1.127119e-003
    7547 679.239341570000190 2020 10  5 04:38:24.065354168415 28304081.4 33248.4 1.176067e-003
    7568 681.201341570000180 2020 10  5 04:38:26.027323007584 28304039.6 33206.6 1.174589e-003
    7570 681.381549999999950 2020 10  5 04:38:26.207567453384 28238853.5 -31979.5 -1.131184e-003
    7594 683.522526569999970 2020 10  5 04:38:28.348533511162 28303971.6 33138.6 1.172183e-003
    7616 685.479121709999960 2020 10  5 04:38:30.305111110210 28303934.3 33101.3 1.170864e-003
    7618 685.655102859999940 2020 10  5 04:38:30.481090843678 28238697.0 -32136.0 -1.136719e-003
    7642 687.790965290000030 2020 10  5 04:38:32.616947293282 28303879.4 33046.4 1.168922e-003
    7663 689.749818290000010 2020 10  5 04:38:34.575818181038 28303797.7 32964.7 1.166032e-003
    7665 689.929057570000050 2020 10  5 04:38:34.755056798458 28238574.9 -32258.1 -1.141038e-003
    7689 692.061523289999850 2020 10  5 04:38:36.887533664703 28303760.5 32927.5 1.164716e-003
    7690 692.152339429999980 2020 10  5 04:38:36.978339850903 28238516.8 -32316.2 -1.143093e-003
    7711 694.022279709999910 2020 10  5 04:38:38.848295509815 28303698.2 32865.2 1.162513e-003
    7713 694.201601999999980 2020 10  5 04:38:39.027614593506 28238454.4 -32378.6 -1.145301e-003
    7738 696.430777000000030 2020 10  5 04:38:41.256771683693 28238397.0 -32436.0 -1.147331e-003
    7760 698.482104859999940 2020 10  5 04:38:43.308098316193 28238342.0 -32491.0 -1.149276e-003
    7806 702.573205290000030 2020 10  5 04:38:47.399204671383 28303386.9 32553.9 1.151501e-003
    7808 702.752397429999970 2020 10  5 04:38:47.578403055668 28238222.4 -32610.6 -1.153507e-003
    7853 706.850594709999880 2020 10  5 04:38:51.676590442657 28303323.4 32490.4 1.149255e-003
    7855 707.031743290000010 2020 10  5 04:38:51.857760250568 28238111.7 -32721.3 -1.157423e-003
    7903 711.308477570000150 2020 10  5 04:38:56.134462058544 28237949.4 -32883.6 -1.163163e-003
    7949 715.418294570000060 2020 10  5 04:39:00.244276821613 28303006.6 32173.6 1.138049e-003
    7951 715.597074290000020 2020 10  5 04:39:00.423072874546 28237917.7 -32915.3 -1.164285e-003
    7998 719.869862859999900 2020 10  5 04:39:04.695872068405 28237810.9 -33022.1 -1.168063e-003
    8093 728.437619999999810 2020 10  5 04:39:13.263638913631 28237650.6 -33182.4 -1.173733e-003
    8141 732.708467710000040 2020 10  5 04:39:17.534466683865 28237550.4 -33282.6 -1.177277e-003
    8214 739.301474429999980 2020 10  5 04:39:24.127470552921 28267108.4 -3724.6 -1.317471e-004
    8283 745.540220289999870 2020 10  5 04:39:30.366221666336 28237314.4 -33518.6 -1.185625e-003
    8309 747.859028289999860 2020 10  5 04:39:32.685018181801 28265848.9 -4984.1 -1.762983e-004
    8404 756.419308290000000 2020 10  5 04:39:41.245301663876 28265172.8 -5660.2 -2.002134e-004
    8426 758.390690139999950 2020 10  5 04:39:43.216685056686 28237100.8 -33732.2 -1.193180e-003
    8452 760.704294710000000 2020 10  5 04:39:45.530291497707 28264642.6 -6190.4 -2.189677e-004
    8460 761.415672570000080 2020 10  5 04:39:46.241653561592 28300993.6 30160.6 1.066845e-003
    8473 762.575567999999980 2020 10  5 04:39:47.401574850082 28264477.7 -6355.3 -2.248006e-004
    8474 762.667032570000060 2020 10  5 04:39:47.493024766445 28237022.1 -33810.9 -1.195964e-003
    8499 764.985077430000050 2020 10  5 04:39:49.811097085476 28264230.3 -6602.7 -2.335517e-004
    8507 765.693108290000050 2020 10  5 04:39:50.519119799137 28300731.5 29898.5 1.057574e-003
    8520 766.857731709999940 2020 10  5 04:39:51.683748364449 28264016.6 -6816.4 -2.411107e-004
    8521 766.947267139999780 2020 10  5 04:39:51.773267090321 28236970.4 -33862.6 -1.197793e-003
    8533 768.017665139999850 2020 10  5 04:39:52.843669652939 28300578.0 29745.0 1.052144e-003
    8547 769.268598430000000 2020 10  5 04:39:54.094598293304 28263753.5 -7079.5 -2.504171e-004
    8555 769.979236140000010 2020 10  5 04:39:54.805236160755 28300475.3 29642.3 1.048512e-003
    8568 771.132293709999890 2020 10  5 04:39:55.958277583122 28263560.7 -7272.3 -2.572368e-004
    8569 771.223451430000070 2020 10  5 04:39:56.049445867538 28236915.0 -33918.0 -1.199752e-003
    8581 772.295904140000060 2020 10  5 04:39:57.121900320053 28300301.3 29468.3 1.042357e-003
    8602 774.261470290000030 2020 10  5 04:39:59.087490141392 28300199.1 29366.1 1.038742e-003
    8615 775.421995429999920 2020 10  5 04:40:00.248014926910 28263046.0 -7787.0 -2.754429e-004
    8616 775.514851570000130 2020 10  5 04:40:00.340832769871 28236844.0 -33989.0 -1.202264e-003
    8650 778.542623999999820 2020 10  5 04:40:03.368617594242 28299930.5 29097.5 1.029241e-003
    8663 779.702168709999910 2020 10  5 04:40:04.528176784515 28262622.2 -8210.8 -2.904336e-004
    8664 779.794919000000050 2020 10  5 04:40:04.620914161205 28236828.8 -34004.2 -1.202801e-003
    8710 783.977716859999990 2020 10  5 04:40:08.803711831570 28262169.3 -8663.7 -3.064537e-004
    8726 785.399692139999960 2020 10  5 04:40:10.225711762905 28299444.6 28611.6 1.012054e-003
    8745 787.097040139999990 2020 10  5 04:40:11.923027038574 28299315.3 28482.3 1.007480e-003
    8758 788.260797860000030 2020 10  5 04:40:13.086810708046 28261704.2 -9128.8 -3.229052e-004
    8771 789.420031290000000 2020 10  5 04:40:14.246048033237 28299152.9 28319.9 1.001736e-003
    8774 789.686984430000050 2020 10  5 04:40:14.512994885445 28299169.8 28336.8 1.002333e-003
    8793 791.382271570000060 2020 10  5 04:40:16.208258271217 28299008.3 28175.3 9.966208e-004
    8840 795.649775570000200 2020 10  5 04:40:20.475786924362 28298670.7 27837.7 9.846792e-004
    8853 796.817453859999890 2020 10  5 04:40:21.643473207951 28260820.5 -10012.5 -3.541636e-004
    8888 799.923708000000030 2020 10  5 04:40:24.749712646008 28298335.6 27502.6 9.728260e-004
    8935 804.200982430000070 2020 10  5 04:40:29.026977717876 28297963.7 27130.7 9.596711e-004
    8948 805.360832429999960 2020 10  5 04:40:30.186818540096 28259961.1 -10871.9 -3.845624e-004
    8961 806.518709860000060 2020 10  5 04:40:31.344728171825 28297749.9 26916.9 9.521085e-004
    8983 808.477023999999910 2020 10  5 04:40:33.303035795689 28297570.6 26737.6 9.457663e-004
    9008 810.790770290000180 2020 10  5 04:40:35.616762936115 28297365.8 26532.8 9.385220e-004
    9011 811.060891859999970 2020 10  5 04:40:35.886888206005 28297339.5 26506.5 9.375918e-004
    9030 812.752271859999950 2020 10  5 04:40:37.578289210796 28297166.7 26333.7 9.314795e-004
    9043 813.915830430000030 2020 10  5 04:40:38.741831481457 28259100.4 -11732.6 -4.150072e-004
    9073 816.594963430000010 2020 10  5 04:40:41.420955955982 28258861.1 -11971.9 -4.234718e-004
    9078 817.037144429999900 2020 10  5 04:40:41.863158345222 28296743.6 25910.6 9.165135e-004
    9091 818.193564860000040 2020 10  5 04:40:43.019579350948 28258696.1 -12136.9 -4.293082e-004
    9120 820.864100289999900 2020 10  5 04:40:45.690093934536 28258438.4 -12394.6 -4.384236e-004
    9125 821.307641709999870 2020 10  5 04:40:46.133624017239 28296302.8 25469.8 9.009215e-004
    9138 822.469273289999930 2020 10  5 04:40:47.295275330544 28258300.0 -12533.0 -4.433191e-004
    9168 825.146189709999930 2020 10  5 04:40:49.972186982632 28258036.0 -12797.0 -4.526573e-004
    9173 825.588003140000070 2020 10  5 04:40:50.413987040520 28295849.0 25016.0 8.848696e-004
    9202 828.182202139999960 2020 10  5 04:40:53.008219599724 28295593.7 24760.7 8.758391e-004
    9215 829.427508429999880 2020 10  5 04:40:54.253515601158 28257625.6 -13207.4 -4.671741e-004
    9220 829.871719289999990 2020 10  5 04:40:54.697729647160 28295372.8 24539.8 8.680254e-004
    9233 831.034881140000040 2020 10  5 04:40:55.860869586468 28257484.4 -13348.6 -4.721686e-004
    9249 832.454579289999970 2020 10  5 04:40:57.280576229095 28295069.3 24236.3 8.572899e-004
    9263 833.706094860000010 2020 10  5 04:40:58.532108366489 28257222.4 -13610.6 -4.814361e-004
    9268 834.152801570000070 2020 10  5 04:40:58.978816866875 28294874.0 24041.0 8.503817e-004
    9281 835.316455570000020 2020 10  5 04:41:00.142439603806 28257107.9 -13725.1 -4.854862e-004
    9297 836.739192140000000 2020 10  5 04:41:01.565203964710 28294552.4 23719.4 8.390061e-004
    9315 838.428857859999990 2020 10  5 04:41:03.254874944687 28294335.4 23502.4 8.313303e-004
    9344 841.018130000000040 2020 10  5 04:41:05.844118595123 28294015.1 23182.1 8.200006e-004
    9363 842.709303000000090 2020 10  5 04:41:07.535318434238 28293801.9 22968.9 8.124593e-004
    9392 845.291454000000040 2020 10  5 04:41:10.117440819740 28293451.3 22618.3 8.000578e-004
    9406 846.542309709999930 2020 10  5 04:41:11.368329226971 28256078.9 -14754.1 -5.218842e-004
    9410 846.969996999999920 2020 10  5 04:41:11.796007454395 28293220.6 22387.6 7.918974e-004
    9429 848.672871430000100 2020 10  5 04:41:13.498874902725 28292988.5 22155.5 7.836876e-004
    9439 849.572400290000020 2020 10  5 04:41:14.398407340050 28292884.8 22051.8 7.800195e-004
    9453 850.836008859999880 2020 10  5 04:41:15.662009418011 28255717.3 -15115.7 -5.346747e-004
    9458 851.282362290000040 2020 10  5 04:41:16.108355820179 28292637.5 21804.5 7.712719e-004
    9477 852.963291999999910 2020 10  5 04:41:17.789296209812 28292389.5 21556.5 7.624996e-004
    9484 853.583135430000080 2020 10  5 04:41:18.409127891064 28292586.7 21753.7 7.694750e-004
    9487 853.847638289999850 2020 10  5 04:41:18.673620522022 28292265.8 21432.8 7.581241e-004
    9500 855.075857140000040 2020 10  5 04:41:19.901857674122 28255354.4 -15478.6 -5.475113e-004
    9505 855.522056429999910 2020 10  5 04:41:20.348043143749 28292018.1 21185.1 7.493624e-004
    9524 857.185760140000070 2020 10  5 04:41:22.011763751507 28291765.5 20932.5 7.404274e-004
    9534 858.061981999999940 2020 10  5 04:41:22.888001203537 28291632.1 20799.1 7.357088e-004
    9547 859.289321860000090 2020 10  5 04:41:24.115312993526 28255007.1 -15825.9 -5.597960e-004
    9552 859.727948570000080 2020 10  5 04:41:24.553934633732 28291368.1 20535.1 7.263705e-004
    9570 861.380338570000160 2020 10  5 04:41:26.206349730492 28291116.2 20283.2 7.174603e-004
    9580 862.260523709999920 2020 10  5 04:41:27.086530029774 28290951.8 20118.8 7.116451e-004
    9599 863.927929289999840 2020 10  5 04:41:28.753911852837 28290700.2 19867.2 7.027455e-004
    9617 865.610022570000070 2020 10  5 04:41:30.436019003391 28290434.8 19601.8 6.933577e-004
    9627 866.496352430000000 2020 10  5 04:41:31.322354972363 28289948.3 19115.3 6.761492e-004
    9646 868.168734710000080 2020 10  5 04:41:32.994725704193 28289999.6 19166.6 6.779638e-004
    9664 869.840300570000070 2020 10  5 04:41:34.666291773319 28289721.6 18888.6 6.681303e-004
    9674 870.726851710000010 2020 10  5 04:41:35.552869141102 28289567.3 18734.3 6.626724e-004
    9693 872.419753430000010 2020 10  5 04:41:37.245758771896 28289268.2 18435.2 6.520926e-004
    9700 873.049760859999990 2020 10  5 04:41:37.875769436359 28289154.1 18321.1 6.480566e-004
    9712 874.129739570000200 2020 10  5 04:41:38.955747485161 28288980.4 18147.4 6.419125e-004
    9714 874.309754860000000 2020 10  5 04:41:39.135750532150 28288943.2 18110.2 6.405966e-004
    9722 875.029711000000020 2020 10  5 04:41:39.855722486973 28288820.7 17987.7 6.362635e-004
    9741 876.739712000000050 2020 10  5 04:41:41.565711200237 28288515.0 17682.0 6.254503e-004
    9748 877.367101289999820 2020 10  5 04:41:42.193106710911 28288395.2 17562.2 6.212127e-004
    9760 878.437280999999870 2020 10  5 04:41:43.263267874718 28288209.4 17376.4 6.146405e-004
    9762 878.614951290000020 2020 10  5 04:41:43.440937399864 28288175.6 17342.6 6.134450e-004
    9770 879.323157289999930 2020 10  5 04:41:44.149161279202 28288055.3 17222.3 6.091897e-004
    9774 879.682347140000050 2020 10  5 04:41:44.508362710476 28288004.2 17171.2 6.073822e-004
    9789 881.018201999999970 2020 10  5 04:41:45.844183266163 28287725.7 16892.7 5.975310e-004
    9796 881.642461289999910 2020 10  5 04:41:46.468480825424 28287627.0 16794.0 5.940398e-004
    9817 883.609304290000070 2020 10  5 04:41:48.435317873955 28287257.9 16424.9 5.809839e-004
    9821 883.968308709999970 2020 10  5 04:41:48.794318139553 28287162.8 16329.8 5.776201e-004
    9836 885.302226429999790 2020 10  5 04:41:50.128207504749 28286956.1 16123.1 5.703086e-004
    9843 885.921342139999980 2020 10  5 04:41:50.747355222702 28286784.5 15951.5 5.642388e-004
    9847 886.280309430000100 2020 10  5 04:41:51.106315255165 28286728.9 15895.9 5.622721e-004
    9855 886.988058430000020 2020 10  5 04:41:51.814056336880 28286601.9 15768.9 5.577798e-004
    9857 887.165723570000070 2020 10  5 04:41:51.991725862026 28286566.4 15733.4 5.565241e-004
    9865 887.882535139999960 2020 10  5 04:41:52.708519399166 28286426.7 15593.7 5.515826e-004
    9869 888.239559289999990 2020 10  5 04:41:53.065548241138 28286345.0 15512.0 5.486927e-004
    9891 890.201706570000170 2020 10  5 04:41:55.027718245983 28285966.6 15133.6 5.353079e-004
    9895 890.561635570000020 2020 10  5 04:41:55.387643873692 28285903.9 15070.9 5.330901e-004
    9903 891.274210860000040 2020 10  5 04:41:56.100212931633 28285758.8 14925.8 5.279576e-004
    9938 894.482770140000070 2020 10  5 04:41:59.308765232563 28285092.5 14259.5 5.043891e-004
    9941 894.748283000000010 2020 10  5 04:41:59.574263691902 28285045.1 14212.1 5.027125e-004
    9942 894.837969709999810 2020 10  5 04:41:59.663983583450 28285040.9 14207.9 5.025639e-004
    9950 895.544726289999970 2020 10  5 04:42:00.370718836784 28284869.4 14036.4 4.964976e-004
    9952 895.724740570000220 2020 10  5 04:42:00.550721883774 28284838.6 14005.6 4.954081e-004
    9960 896.437170709999920 2020 10  5 04:42:01.263170242310 28284690.9 13857.9 4.901836e-004
    9979 898.125875430000060 2020 10  5 04:42:02.951875627041 28284340.2 13507.2 4.777786e-004
   10007 900.709892140000080 2020 10  5 04:42:05.535888969898 28283558.3 12725.3 4.501212e-004
   10026 902.401179429999960 2020 10  5 04:42:07.227169275284 28283421.6 12588.6 4.452858e-004
   10045 904.094391860000090 2020 10  5 04:42:08.920380771160 28283042.0 12209.0 4.318585e-004
   10047 904.270679290000090 2020 10  5 04:42:09.096682369709 28282993.6 12160.6 4.301465e-004
   10055 904.983491430000070 2020 10  5 04:42:09.809492826462 28282851.5 12018.5 4.251201e-004
   10074 906.680632710000050 2020 10  5 04:42:11.506647169590 28282448.1 11615.1 4.108510e-004
   10093 908.375673860000010 2020 10  5 04:42:13.201669156551 28282084.8 11251.8 3.980003e-004
   10095 908.552013999999870 2020 10  5 04:42:13.378010988235 28282055.6 11222.6 3.969674e-004
   10140 912.663886570000160 2020 10  5 04:42:17.489877641201 28281094.6 10261.6 3.629748e-004
   10142 912.841160709999830 2020 10  5 04:42:17.667144834995 28281071.4 10238.4 3.621542e-004
   10150 913.555818139999930 2020 10  5 04:42:18.381806015968 28280910.8 10077.8 3.564734e-004
   10154 913.911311139999950 2020 10  5 04:42:18.737305998802 28280834.3 10001.3 3.537674e-004
   10188 916.943696289999930 2020 10  5 04:42:21.769677400589 28280090.4 9257.4 3.274541e-004
   10190 917.119367710000010 2020 10  5 04:42:21.945375502110 28280072.9 9239.9 3.268351e-004
   10198 917.835194999999890 2020 10  5 04:42:22.661203444004 28279904.4 9071.4 3.208749e-004
   10202 918.190409710000040 2020 10  5 04:42:23.016421794891 28279825.6 8992.6 3.180875e-004
   10227 920.506929139999900 2020 10  5 04:42:25.332925021648 28279270.7 8437.7 2.984595e-004
   10237 921.396410429999950 2020 10  5 04:42:26.222399175167 28279051.4 8218.4 2.907024e-004
   10243 921.931480139999960 2020 10  5 04:42:26.757499873638 28278905.3 8072.3 2.855346e-004
   10245 922.111000859999990 2020 10  5 04:42:26.937020123005 28278884.3 8051.3 2.847917e-004
   10249 922.467076289999910 2020 10  5 04:42:27.293083369732 28278789.4 7956.4 2.814349e-004
   10257 923.184800570000220 2020 10  5 04:42:28.010802268982 28278614.4 7781.4 2.752448e-004
   10272 924.521808139999960 2020 10  5 04:42:29.347789585590 28278035.5 7202.5 2.547679e-004
   10275 924.785204000000020 2020 10  5 04:42:29.611195921898 28278203.4 7370.4 2.607069e-004
   10283 925.504587710000010 2020 10  5 04:42:30.330604612827 28278013.4 7180.4 2.539861e-004
   10285 925.682141570000110 2020 10  5 04:42:30.508153438568 28278012.3 7179.3 2.539472e-004
   10291 926.214944570000170 2020 10  5 04:42:31.040960848331 28277885.8 7052.8 2.494727e-004
   10293 926.394325429999980 2020 10  5 04:42:31.220320165157 28277836.2 7003.2 2.477182e-004
   10297 926.751494570000090 2020 10  5 04:42:31.577509939671 28277743.0 6910.0 2.444215e-004
   10305 927.464063139999890 2020 10  5 04:42:32.290078997612 28277559.2 6726.2 2.379201e-004
   10320 928.801982570000060 2020 10  5 04:42:33.627991676331 28277239.3 6406.3 2.266046e-004
   10338 930.498938140000060 2020 10  5 04:42:35.324944853783 28276820.5 5987.5 2.117907e-004
   10340 930.676195140000000 2020 10  5 04:42:35.502212047577 28276777.0 5944.0 2.102520e-004
   10344 931.035618709999880 2020 10  5 04:42:35.861614644527 28276692.8 5859.8 2.072737e-004
   10352 931.744268429999920 2020 10  5 04:42:36.570281088352 28276510.9 5677.9 2.008395e-004
   10367 933.085535290000050 2020 10  5 04:42:37.911533117294 28276173.3 5340.3 1.888979e-004
   10378 934.066843709999940 2020 10  5 04:42:38.892859518528 28275926.3 5093.3 1.801609e-004
   10380 934.243684000000030 2020 10  5 04:42:39.069684147835 28275879.4 5046.4 1.785020e-004
   10386 934.779540570000220 2020 10  5 04:42:39.605549275875 28275761.4 4928.4 1.743281e-004
   10388 934.959529709999860 2020 10  5 04:42:39.785512089729 28275706.9 4873.9 1.724003e-004
   10392 935.319528289999880 2020 10  5 04:42:40.145518183708 28275618.9 4785.9 1.692875e-004
   10415 937.371633429999970 2020 10  5 04:42:42.197649478912 28275104.0 4271.0 1.510744e-004
   10426 938.352205859999800 2020 10  5 04:42:43.178211450577 28274844.8 4011.8 1.419060e-004
   10428 938.530962139999930 2020 10  5 04:42:43.356967270374 28274795.6 3962.6 1.401657e-004
   10434 939.068060289999950 2020 10  5 04:42:43.894079625607 28274655.7 3822.7 1.352171e-004
   10436 939.245935710000030 2020 10  5 04:42:44.071950316429 28274615.1 3782.1 1.337810e-004
   10440 939.603157570000120 2020 10  5 04:42:44.429140090942 28274521.6 3688.6 1.304737e-004
   10462 941.655770430000080 2020 10  5 04:42:46.481754183769 28273997.6 3164.6 1.119387e-004
   10465 941.925786710000010 2020 10  5 04:42:46.751798987389 28273929.0 3096.0 1.095122e-004
   10473 942.638854290000040 2020 10  5 04:42:47.464850842953 28273754.9 2921.9 1.033539e-004
   10475 942.818822709999950 2020 10  5 04:42:47.644813656807 28273701.0 2868.0 1.014473e-004
   10481 943.350306429999930 2020 10  5 04:42:48.176293373108 28273564.5 2731.5 9.661901e-005
   10487 943.884151289999980 2020 10  5 04:42:48.710146844387 28273429.8 2596.8 9.185439e-005
   10510 945.939470290000030 2020 10  5 04:42:50.765456557274 28272905.3 2072.3 7.330170e-005
   10513 946.206064139999970 2020 10  5 04:42:51.032081544399 28272819.8 1986.8 7.027738e-005
   10521 946.915078999999990 2020 10  5 04:42:51.741069853306 28272667.1 1834.1 6.487605e-005
   10523 947.094859290000040 2020 10  5 04:42:51.920871734619 28272601.6 1768.6 6.255918e-005
   10529 947.629902860000020 2020 10  5 04:42:52.455891966820 28272460.8 1627.8 5.757878e-005
   10531 947.808755000000020 2020 10  5 04:42:52.634768486023 28272418.8 1585.8 5.609315e-005
   10535 948.162967569999980 2020 10  5 04:42:52.988981008530 28272317.7 1484.7 5.251702e-005
   10543 948.876201859999920 2020 10  5 04:42:53.702193796635 28272086.2 1253.2 4.432837e-005
   10557 950.208209000000010 2020 10  5 04:42:55.034192204475 28271791.9  958.9 3.391835e-005
   10560 950.476355430000010 2020 10  5 04:42:55.302346050739 28271738.3  905.3 3.202240e-005
   10568 951.189614430000010 2020 10  5 04:42:56.015599071980 28271524.9  691.9 2.447399e-005
   10570 951.369588139999910 2020 10  5 04:42:56.195602118969 28271494.8  661.8 2.340929e-005
   10576 951.906171709999970 2020 10  5 04:42:56.732191443443 28271361.2  528.2 1.868357e-005
   10578 952.084792000000110 2020 10  5 04:42:56.910786330700 28271303.8  470.8 1.665321e-005
   10582 952.442513289999850 2020 10  5 04:42:57.268499135971 28271215.7  382.7 1.353692e-005
   10590 953.151656709999880 2020 10  5 04:42:57.977648377419 28271032.5  199.5 7.056743e-006
   10602 954.220918709999980 2020 10  5 04:42:59.046924412251 28270750.1  -82.9 -2.932351e-006
   10605 954.488706290000100 2020 10  5 04:42:59.314716160297 28270689.0 -144.0 -5.093589e-006
   10608 954.757851139999960 2020 10  5 04:42:59.583835601807 28270609.1 -223.9 -7.919823e-006
   10618 955.652718289999940 2020 10  5 04:43:00.478700995445 28270408.1 -424.9 -1.502962e-005
   10624 956.186442140000050 2020 10  5 04:43:01.012433767319 28270249.7 -583.3 -2.063257e-005
   10626 956.364551859999890 2020 10  5 04:43:01.190545856953 28270202.5 -630.5 -2.230214e-005
   10630 956.723006710000050 2020 10  5 04:43:01.549023091793 28270105.6 -727.4 -2.572970e-005
   10638 957.438784570000170 2020 10  5 04:43:02.264770567417 28269980.2 -852.8 -3.016537e-005
   10650 958.512575289999970 2020 10  5 04:43:03.338592946529 28269657.9 -1175.1 -4.156581e-005
   10653 958.778922570000190 2020 10  5 04:43:03.604936301708 28269573.7 -1259.3 -4.454414e-005
   10656 959.043227859999890 2020 10  5 04:43:03.869227766991 28269520.4 -1312.6 -4.642948e-005
   10673 960.652353999999950 2020 10  5 04:43:05.478352010250 28269088.3 -1744.7 -6.171378e-005
   10677 961.006284999999930 2020 10  5 04:43:05.832282900810 28268996.5 -1836.5 -6.496094e-005
   10685 961.717325859999960 2020 10  5 04:43:06.543323099613 28268810.0 -2023.0 -7.155785e-005
   10697 962.790818140000060 2020 10  5 04:43:07.616823613644 28268548.6 -2284.4 -8.080413e-005
   10700 963.055797859999980 2020 10  5 04:43:07.881799042225 28268458.3 -2374.7 -8.399823e-005
   10713 964.214735430000130 2020 10  5 04:43:09.040754735470 28268175.9 -2657.1 -9.398733e-005
   10719 964.750722709999990 2020 10  5 04:43:09.576740562916 28268037.4 -2795.6 -9.888637e-005
   10721 964.926788139999990 2020 10  5 04:43:09.752800762653 28268017.2 -2815.8 -9.960089e-005
   10725 965.283507430000100 2020 10  5 04:43:10.109507739544 28267898.3 -2934.7 -1.038066e-004
   10745 967.073063570000160 2020 10  5 04:43:11.899077594280 28267455.0 -3378.0 -1.194871e-004
   10748 967.341810999999890 2020 10  5 04:43:12.167794704437 28267386.1 -3446.9 -1.219242e-004
   10751 967.612037709999980 2020 10  5 04:43:12.438040673733 28267295.3 -3537.7 -1.251360e-004
   10761 968.504564289999960 2020 10  5 04:43:13.330572545528 28267076.4 -3756.6 -1.328790e-004
   10767 969.038608570000060 2020 10  5 04:43:13.864627182484 28266942.5 -3890.5 -1.376153e-004
   10769 969.216887430000040 2020 10  5 04:43:14.042900204659 28267050.9 -3782.1 -1.337810e-004
   10773 969.572479710000040 2020 10  5 04:43:14.398480653763 28266806.5 -4026.5 -1.424259e-004
   10792 971.352190289999840 2020 10  5 04:43:16.178193390369 28266347.6 -4485.4 -1.586582e-004
   10798 971.885711710000010 2020 10  5 04:43:16.711724996567 28266217.0 -4616.0 -1.632778e-004
   10808 972.780063140000040 2020 10  5 04:43:17.606067359447 28265988.7 -4844.3 -1.713533e-004
   10814 973.317721139999890 2020 10  5 04:43:18.143702745438 28265854.7 -4978.3 -1.760931e-004
   10820 973.849497139999930 2020 10  5 04:43:18.675504326820 28265714.9 -5118.1 -1.810382e-004
   10828 974.568236999999950 2020 10  5 04:43:19.394229054451 28265543.9 -5289.1 -1.870868e-004
   10840 975.637371570000140 2020 10  5 04:43:20.463384389877 28265274.3 -5558.7 -1.966231e-004
   10846 976.169219429999880 2020 10  5 04:43:20.995226204395 28265036.3 -5796.7 -2.050417e-004
   10856 977.064809289999970 2020 10  5 04:43:21.890815794468 28264611.0 -6222.0 -2.200855e-004
   10862 977.598969570000120 2020 10  5 04:43:22.424950897694 28264784.8 -6048.2 -2.139378e-004
   10868 978.136279139999940 2020 10  5 04:43:22.962264418602 28264649.7 -6183.3 -2.187166e-004
   10876 978.850887289999950 2020 10  5 04:43:23.676885366440 28264483.0 -6350.0 -2.246131e-004
   10888 979.924234139999950 2020 10  5 04:43:24.750224947929 28264203.3 -6629.7 -2.345067e-004
   10903 981.351385289999940 2020 10  5 04:43:26.177374720573 28263860.2 -6972.8 -2.466429e-004
   10909 981.884740000000080 2020 10  5 04:43:26.710745394230 28263720.8 -7112.2 -2.515738e-004
   10911 982.064744430000020 2020 10  5 04:43:26.890748441219 28263684.8 -7148.2 -2.528472e-004
   10915 982.423943140000010 2020 10  5 04:43:27.249949872494 28263634.0 -7199.0 -2.546441e-004
   10923 983.135850000000000 2020 10  5 04:43:27.961834967136 28263420.8 -7412.2 -2.621854e-004
   10935 984.211481000000050 2020 10  5 04:43:29.037467837334 28262956.3 -7876.7 -2.786158e-004
   10941 984.746651859999930 2020 10  5 04:43:29.572649002075 28263044.1 -7788.9 -2.755101e-004
   10951 985.643804710000040 2020 10  5 04:43:30.469807684422 28262813.8 -8019.2 -2.836563e-004
   10957 986.177084290000040 2020 10  5 04:43:31.003097891808 28262678.6 -8154.4 -2.884386e-004
   10959 986.357106999999810 2020 10  5 04:43:31.183100938797 28262627.9 -8205.1 -2.902320e-004
   10963 986.714689000000020 2020 10  5 04:43:31.540693044662 28262548.0 -8285.0 -2.930582e-004
   10971 987.425568570000000 2020 10  5 04:43:32.251572310925 28262158.8 -8674.2 -3.068251e-004
   10983 988.499315570000140 2020 10  5 04:43:33.325314223766 28262128.1 -8704.9 -3.079110e-004
   10999 989.925857999999950 2020 10  5 04:43:34.751860499382 28261781.1 -9051.9 -3.201851e-004
   11005 990.458550859999950 2020 10  5 04:43:35.284547209740 28261660.1 -9172.9 -3.244651e-004
   11007 990.637207999999870 2020 10  5 04:43:35.463222563267 28261620.7 -9212.3 -3.258588e-004
   11011 990.995429709999940 2020 10  5 04:43:35.821418166161 28261527.8 -9305.2 -3.291449e-004
   11030 992.777957140000010 2020 10  5 04:43:37.603947222233 28260920.0 -9913.0 -3.506441e-004
   11046 994.205866140000010 2020 10  5 04:43:39.031861424446 28260785.1 -10047.9 -3.554158e-004
   11049 994.476043710000000 2020 10  5 04:43:39.302026927471 28260711.4 -10121.6 -3.580227e-004
   11052 994.744260570000050 2020 10  5 04:43:39.570261240005 28260653.5 -10179.5 -3.600707e-004
   11054 994.924229709999850 2020 10  5 04:43:39.750224053860 28260600.5 -10232.5 -3.619455e-004
   11058 995.282377000000110 2020 10  5 04:43:40.108379423618 28260540.5 -10292.5 -3.640678e-004
   11084 997.597947429999980 2020 10  5 04:43:42.423957288265 28260010.3 -10822.7 -3.828221e-004
   11094 998.488884000000100 2020 10  5 04:43:43.314879834652 28259798.6 -11034.4 -3.903104e-004
   11097 998.756204429999910 2020 10  5 04:43:43.582188785076 28259733.9 -11099.1 -3.925990e-004
   11100 999.023033860000060 2020 10  5 04:43:43.849014937878 28259673.6 -11159.4 -3.947319e-004
   11102 999.201884290000070 2020 10  5 04:43:44.027891457081 28259623.0 -11210.0 -3.965217e-004
   11106 999.559029429999900 2020 10  5 04:43:44.385040998459 28259557.5 -11275.5 -3.988386e-004
   11116 1000.452060570000000 2020 10  5 04:43:45.278055667877 28259322.1 -11510.9 -4.071652e-004
   11147 1003.309768000000000 2020 10  5 04:43:48.135775029659 28258716.7 -12116.3 -4.285795e-004
   11153 1003.844310999999900 2020 10  5 04:43:48.670312464237 28258604.4 -12228.6 -4.325518e-004
   11159 1004.382368570000000 2020 10  5 04:43:49.208350181580 28258512.6 -12320.4 -4.357990e-004
   11161 1004.559146139999900 2020 10  5 04:43:49.385134577751 28258448.5 -12384.5 -4.380663e-004
   11163 1004.738006140000000 2020 10  5 04:43:49.564011096954 28258418.7 -12414.3 -4.391204e-004
   11167 1005.096217570000000 2020 10  5 04:43:49.922206699848 28258356.4 -12476.6 -4.413241e-004
   11179 1006.163372710000100 2020 10  5 04:43:50.989390611649 28258101.8 -12731.2 -4.503299e-004
   11189 1007.053539710000000 2020 10  5 04:43:51.879548728466 28257904.0 -12929.0 -4.573265e-004
   11192 1007.320501429999900 2020 10  5 04:43:52.146495580673 28257852.0 -12981.0 -4.591658e-004
   11195 1007.586209289999900 2020 10  5 04:43:52.412195205688 28257786.6 -13046.4 -4.614792e-004
   11201 1008.125210859999900 2020 10  5 04:43:52.951198518276 28257672.5 -13160.5 -4.655151e-004
   11209 1008.838939860000000 2020 10  5 04:43:53.664934337139 28257522.3 -13310.7 -4.708280e-004
   11211 1009.017921709999900 2020 10  5 04:43:53.843931555748 28257468.8 -13364.2 -4.727204e-004
   11215 1009.376260289999900 2020 10  5 04:43:54.202247858047 28257413.1 -13419.9 -4.746906e-004
   11227 1010.443612429999900 2020 10  5 04:43:55.269592702389 28257178.0 -13655.0 -4.830066e-004
   11234 1011.067746289999900 2020 10  5 04:43:55.893729329109 28257054.3 -13778.7 -4.873822e-004
   11237 1011.333918999999900 2020 10  5 04:43:56.159911751747 28257014.1 -13818.9 -4.888041e-004
   11240 1011.602754430000000 2020 10  5 04:43:56.428749561310 28256926.5 -13906.5 -4.919027e-004
   11243 1011.871963570000000 2020 10  5 04:43:56.697949469090 28256883.7 -13949.3 -4.934167e-004
   11249 1012.411963570000000 2020 10  5 04:43:57.237958610058 28256751.6 -14081.4 -4.980893e-004
   11274 1014.734149000000000 2020 10  5 04:43:59.560134708881 28256296.8 -14536.2 -5.141766e-004
   11281 1015.355174139999900 2020 10  5 04:44:00.181173384190 28256177.0 -14656.0 -5.184142e-004
   11284 1015.621778860000100 2020 10  5 04:44:00.447798371315 28256122.5 -14710.5 -5.203419e-004
   11287 1015.889938430000000 2020 10  5 04:44:00.715952217579 28256035.6 -14797.4 -5.234158e-004
   11290 1016.159912710000000 2020 10  5 04:44:00.985916554928 28255999.7 -14833.3 -5.246856e-004
   11296 1016.693594290000100 2020 10  5 04:44:01.519609093666 28255896.1 -14936.9 -5.283502e-004
   11304 1017.405260859999900 2020 10  5 04:44:02.231252789497 28255755.6 -15077.4 -5.333200e-004
   11310 1017.937161569999900 2020 10  5 04:44:02.763175070286 28255655.5 -15177.5 -5.368607e-004
   11322 1019.009868430000000 2020 10  5 04:44:03.835870921612 28255420.3 -15412.7 -5.451803e-004
   11329 1019.634198430000000 2020 10  5 04:44:04.460208714008 28255292.6 -15540.4 -5.496973e-004
   11332 1019.900693859999900 2020 10  5 04:44:04.726713001728 28255253.2 -15579.8 -5.510909e-004
   11335 1020.170697000000000 2020 10  5 04:44:04.996677339077 28255212.0 -15621.0 -5.525483e-004
   11338 1020.437384000000000 2020 10  5 04:44:05.263382792473 28255151.5 -15681.5 -5.546883e-004
   11344 1020.971759000000000 2020 10  5 04:44:05.797759294510 28255028.6 -15804.4 -5.590355e-004
   11352 1021.687542000000000 2020 10  5 04:44:06.513547003269 28254899.9 -15933.1 -5.635879e-004
   11376 1023.908603140000000 2020 10  5 04:44:08.734617233276 28254481.6 -16351.4 -5.783841e-004
   11379 1024.178644569999700 2020 10  5 04:44:09.004662036896 28254436.4 -16396.6 -5.799829e-004
   11382 1024.448503140000400 2020 10  5 04:44:09.274505674839 28254377.9 -16455.1 -5.820522e-004
   11385 1024.716537290000100 2020 10  5 04:44:09.542538821697 28254324.6 -16508.4 -5.839375e-004
   11387 1024.895915000000100 2020 10  5 04:44:09.721898138523 28254285.5 -16547.5 -5.853206e-004
   11397 1025.789593000000200 2020 10  5 04:44:10.615596771240 28254228.9 -16604.1 -5.873226e-004
   11399 1025.966928289999900 2020 10  5 04:44:10.792944431305 28254094.4 -16738.6 -5.920802e-004
   11405 1026.501328139999900 2020 10  5 04:44:11.327320933342 28254001.3 -16831.7 -5.953733e-004
   11427 1028.461300859999900 2020 10  5 04:44:13.287318348885 28253624.8 -17208.2 -6.086909e-004
   11430 1028.726462140000200 2020 10  5 04:44:13.552454710007 28253570.0 -17263.0 -6.106293e-004
   11433 1028.994086709999900 2020 10  5 04:44:13.820085525513 28253557.7 -17275.3 -6.110644e-004
   11445 1030.062507860000100 2020 10  5 04:44:14.888516664505 28253331.1 -17501.9 -6.190797e-004
   11447 1030.242517430000100 2020 10  5 04:44:15.068519711494 28253291.9 -17541.1 -6.204663e-004
   11453 1030.776953290000200 2020 10  5 04:44:15.602936446667 28253443.0 -17390.0 -6.151216e-004
   11480 1033.279012860000000 2020 10  5 04:44:18.104994893074 28252763.2 -18069.8 -6.391676e-004
   11482 1033.457186000000100 2020 10  5 04:44:18.283187448978 28252719.2 -18113.8 -6.407240e-004
   11492 1034.348388709999900 2020 10  5 04:44:19.174391627312 28252567.1 -18265.9 -6.461041e-004
   11494 1034.523874569999900 2020 10  5 04:44:19.349888563156 28252516.2 -18316.8 -6.479045e-004
   11500 1035.062097430000000 2020 10  5 04:44:19.888087213039 28252445.4 -18387.6 -6.504089e-004
   11512 1036.133352429999800 2020 10  5 04:44:20.959334671497 28252266.7 -18566.3 -6.567299e-004
   11528 1037.562994289999800 2020 10  5 04:44:22.388978898525 28252025.1 -18807.9 -6.652758e-004
   11531 1037.832970429999900 2020 10  5 04:44:22.658983469009 28251970.6 -18862.4 -6.672035e-004
   11540 1038.633333859999800 2020 10  5 04:44:23.459341228008 28251840.1 -18992.9 -6.718196e-004
   11548 1039.346883290000100 2020 10  5 04:44:24.172875881195 28251718.9 -19114.1 -6.761067e-004
   11560 1040.418639000000200 2020 10  5 04:44:25.244646370411 28251545.2 -19287.8 -6.822509e-004
   11576 1041.844854569999800 2020 10  5 04:44:26.670870780945 28251309.7 -19523.3 -6.905810e-004
   11579 1042.113116139999900 2020 10  5 04:44:26.939105093479 28251279.0 -19554.0 -6.916669e-004
   11595 1043.627215999999900 2020 10  5 04:44:28.453198671341 28251017.5 -19815.5 -7.009167e-004
   11607 1044.698745569999800 2020 10  5 04:44:29.524727761745 28250854.7 -19978.3 -7.066753e-004
   11623 1046.123725709999900 2020 10  5 04:44:30.949745178223 28250626.1 -20206.9 -7.147614e-004
   11626 1046.392124999999900 2020 10  5 04:44:31.218140423298 28250582.8 -20250.2 -7.162930e-004
   11643 1047.909583000000300 2020 10  5 04:44:32.735573351383 28250342.7 -20490.3 -7.247859e-004
   11655 1048.979953290000100 2020 10  5 04:44:33.805935680866 28250180.4 -20652.6 -7.305268e-004
   11662 1049.601013289999900 2020 10  5 04:44:34.427014589310 28250095.1 -20737.9 -7.335440e-004
   11671 1050.399397140000000 2020 10  5 04:44:35.225400924683 28249962.1 -20870.9 -7.382485e-004
   11674 1050.667221569999800 2020 10  5 04:44:35.493232905865 28249924.3 -20908.7 -7.395856e-004
   11702 1053.258250570000000 2020 10  5 04:44:38.084246814251 28249540.3 -21292.7 -7.531685e-004
   11718 1054.687318999999900 2020 10  5 04:44:39.513327777386 28249333.3 -21499.7 -7.604905e-004
   11721 1054.953893000000100 2020 10  5 04:44:39.779912531376 28249293.1 -21539.9 -7.619125e-004
   11738 1056.474931140000100 2020 10  5 04:44:41.300926208496 28249076.7 -21756.3 -7.695670e-004
   11750 1057.541284140000000 2020 10  5 04:44:42.367265224457 28248919.4 -21913.6 -7.751310e-004
   11766 1058.966001430000200 2020 10  5 04:44:43.792001008987 28248713.0 -22120.0 -7.824318e-004
   11769 1059.233658570000000 2020 10  5 04:44:44.059672057629 28248700.1 -22132.9 -7.828881e-004
   11778 1060.032701140000200 2020 10  5 04:44:44.858702123165 28248580.2 -22252.8 -7.871293e-004
   11786 1060.748547000000100 2020 10  5 04:44:45.574530065060 28248481.1 -22351.9 -7.906346e-004
   11804 1062.438185710000200 2020 10  5 04:44:47.264201045036 28248255.3 -22577.7 -7.986217e-004
   11813 1063.240855570000100 2020 10  5 04:44:48.066852092743 28248136.1 -22696.9 -8.028380e-004
   11816 1063.507285860000100 2020 10  5 04:44:48.333275914192 28248112.2 -22720.8 -8.036834e-004
   11825 1064.309328709999800 2020 10  5 04:44:49.135323464870 28247985.7 -22847.3 -8.081580e-004
   11833 1065.025315570000000 2020 10  5 04:44:49.851312339306 28247904.8 -22928.2 -8.110196e-004
   11845 1066.097666430000100 2020 10  5 04:44:50.923686325550 28247764.9 -23068.1 -8.159682e-004
   11861 1067.526823710000100 2020 10  5 04:44:52.352807521820 28247567.4 -23265.6 -8.229542e-004
   11864 1067.792010429999900 2020 10  5 04:44:52.618024349213 28247553.5 -23279.5 -8.234458e-004
   11873 1068.594181709999900 2020 10  5 04:44:53.420192599297 28247452.8 -23380.2 -8.270078e-004
   11881 1069.305657290000200 2020 10  5 04:44:54.131675362587 28247358.0 -23475.0 -8.303611e-004
   11893 1070.377718000000000 2020 10  5 04:44:55.203727483749 28247226.5 -23606.5 -8.350125e-004
   11911 1072.066896000000000 2020 10  5 04:44:56.892915666103 28247025.5 -23807.5 -8.421223e-004
   11920 1072.870815289999900 2020 10  5 04:44:57.696813941002 28246900.9 -23932.1 -8.465297e-004
   11928 1073.580238139999900 2020 10  5 04:44:58.406244814396 28246837.7 -23995.3 -8.487652e-004
   11940 1074.649589710000100 2020 10  5 04:44:59.475601315498 28246704.6 -24128.4 -8.534733e-004
   11959 1076.345455140000200 2020 10  5 04:45:01.171468198299 28246488.3 -24344.7 -8.611243e-004
   11968 1077.146106140000000 2020 10  5 04:45:01.972107589245 28246409.6 -24423.4 -8.639080e-004
   11976 1077.855239860000000 2020 10  5 04:45:02.681256830692 28246323.0 -24510.0 -8.669713e-004
   11988 1078.929071860000200 2020 10  5 04:45:03.755079209805 28246195.0 -24638.0 -8.714989e-004
   12015 1081.428339999999900 2020 10  5 04:45:06.254321336746 28245928.1 -24904.9 -8.809397e-004
   12023 1082.137336139999900 2020 10  5 04:45:06.963349878788 28245853.0 -24980.0 -8.835962e-004
   12035 1083.209269710000200 2020 10  5 04:45:08.035281300545 28245723.6 -25109.4 -8.881733e-004
   12051 1084.633130569999600 2020 10  5 04:45:09.459131956100 28245563.6 -25269.4 -8.938329e-004
   12054 1084.903154290000000 2020 10  5 04:45:09.729136526585 28245555.9 -25277.1 -8.941052e-004
   12063 1085.709049289999900 2020 10  5 04:45:10.535046458244 28245460.0 -25373.0 -8.974974e-004
   12071 1086.425488290000000 2020 10  5 04:45:11.251477897167 28245388.0 -25445.0 -9.000442e-004
   12083 1087.490883140000300 2020 10  5 04:45:12.316891551018 28245284.8 -25548.2 -9.036946e-004
   12099 1088.919077290000100 2020 10  5 04:45:13.745087385178 28245125.3 -25707.7 -9.093365e-004
   12102 1089.187157860000100 2020 10  5 04:45:14.013160765171 28245071.2 -25761.8 -9.112501e-004
   12111 1089.992026289999800 2020 10  5 04:45:14.818024635315 28245016.4 -25816.6 -9.131885e-004
   12146 1093.205084430000200 2020 10  5 04:45:18.031083047390 28244698.3 -26134.7 -9.244404e-004
   12149 1093.473783710000100 2020 10  5 04:45:18.299800157547 28244661.4 -26171.6 -9.257456e-004
   12158 1094.279092569999900 2020 10  5 04:45:19.105106592178 28244588.9 -26244.1 -9.283101e-004
   12166 1094.992998429999900 2020 10  5 04:45:19.819003343582 28244521.1 -26311.9 -9.307083e-004
   12181 1096.331448429999700 2020 10  5 04:45:21.157439053059 28244386.5 -26446.5 -9.354694e-004
   12194 1097.492559000000300 2020 10  5 04:45:22.318567335606 28244287.5 -26545.5 -9.389713e-004
   12197 1097.758341430000000 2020 10  5 04:45:22.584347426891 28244265.5 -26567.5 -9.397495e-004
   12206 1098.562943709999900 2020 10  5 04:45:23.388929665089 28244185.8 -26647.2 -9.425686e-004
   12214 1099.269904289999900 2020 10  5 04:45:24.095906317234 28244116.4 -26716.6 -9.450234e-004
   12241 1101.768314859999900 2020 10  5 04:45:26.594303548336 28243881.8 -26951.2 -9.533218e-004
   12253 1102.837486709999900 2020 10  5 04:45:27.663499116898 28243786.1 -27046.9 -9.567069e-004
   12261 1103.547912289999900 2020 10  5 04:45:28.373895585537 28243729.9 -27103.1 -9.586948e-004
   12276 1104.886683860000200 2020 10  5 04:45:29.712693393230 28243620.3 -27212.7 -9.625716e-004
   12289 1106.042020709999900 2020 10  5 04:45:30.868028104305 28243527.0 -27306.0 -9.658718e-004
   12301 1107.110500000000000 2020 10  5 04:45:31.936499476433 28243427.7 -27405.3 -9.693842e-004
   12309 1107.823820709999800 2020 10  5 04:45:32.649832963943 28243372.2 -27460.8 -9.713474e-004
   12324 1109.162811569999800 2020 10  5 04:45:33.988791704178 28243247.2 -27585.8 -9.757689e-004
   12348 1111.397880430000000 2020 10  5 04:45:36.223863065243 28243066.5 -27766.5 -9.821607e-004
   12356 1112.111686860000000 2020 10  5 04:45:36.937679350376 28243001.7 -27831.3 -9.844528e-004
   12371 1113.450546860000000 2020 10  5 04:45:38.276557624340 28242906.8 -27926.2 -9.878096e-004
   12396 1115.684946859999600 2020 10  5 04:45:40.510945022106 28242721.0 -28112.0 -9.943817e-004
   12404 1116.401817430000200 2020 10  5 04:45:41.227819025517 28242682.3 -28150.7 -9.957506e-004
   12419 1117.737676710000200 2020 10  5 04:45:42.563679814339 28242566.2 -28266.8 -9.998573e-004
   12444 1119.966240860000000 2020 10  5 04:45:44.792233407497 28242425.7 -28407.3 -1.004827e-003
   12452 1120.682007999999800 2020 10  5 04:45:45.508021116257 28242343.0 -28490.0 -1.007752e-003
   12479 1123.181838999999900 2020 10  5 04:45:48.007826507092 28242194.4 -28638.6 -1.013009e-003
   12491 1124.247464289999900 2020 10  5 04:45:49.073481559753 28242092.9 -28740.1 -1.016599e-003
   12499 1124.956995430000200 2020 10  5 04:45:49.782992899418 28242050.5 -28782.5 -1.018099e-003
   12514 1126.296481860000100 2020 10  5 04:45:51.122474670410 28241947.2 -28885.8 -1.021753e-003
   12539 1128.525778570000100 2020 10  5 04:45:53.351792693138 28241798.2 -29034.8 -1.027023e-003
   12544 1128.975818290000000 2020 10  5 04:45:53.801800310612 28241761.5 -29071.5 -1.028321e-003
   12547 1129.245858860000200 2020 10  5 04:45:54.071845114231 28241750.5 -29082.5 -1.028710e-003
   12562 1130.595817290000000 2020 10  5 04:45:55.421827733517 28241663.3 -29169.7 -1.031795e-003
   12587 1132.845855290000100 2020 10  5 04:45:57.671865820885 28241514.6 -29318.4 -1.037055e-003
   12592 1133.296253140000300 2020 10  5 04:45:58.122235536575 28241472.9 -29360.1 -1.038530e-003
   12595 1133.565938710000000 2020 10  5 04:45:58.391958475113 28241463.5 -29369.5 -1.038862e-003
   12610 1134.915897140000400 2020 10  5 04:45:59.741900861263 28241375.6 -29457.4 -1.041971e-003
   12635 1137.165945710000000 2020 10  5 04:46:01.991938948631 28241238.6 -29594.4 -1.046817e-003
   12642 1137.798697570000100 2020 10  5 04:46:02.624685466290 28282826.6 11993.6 4.242394e-004
   12658 1139.235971290000200 2020 10  5 04:46:04.061973989010 28241111.5 -29721.5 -1.051313e-003
   12683 1141.480980710000000 2020 10  5 04:46:06.306982934475 28240980.6 -29852.4 -1.055943e-003
   12688 1141.929174290000000 2020 10  5 04:46:06.755180060863 28240949.7 -29883.3 -1.057036e-003
   12691 1142.197213289999800 2020 10  5 04:46:07.023213207722 28240931.5 -29901.5 -1.057680e-003
   12730 1145.766666290000100 2020 10  5 04:46:10.592656731606 28240736.2 -30096.8 -1.064588e-003
   12737 1146.392437709999700 2020 10  5 04:46:11.218442916870 28282053.5 11220.5 3.968932e-004
   12753 1147.820859710000100 2020 10  5 04:46:12.646839916706 28240617.1 -30215.9 -1.068801e-003
   12778 1150.048635430000100 2020 10  5 04:46:14.874629080296 28240489.5 -30343.5 -1.073315e-003
   12785 1150.674493859999800 2020 10  5 04:46:15.500495731831 28281668.1 10835.1 3.832607e-004
   12801 1152.098959000000100 2020 10  5 04:46:16.924949884415 28240383.5 -30449.5 -1.077064e-003
   12825 1154.329908140000000 2020 10  5 04:46:19.155917465687 28240288.8 -30544.2 -1.080414e-003
   12832 1154.956469570000100 2020 10  5 04:46:19.782468080521 28281272.4 10439.4 3.692640e-004
   12848 1156.379030289999700 2020 10  5 04:46:21.205031275749 28240163.6 -30669.4 -1.084842e-003
   12873 1158.600690860000000 2020 10  5 04:46:23.426705002785 28240060.0 -30773.0 -1.088507e-003
   12880 1159.229816860000000 2020 10  5 04:46:24.055830538273 28280877.1 10044.1 3.552814e-004
   12896 1160.654784859999800 2020 10  5 04:46:25.480767488480 28239949.3 -30883.7 -1.092423e-003
   12943 1164.945166140000300 2020 10  5 04:46:29.771148562431 28239746.5 -31086.5 -1.099596e-003
   12975 1167.813477999999800 2020 10  5 04:46:32.639489471912 28280056.4 9223.4 3.262514e-004
   12991 1169.231574570000000 2020 10  5 04:46:34.057586789131 28239550.8 -31282.2 -1.106519e-003
   13039 1173.518679570000100 2020 10  5 04:46:38.344668745995 28239365.1 -31467.9 -1.113087e-003
   13086 1177.811931860000000 2020 10  5 04:46:42.637946605682 28239182.8 -31650.2 -1.119535e-003
   13134 1182.092217569999800 2020 10  5 04:46:46.918229162693 28239014.2 -31818.8 -1.125499e-003
   13181 1186.372801289999900 2020 10  5 04:46:51.198793351650 28238847.1 -31985.9 -1.131410e-003
