       3 0.329115290000000 2020  9  4 10:48:22.992099523544 28288540.6 17707.6 6.263558e-004
      14 1.318887430000000 2020  9  4 10:48:23.981874883175 28288381.5 17548.5 6.207281e-004
      25 2.308831430000000 2020  9  4 10:48:24.971851408482 28288216.2 17383.2 6.148811e-004
      29 2.668824570000000 2020  9  4 10:48:25.331817269325 28288155.3 17322.3 6.127269e-004
      43 3.928822140000000 2020  9  4 10:48:26.591838598251 28287936.4 17103.4 6.049839e-004
      45 4.109044569999999 2020  9  4 10:48:26.772042810917 28287917.5 17084.5 6.043154e-004
      62 5.639092290000001 2020  9  4 10:48:28.302108943462 28287667.9 16834.9 5.954865e-004
      73 6.628778430000000 2020  9  4 10:48:29.291763603687 28287498.7 16665.7 5.895016e-004
      77 6.988774290000000 2020  9  4 10:48:29.651769697666 28287435.4 16602.4 5.872625e-004
      91 8.248775859999997 2020  9  4 10:48:30.911791026592 28287216.4 16383.4 5.795160e-004
     118 10.679133000000000 2020  9  4 10:48:33.342113792896 28286770.5 15937.5 5.637436e-004
     121 10.948734710000000 2020  9  4 10:48:33.611716032028 28286755.5 15922.5 5.632130e-004
     125 11.308735710000001 2020  9  4 10:48:33.971722126007 28286688.5 15855.5 5.608430e-004
     139 12.568766860000000 2020  9  4 10:48:35.231783688068 28286494.3 15661.3 5.539738e-004
     155 14.008722859999999 2020  9  4 10:48:36.671727597713 28286227.9 15394.9 5.445506e-004
     158 14.278725569999999 2020  9  4 10:48:36.941732168198 28286172.3 15339.3 5.425839e-004
     169 15.268697139999999 2020  9  4 10:48:37.931708693504 28285984.8 15151.8 5.359517e-004
     173 15.628688429999999 2020  9  4 10:48:38.291674554348 28285925.8 15092.8 5.338647e-004
     187 16.888724139999997 2020  9  4 10:48:39.551736116409 28285700.4 14867.4 5.258918e-004
     203 18.328992289999999 2020  9  4 10:48:40.992001891136 28285439.7 14606.7 5.166703e-004
     206 18.598831430000001 2020  9  4 10:48:41.261845529079 28285368.2 14535.2 5.141412e-004
     217 19.588667569999995 2020  9  4 10:48:42.251661121845 28285206.6 14373.6 5.084251e-004
     221 19.948664709999999 2020  9  4 10:48:42.611667215824 28285147.8 14314.8 5.063452e-004
     235 21.208696859999996 2020  9  4 10:48:43.871688544750 28284902.1 14069.1 4.976542e-004
     237 21.388662289999996 2020  9  4 10:48:44.051651358604 28284877.2 14044.2 4.967735e-004
     251 22.649142569999995 2020  9  4 10:48:45.312155485153 28284626.5 13793.5 4.879057e-004
     265 23.908610999999997 2020  9  4 10:48:46.571613550186 28284399.4 13566.4 4.798727e-004
     269 24.268618429999997 2020  9  4 10:48:46.931619644165 28284331.8 13498.8 4.774815e-004
     283 25.528687289999997 2020  9  4 10:48:48.191681206226 28284090.4 13257.4 4.689427e-004
     285 25.708629289999994 2020  9  4 10:48:48.371644020081 28284045.2 13212.2 4.673439e-004
     299 26.968619999999994 2020  9  4 10:48:49.631625115871 28283798.7 12965.7 4.586246e-004
     313 28.228583569999994 2020  9  4 10:48:50.891565978527 28283558.9 12725.9 4.501424e-004
     317 28.588591569999995 2020  9  4 10:48:51.251572072506 28283506.9 12673.9 4.483030e-004
     331 29.848610999999998 2020  9  4 10:48:52.511593401432 28283254.3 12421.3 4.393680e-004
     347 31.288758429999998 2020  9  4 10:48:53.951738476753 28282972.5 12139.5 4.294002e-004
     361 32.548546999999999 2020  9  4 10:48:55.211558640003 28282709.3 11876.3 4.200902e-004
     365 32.908571430000002 2020  9  4 10:48:55.571564733982 28282643.2 11810.2 4.177521e-004
     376 33.898548710000007 2020  9  4 10:48:56.561541259289 28282439.3 11606.3 4.105397e-004
     379 34.168548290000011 2020  9  4 10:48:56.831545829773 28282394.0 11561.0 4.089374e-004
     381 34.348554000000000 2020  9  4 10:48:57.011548876762 28282366.2 11533.2 4.079540e-004
     395 35.608556430000007 2020  9  4 10:48:58.271570205688 28282095.7 11262.7 3.983859e-004
     403 36.329010290000006 2020  9  4 10:48:58.992024958134 28281968.4 11135.4 3.938830e-004
     409 36.868513570000005 2020  9  4 10:48:59.531511068344 28281832.9 10999.9 3.890901e-004
     424 38.218533000000008 2020  9  4 10:49:00.881533920765 28281557.9 10724.9 3.793627e-004
     427 38.488507429999999 2020  9  4 10:49:01.151498258114 28281504.4 10671.4 3.774703e-004
     443 39.928683569999997 2020  9  4 10:49:02.591683566570 28281195.9 10362.9 3.665580e-004
     457 41.188493569999999 2020  9  4 10:49:03.851503729820 28280935.7 10102.7 3.573542e-004
     461 41.548952000000007 2020  9  4 10:49:04.211952388287 28280887.1 10054.1 3.556351e-004
     472 42.538487859999996 2020  9  4 10:49:05.201486349106 28280657.3 9824.3 3.475066e-004
     475 42.808482290000001 2020  9  4 10:49:05.471490919590 28280605.0 9772.0 3.456566e-004
     491 44.248504860000004 2020  9  4 10:49:06.911515295506 28280282.8 9449.8 3.342597e-004
     505 45.508465430000001 2020  9  4 10:49:08.171456158161 28280025.2 9192.2 3.251478e-004
     509 45.868760860000002 2020  9  4 10:49:08.531743884087 28279963.5 9130.5 3.229654e-004
     520 46.858471859999995 2020  9  4 10:49:09.521479010582 28279741.1 8908.1 3.150986e-004
     523 47.128456290000010 2020  9  4 10:49:09.791443347931 28279677.0 8844.0 3.128312e-004
     539 48.568459860000004 2020  9  4 10:49:11.231467723846 28279372.9 8539.9 3.020746e-004
     550 49.559143569999996 2020  9  4 10:49:12.222128212452 28279128.6 8295.6 2.934332e-004
     553 49.828445570000000 2020  9  4 10:49:12.491448819637 28279097.7 8264.7 2.923402e-004
     557 50.188468710000002 2020  9  4 10:49:12.851454913616 28279012.7 8179.7 2.893335e-004
     568 51.178449140000005 2020  9  4 10:49:13.841431438923 28278798.6 7965.6 2.817604e-004
     571 51.448431429999999 2020  9  4 10:49:14.111436009407 28278744.2 7911.2 2.798361e-004
     587 52.888448999999994 2020  9  4 10:49:15.551460385323 28278422.4 7589.4 2.684534e-004
     601 54.148422290000006 2020  9  4 10:49:16.811441481113 28278148.8 7315.8 2.587755e-004
     605 54.508444140000002 2020  9  4 10:49:17.171447575092 28278080.3 7247.3 2.563525e-004
     616 55.498430860000006 2020  9  4 10:49:18.161424100399 28277845.7 7012.7 2.480542e-004
     619 55.768414430000007 2020  9  4 10:49:18.431428670883 28277793.6 6960.6 2.462114e-004
     621 55.948784709999998 2020  9  4 10:49:18.611793816090 28277756.5 6923.5 2.448990e-004
     635 57.208447430000000 2020  9  4 10:49:19.871453046799 28277465.2 6632.2 2.345951e-004
     649 58.468405430000004 2020  9  4 10:49:21.131393909454 28277188.2 6355.2 2.247971e-004
     653 58.828444709999999 2020  9  4 10:49:21.491440236568 28277107.1 6274.1 2.219284e-004
     664 59.818548290000003 2020  9  4 10:49:22.481537461281 28276878.4 6045.4 2.138388e-004
     667 60.088397569999998 2020  9  4 10:49:22.751381099224 28276827.4 5994.4 2.120348e-004
     683 61.528639860000006 2020  9  4 10:49:24.191646873951 28276497.8 5664.8 2.003761e-004
     697 62.788392430000009 2020  9  4 10:49:25.451386570930 28276214.2 5381.2 1.903446e-004
     701 63.148648710000003 2020  9  4 10:49:25.811634063721 28276134.1 5301.1 1.875113e-004
     715 64.408381289999994 2020  9  4 10:49:27.071373760700 28275845.1 5012.1 1.772887e-004
     745 67.108379999999983 2020  9  4 10:49:29.771379232407 28275233.6 4400.6 1.556587e-004
     763 68.728366569999991 2020  9  4 10:49:31.391366422176 28274855.4 4022.4 1.422809e-004
     790 71.158457709999979 2020  9  4 10:49:33.821447789669 28274289.9 3456.9 1.222780e-004
     793 71.428367569999992 2020  9  4 10:49:34.091371893883 28274232.8 3399.8 1.202582e-004
     811 73.048369290000011 2020  9  4 10:49:35.711359083652 28273856.5 3023.5 1.069477e-004
     841 75.748458860000000 2020  9  4 10:49:38.411445021629 28273226.6 2393.6 8.466677e-005
     853 76.828941709999981 2020  9  4 10:49:39.491946101189 28272965.0 2132.0 7.541341e-005
     859 77.368356709999986 2020  9  4 10:49:40.031351745129 28272858.0 2025.0 7.162859e-005
     875 78.808823000000004 2020  9  4 10:49:41.471818685532 28272500.8 1667.8 5.899366e-005
     886 79.798372429999986 2020  9  4 10:49:42.461352646351 28272286.8 1453.8 5.142402e-005
     889 80.068482289999992 2020  9  4 10:49:42.731477916241 28272230.3 1397.3 4.942550e-005
     907 81.688356569999982 2020  9  4 10:49:44.351344406605 28271843.2 1010.2 3.573294e-005
     923 83.128364139999988 2020  9  4 10:49:45.791368782520 28271496.7  663.7 2.347649e-005
     934 84.118534999999994 2020  9  4 10:49:46.781546473503 28271267.4  434.4 1.536566e-005
     941 84.748441000000000 2020  9  4 10:49:47.411436438560 28271156.1  323.1 1.142874e-005
     955 86.008349429999996 2020  9  4 10:49:48.671337068081 28270832.9   -0.1 -3.537215e-009
     971 87.448819140000012 2020  9  4 10:49:50.111804008484 28270491.3 -341.7 -1.208666e-005
     982 88.438843000000006 2020  9  4 10:49:51.101861000061 28270286.6 -546.4 -1.932734e-005
    1003 90.328346139999979 2020  9  4 10:49:52.991329729557 28269827.8 -1005.2 -3.555608e-005
    1019 91.768556709999999 2020  9  4 10:49:54.431555271149 28269485.3 -1347.7 -4.767104e-005
    1051 94.648355569999993 2020  9  4 10:49:57.311362624168 28268818.9 -2014.1 -7.124304e-005
    1067 96.088552709999988 2020  9  4 10:49:58.751547932625 28268480.2 -2352.8 -8.322358e-005
    1081 97.348975569999993 2020  9  4 10:50:00.011971592903 28268199.5 -2633.5 -9.315254e-005
    1099 98.968354290000008 2020  9  4 10:50:01.631355285645 28267813.2 -3019.8 -1.068168e-004
    1115 100.408501710000000 2020  9  4 10:50:03.071500360966 28267475.0 -3358.0 -1.187797e-004
    1123 101.128421709999980 2020  9  4 10:50:03.791432082653 28267331.6 -3501.4 -1.238520e-004
    1126 101.398399000000000 2020  9  4 10:50:04.061396420002 28267238.0 -3595.0 -1.271629e-004
    1129 101.668569430000010 2020  9  4 10:50:04.331561923027 28267216.7 -3616.3 -1.279163e-004
    1147 103.288373709999990 2020  9  4 10:50:05.951388180256 28266819.3 -4013.7 -1.419732e-004
    1171 105.448632430000000 2020  9  4 10:50:08.111625909805 28266332.6 -4500.4 -1.591888e-004
    1174 105.718384000000000 2020  9  4 10:50:08.381389081478 28266269.2 -4563.8 -1.614314e-004
    1195 107.608377139999970 2020  9  4 10:50:10.271380841732 28265828.0 -5005.0 -1.770376e-004
    1207 108.688400709999980 2020  9  4 10:50:11.351399123669 28265584.2 -5248.8 -1.856613e-004
    1219 109.768404430000000 2020  9  4 10:50:12.431417405605 28265344.5 -5488.5 -1.941400e-004
    1222 110.038401859999990 2020  9  4 10:50:12.701421976089 28265284.3 -5548.7 -1.962694e-004
    1225 110.308758289999990 2020  9  4 10:50:12.971748411655 28265210.5 -5622.5 -1.988799e-004
    1243 111.928401139999990 2020  9  4 10:50:14.591413736343 28264851.4 -5981.6 -2.115820e-004
    1255 113.008462569999990 2020  9  4 10:50:15.671472251415 28264602.2 -6230.8 -2.203968e-004
    1270 114.358418859999990 2020  9  4 10:50:17.021414637566 28264310.3 -6522.7 -2.307219e-004
    1291 116.248426710000000 2020  9  4 10:50:18.911446630955 28263891.1 -6941.9 -2.455499e-004
    1303 117.328479709999980 2020  9  4 10:50:19.991464912891 28263648.4 -7184.6 -2.541347e-004
    1318 118.678427289999990 2020  9  4 10:50:21.341407299042 28263346.7 -7486.3 -2.648065e-004
    1339 120.568438429999990 2020  9  4 10:50:23.231439292431 28262937.8 -7895.2 -2.792702e-004
    1351 121.648457429999990 2020  9  4 10:50:24.311457574368 28262719.1 -8113.9 -2.870060e-004
    1355 122.008468709999990 2020  9  4 10:50:24.671463668346 28262628.7 -8204.3 -2.902037e-004
    1366 122.998444140000000 2020  9  4 10:50:25.661440193653 28262413.7 -8419.3 -2.978087e-004
    1387 124.888449569999990 2020  9  4 10:50:27.551431953907 28261999.0 -8834.0 -3.124775e-004
    1399 125.968475860000000 2020  9  4 10:50:28.631490468979 28261763.6 -9069.4 -3.208041e-004
    1403 126.328493569999990 2020  9  4 10:50:28.991496562958 28261687.5 -9145.5 -3.234960e-004
    1414 127.318469999999990 2020  9  4 10:50:29.981473088264 28261480.4 -9352.6 -3.308215e-004
    1435 129.208483140000000 2020  9  4 10:50:31.871464848518 28261079.8 -9753.2 -3.449916e-004
    1447 130.288534289999970 2020  9  4 10:50:32.951523363590 28260866.9 -9966.1 -3.525223e-004
    1451 130.648656139999990 2020  9  4 10:50:33.311650156975 28260786.7 -10046.3 -3.553592e-004
    1459 131.368529710000020 2020  9  4 10:50:34.031541645527 28260649.9 -10183.1 -3.601981e-004
    1462 131.638504139999980 2020  9  4 10:50:34.301505982876 28260576.8 -10256.2 -3.627838e-004
    1477 132.988930430000040 2020  9  4 10:50:35.651931166649 28260298.2 -10534.8 -3.726385e-004
    1483 133.528571140000000 2020  9  4 10:50:36.191578209400 28260177.7 -10655.3 -3.769008e-004
    1495 134.608533139999990 2020  9  4 10:50:37.271516025066 28259958.2 -10874.8 -3.846650e-004
    1507 135.688806290000000 2020  9  4 10:50:38.351815938950 28259723.0 -11110.0 -3.929845e-004
    1510 135.958543140000020 2020  9  4 10:50:38.621538877487 28259684.6 -11148.4 -3.943428e-004
    1555 140.008869000000000 2020  9  4 10:50:42.671889066696 28258873.1 -11959.9 -4.230473e-004
    1558 140.278586139999990 2020  9  4 10:50:42.941571772099 28258821.4 -12011.6 -4.248761e-004
    1573 141.628632289999980 2020  9  4 10:50:44.291634857655 28258542.2 -12290.8 -4.347520e-004
    1603 144.328670000000020 2020  9  4 10:50:46.991680562496 28258002.0 -12831.0 -4.538600e-004
    1606 144.598599140000000 2020  9  4 10:50:47.261604666710 28257968.7 -12864.3 -4.550379e-004
    1621 145.948821289999980 2020  9  4 10:50:48.611828684807 28257700.4 -13132.6 -4.645282e-004
    1654 148.918687289999980 2020  9  4 10:50:51.581677794456 28257139.4 -13693.6 -4.843720e-004
    1669 150.268641140000000 2020  9  4 10:50:52.931660413742 28256889.0 -13944.0 -4.932292e-004
    1702 153.238687570000000 2020  9  4 10:50:55.901670455933 28256349.1 -14483.9 -5.123266e-004
    1717 154.588697140000020 2020  9  4 10:50:57.251693308353 28256084.2 -14748.8 -5.216967e-004
    1750 157.558699140000020 2020  9  4 10:51:00.221703350544 28255557.3 -15275.7 -5.403343e-004
    1765 158.908731289999990 2020  9  4 10:51:01.571726202965 28255316.1 -15516.9 -5.488660e-004
    1771 159.448749000000020 2020  9  4 10:51:02.111735343933 28255225.0 -15608.0 -5.520884e-004
    1795 161.608761709999980 2020  9  4 10:51:04.271771907806 28254853.7 -15979.3 -5.652221e-004
    1798 161.878746290000010 2020  9  4 10:51:04.541736245155 28254798.4 -16034.6 -5.671782e-004
    1813 163.228769140000000 2020  9  4 10:51:05.891759097576 28254567.8 -16265.2 -5.753350e-004
    1846 166.198804139999990 2020  9  4 10:51:08.861809372902 28254063.4 -16769.6 -5.931767e-004
    1861 167.548818570000010 2020  9  4 10:51:10.211832225323 28253841.8 -16991.2 -6.010152e-004
    1867 168.088888570000020 2020  9  4 10:51:10.751881599426 28253750.0 -17083.0 -6.042624e-004
    1888 169.979422000000000 2020  9  4 10:51:12.642436623573 28253451.0 -17382.0 -6.148386e-004
    1891 170.248842569999990 2020  9  4 10:51:12.911837697029 28253401.4 -17431.6 -6.165931e-004
    1894 170.518838570000010 2020  9  4 10:51:13.181842267513 28253358.4 -17474.6 -6.181141e-004
    1909 171.868856570000020 2020  9  4 10:51:14.531865119934 28253143.6 -17689.4 -6.257120e-004
    1915 172.408879570000010 2020  9  4 10:51:15.071874260902 28253044.1 -17788.9 -6.292315e-004
    1936 174.298896430000010 2020  9  4 10:51:16.961906254292 28252757.4 -18075.6 -6.393727e-004
    1939 174.568875709999990 2020  9  4 10:51:17.231870591640 28252706.4 -18126.6 -6.411767e-004
    1942 174.838882289999990 2020  9  4 10:51:17.501875162125 28252664.3 -18168.7 -6.426659e-004
    1957 176.188916570000030 2020  9  4 10:51:18.851898014545 28252468.7 -18364.3 -6.495847e-004
    1963 176.728932860000010 2020  9  4 10:51:19.391947388649 28252359.5 -18473.5 -6.534473e-004
    1984 178.618926430000020 2020  9  4 10:51:21.281939148903 28252090.9 -18742.1 -6.629483e-004
    1987 178.888920290000020 2020  9  4 10:51:21.551903486252 28252050.0 -18783.0 -6.643950e-004
    1990 179.158934570000010 2020  9  4 10:51:21.821948289871 28252013.0 -18820.0 -6.657038e-004
    2005 180.508961570000000 2020  9  4 10:51:23.171971142292 28251805.1 -19027.9 -6.730576e-004
    2032 182.938979289999990 2020  9  4 10:51:25.601972043514 28251436.1 -19396.9 -6.861100e-004
    2035 183.208973709999980 2020  9  4 10:51:25.871976613998 28251401.5 -19431.5 -6.873338e-004
    2038 183.478992289999980 2020  9  4 10:51:26.141981184483 28251360.4 -19472.6 -6.887876e-004
    2080 187.259047570000010 2020  9  4 10:51:29.922045171261 28250824.3 -20008.7 -7.077506e-004
    2083 187.529031140000000 2020  9  4 10:51:30.192049741745 28250788.2 -20044.8 -7.090276e-004
    2086 187.799047710000000 2020  9  4 10:51:30.462054312229 28250729.9 -20103.1 -7.110898e-004
    2128 191.579093709999970 2020  9  4 10:51:34.242078065872 28250237.8 -20595.2 -7.284964e-004
    2131 191.849084139999970 2020  9  4 10:51:34.512082636356 28250183.7 -20649.3 -7.304100e-004
    2134 192.119380999999980 2020  9  4 10:51:34.782368838787 28250154.0 -20679.0 -7.314606e-004
    2161 194.549175999999990 2020  9  4 10:51:37.212168574333 28249835.4 -20997.6 -7.427301e-004
    2176 195.899145289999980 2020  9  4 10:51:38.562151193619 28249646.7 -21186.3 -7.494049e-004
    2179 196.169138140000000 2020  9  4 10:51:38.832155764103 28249617.1 -21215.9 -7.504519e-004
    2182 196.439321430000010 2020  9  4 10:51:39.102321267128 28249564.3 -21268.7 -7.523195e-004
    2209 198.869187289999990 2020  9  4 10:51:41.532201468945 28249276.0 -21557.0 -7.625173e-004
    2224 200.219184569999950 2020  9  4 10:51:42.882184088230 28249091.0 -21742.0 -7.690612e-004
    2227 200.489193430000000 2020  9  4 10:51:43.152188658714 28249060.8 -21772.2 -7.701294e-004
    2230 200.759250429999980 2020  9  4 10:51:43.422233462334 28249014.1 -21818.9 -7.717813e-004
    2257 203.189262999999980 2020  9  4 10:51:45.852274596691 28248726.6 -22106.4 -7.819508e-004
    2272 204.539257289999970 2020  9  4 10:51:47.202257215977 28248569.6 -22263.4 -7.875042e-004
    2275 204.809256289999980 2020  9  4 10:51:47.472261786461 28248533.7 -22299.3 -7.887741e-004
    2305 207.509359709999980 2020  9  4 10:51:50.172347724438 28248198.6 -22634.4 -8.006273e-004
    2320 208.859328140000030 2020  9  4 10:51:51.522330343723 28248050.7 -22782.3 -8.058588e-004
    2323 209.129318140000010 2020  9  4 10:51:51.792334914207 28248011.1 -22821.9 -8.072596e-004
    2353 211.829364289999970 2020  9  4 10:51:54.492380619049 28247699.6 -23133.4 -8.182780e-004
    2368 213.178361709999990 2020  9  4 10:51:55.841357409954 28247506.0 -23327.0 -8.251260e-004
    2371 213.449397570000000 2020  9  4 10:51:56.112408041954 28247528.7 -23304.3 -8.243231e-004
    2401 216.149429430000000 2020  9  4 10:51:58.812413513660 28247229.4 -23603.6 -8.349100e-004
    2416 217.499458140000000 2020  9  4 10:52:00.162476599216 28247094.1 -23738.9 -8.396958e-004
    2419 217.769447430000010 2020  9  4 10:52:00.432440936565 28247070.4 -23762.6 -8.405341e-004
    2449 220.469478570000010 2020  9  4 10:52:03.132486641407 28246762.9 -24070.1 -8.514111e-004
    2464 221.819500569999970 2020  9  4 10:52:04.482509493828 28246622.9 -24210.1 -8.563632e-004
    2467 222.089522999999990 2020  9  4 10:52:04.752514064312 28246599.6 -24233.4 -8.571873e-004
    2497 224.789538429999990 2020  9  4 10:52:07.452519536018 28246323.8 -24509.2 -8.669430e-004
    2512 226.139659289999940 2020  9  4 10:52:08.802663087845 28246182.8 -24650.2 -8.719304e-004
    2515 226.409709289999970 2020  9  4 10:52:09.072707891464 28246150.4 -24682.6 -8.730765e-004
    2545 229.109615289999940 2020  9  4 10:52:11.772632896900 28245896.6 -24936.4 -8.820540e-004
    2560 230.459949999999990 2020  9  4 10:52:13.122937381268 28245762.3 -25070.7 -8.868044e-004
    2563 230.729734429999980 2020  9  4 10:52:13.392740786076 28245729.2 -25103.8 -8.879752e-004
    2593 233.429676289999970 2020  9  4 10:52:16.092665791512 28245487.5 -25345.5 -8.965247e-004
    2608 234.779931859999980 2020  9  4 10:52:17.442930042744 28245364.3 -25468.7 -9.008825e-004
    2641 237.749769289999930 2020  9  4 10:52:20.412779152393 28245103.5 -25729.5 -9.101076e-004
    2689 242.069814709999970 2020  9  4 10:52:24.732812047005 28244724.8 -26108.2 -9.235030e-004
    2704 243.419992429999980 2020  9  4 10:52:26.082995831966 28244609.5 -26223.5 -9.275814e-004
    2737 246.389884000000000 2020  9  4 10:52:29.052885174751 28244356.9 -26476.1 -9.365164e-004
    2785 250.709959289999940 2020  9  4 10:52:33.372958302498 28244021.4 -26811.6 -9.483838e-004
    2788 250.979981709999980 2020  9  4 10:52:33.642962872982 28243999.2 -26833.8 -9.491691e-004
    2833 255.030026000000020 2020  9  4 10:52:37.693031430244 28243682.2 -27150.8 -9.603820e-004
    2836 255.300134710000010 2020  9  4 10:52:37.963116466999 28243662.8 -27170.2 -9.610683e-004
    2881 259.350098140000000 2020  9  4 10:52:42.013104557991 28243370.9 -27462.1 -9.713934e-004
    2884 259.620108859999960 2020  9  4 10:52:42.283109128475 28243348.7 -27484.3 -9.721786e-004
    2929 263.670168289999990 2020  9  4 10:52:46.333177685738 28243065.8 -27767.2 -9.821854e-004
    2932 263.940181860000000 2020  9  4 10:52:46.603182256222 28243041.3 -27791.7 -9.830520e-004
    2977 267.990241289999970 2020  9  4 10:52:50.653250813484 28242767.1 -28065.9 -9.927511e-004
    2980 268.260260710000010 2020  9  4 10:52:50.923255383968 28242764.8 -28068.2 -9.928324e-004
    3025 272.310324569999980 2020  9  4 10:52:54.973323941231 28242484.4 -28348.6 -1.002751e-003
    3028 272.580405999999980 2020  9  4 10:52:55.243408977985 28242479.1 -28353.9 -1.002938e-003
    3073 276.630428429999990 2020  9  4 10:52:59.293437302113 28242214.0 -28619.0 -1.012315e-003
    3076 276.900414709999950 2020  9  4 10:52:59.563401639462 28242203.6 -28629.4 -1.012683e-003
    3121 280.950478999999970 2020  9  4 10:53:03.613470196724 28241963.2 -28869.8 -1.021187e-003
    3124 281.220480000000010 2020  9  4 10:53:03.883474767208 28241951.6 -28881.4 -1.021597e-003
    3136 282.301247429999990 2020  9  4 10:53:04.964257478714 28241901.8 -28931.2 -1.023359e-003
    3217 289.590650139999980 2020  9  4 10:53:12.253656685352 28241476.0 -29357.0 -1.038420e-003
    3220 289.860629570000010 2020  9  4 10:53:12.523621022701 28241470.3 -29362.7 -1.038622e-003
    3265 293.910732859999940 2020  9  4 10:53:16.573729813099 28241255.8 -29577.2 -1.046209e-003
    3268 294.180709429999980 2020  9  4 10:53:16.843694150448 28241243.4 -29589.6 -1.046648e-003
    3313 298.231204709999930 2020  9  4 10:53:20.894205272198 28241034.9 -29798.1 -1.054023e-003
    3316 298.500940000000010 2020  9  4 10:53:21.163928210735 28241017.8 -29815.2 -1.054628e-003
    3361 302.550929709999990 2020  9  4 10:53:25.213916301727 28240833.8 -29999.2 -1.061136e-003
    3364 302.820874140000000 2020  9  4 10:53:25.483880639076 28240816.1 -30016.9 -1.061762e-003
    3412 307.140980140000070 2020  9  4 10:53:29.803993999958 28240611.1 -30221.9 -1.069013e-003
    3457 311.191655289999970 2020  9  4 10:53:33.854666054249 28240430.8 -30402.2 -1.075391e-003
    3460 311.461037289999920 2020  9  4 10:53:34.124026894569 28240426.7 -30406.3 -1.075536e-003
    3508 315.781116569999880 2020  9  4 10:53:38.444100022316 28240228.0 -30605.0 -1.082564e-003
    3515 316.408045569999960 2020  9  4 10:53:39.071052968502 28258080.3 -12752.7 -4.510904e-004
    3556 320.101193139999960 2020  9  4 10:53:42.764173150063 28240054.3 -30778.7 -1.088709e-003
    3563 320.728101859999920 2020  9  4 10:53:43.391085863113 28257101.3 -13731.7 -4.857197e-004
    3600 324.063153999999940 2020  9  4 10:53:46.726171374321 28302895.9 32062.9 1.134134e-003
    3604 324.421275429999920 2020  9  4 10:53:47.084286510944 28239889.4 -30943.6 -1.094542e-003
    3611 325.048206290000000 2020  9  4 10:53:47.711199223995 28256178.4 -14654.6 -5.183646e-004
    3652 328.741375859999950 2020  9  4 10:53:51.404359638691 28239715.8 -31117.2 -1.100682e-003
    3700 333.061568139999960 2020  9  4 10:53:55.724553465843 28239568.7 -31264.3 -1.105885e-003
    3724 335.218206999999950 2020  9  4 10:53:57.881210446358 28254066.3 -16766.7 -5.930741e-004
    3748 337.381521289999970 2020  9  4 10:54:00.044505894184 28239422.4 -31410.6 -1.111060e-003
    3772 339.538275709999940 2020  9  4 10:54:02.201283574104 28253256.2 -17576.8 -6.217291e-004
    3792 341.342842140000070 2020  9  4 10:54:04.005860388279 28302463.0 31630.0 1.118821e-003
    3796 341.701618709999930 2020  9  4 10:54:04.364619255066 28239270.6 -31562.4 -1.116430e-003
    3820 343.858315429999950 2020  9  4 10:54:06.521316468716 28252426.1 -18406.9 -6.510915e-004
    3844 346.021722999999950 2020  9  4 10:54:08.684732615948 28239133.3 -31699.7 -1.121286e-003
    3849 346.468834139999960 2020  9  4 10:54:09.131843447685 28251960.8 -18872.2 -6.675502e-004
    3868 348.178370709999970 2020  9  4 10:54:10.841389596462 28251654.7 -19178.3 -6.783776e-004
    3892 350.341798709999980 2020  9  4 10:54:13.004805743694 28238998.7 -31834.3 -1.126047e-003
    3916 352.498662709999960 2020  9  4 10:54:15.161663889885 28250944.3 -19888.7 -7.035060e-004
    3936 354.303058289999970 2020  9  4 10:54:16.966039538383 28302094.2 31261.2 1.105776e-003
    3940 354.662179429999980 2020  9  4 10:54:17.325160503387 28238874.3 -31958.7 -1.130448e-003
    3964 356.818466430000000 2020  9  4 10:54:19.481455385685 28250210.3 -20622.7 -7.294691e-004
    3987 358.892710999999960 2020  9  4 10:54:21.555714905262 28301924.8 31091.8 1.099784e-003
    4012 361.138532139999940 2020  9  4 10:54:23.801528513432 28249531.9 -21301.1 -7.534656e-004
    4032 362.942562000000010 2020  9  4 10:54:25.605542063713 28301805.6 30972.6 1.095567e-003
    4036 363.302101429999990 2020  9  4 10:54:25.965105593204 28238625.3 -32207.7 -1.139255e-003
    4060 365.458687430000000 2020  9  4 10:54:28.121682107449 28248892.4 -21940.6 -7.760861e-004
    4080 367.262225290000000 2020  9  4 10:54:29.925212860107 28301679.5 30846.5 1.091107e-003
    4104 369.418673289999960 2020  9  4 10:54:32.081668674946 28248312.3 -22520.7 -7.966055e-004
    4108 369.778644709999980 2020  9  4 10:54:32.441634535789 28248266.5 -22566.5 -7.982255e-004
    4132 371.942217859999970 2020  9  4 10:54:34.605211615562 28238420.3 -32412.7 -1.146507e-003
    4152 373.738708709999910 2020  9  4 10:54:36.401701569557 28247711.9 -23121.1 -8.178429e-004
    4180 376.262304139999970 2020  9  4 10:54:38.925284743309 28238315.1 -32517.9 -1.150228e-003
    4200 378.058765859999990 2020  9  4 10:54:40.721774697304 28247145.3 -23687.7 -8.378848e-004
    4227 380.491964429999940 2020  9  4 10:54:43.154954016209 28301229.3 30396.3 1.075182e-003
    4248 382.378845430000010 2020  9  4 10:54:45.041847825050 28246590.5 -24242.5 -8.575092e-004
    4272 384.541939709999950 2020  9  4 10:54:47.204942107201 28301063.4 30230.4 1.069314e-003
    4275 384.812013999999980 2020  9  4 10:54:47.475027143955 28301005.2 30172.2 1.067255e-003
    4276 384.902495859999990 2020  9  4 10:54:47.565511465073 28238103.0 -32730.0 -1.157730e-003
    4296 386.698904859999970 2020  9  4 10:54:49.361920952797 28246084.7 -24748.3 -8.754005e-004
    4323 389.131795999999950 2020  9  4 10:54:51.794778406620 28300871.6 30038.6 1.062530e-003
    4344 391.018957709999940 2020  9  4 10:54:53.681953847408 28245586.4 -25246.6 -8.930264e-004
    4371 393.451906289999950 2020  9  4 10:54:56.114891767502 28300690.7 29857.7 1.056131e-003
    4392 395.339247710000000 2020  9  4 10:54:58.002228140831 28245116.6 -25716.4 -9.096442e-004
    4563 410.731467289999960 2020  9  4 10:55:13.394460082054 28299881.1 29048.1 1.027494e-003
    4611 415.051320859999980 2020  9  4 10:55:17.714332044125 28299691.8 28858.8 1.020798e-003
    4639 417.569396289999990 2020  9  4 10:55:20.232403278351 28243011.6 -27821.4 -9.841026e-004
    4659 419.371250859999980 2020  9  4 10:55:22.034244239330 28299463.5 28630.5 1.012722e-003
    4707 423.691163429999960 2020  9  4 10:55:26.354156434536 28299228.4 28395.4 1.004406e-003
    4755 428.011097139999950 2020  9  4 10:55:30.674108862877 28298985.3 28152.3 9.958072e-004
    4777 429.991462999999950 2020  9  4 10:55:32.654464244843 28298863.1 28030.1 9.914848e-004
    4803 432.331017999999910 2020  9  4 10:55:34.994021058083 28298732.5 27899.5 9.868652e-004
    4825 434.311006709999960 2020  9  4 10:55:36.974014341831 28298605.6 27772.6 9.823764e-004
    4845 436.111314139999930 2020  9  4 10:55:38.774326443672 28298525.5 27692.5 9.795431e-004
    4851 436.650941430000050 2020  9  4 10:55:39.313933253288 28298479.1 27646.1 9.779019e-004
    4899 440.970873709999980 2020  9  4 10:55:43.633885681629 28298212.6 27379.6 9.684752e-004
    4947 445.291403139999940 2020  9  4 10:55:47.954401373863 28297950.2 27117.2 9.591935e-004
    4989 449.071000429999970 2020  9  4 10:55:51.733982563019 28297697.2 26864.2 9.502444e-004
    4995 449.610755289999990 2020  9  4 10:55:52.273750305176 28297643.3 26810.3 9.483378e-004
    5037 453.390682290000030 2020  9  4 10:55:56.053693592548 28297388.0 26555.0 9.393073e-004
    5043 453.930741289999960 2020  9  4 10:55:56.593742966652 28297361.1 26528.1 9.383558e-004
    5091 458.250593999999980 2020  9  4 10:56:00.913574695587 28297037.0 26204.0 9.268917e-004
    5139 462.570543999999980 2020  9  4 10:56:05.233527123928 28296740.5 25907.5 9.164038e-004
    5187 466.890637569999970 2020  9  4 10:56:09.553640484810 28296393.3 25560.3 9.041226e-004
    5229 470.670399429999970 2020  9  4 10:56:13.333382606506 28296081.1 25248.1 8.930795e-004
    5235 471.210398709999940 2020  9  4 10:56:13.873391747475 28296044.9 25211.9 8.917990e-004
    5283 475.530371709999940 2020  9  4 10:56:18.193384408951 28295685.7 24852.7 8.790933e-004
    5325 479.310260430000030 2020  9  4 10:56:21.973247230053 28295362.7 24529.7 8.676681e-004
    5373 483.630290430000000 2020  9  4 10:56:26.293280124664 28294986.5 24153.5 8.543611e-004
    5421 487.950125289999960 2020  9  4 10:56:30.613111853600 28294577.9 23744.9 8.399080e-004
    5427 488.490462569999980 2020  9  4 10:56:31.153442859650 28294518.5 23685.5 8.378069e-004
    5438 489.480783289999980 2020  9  4 10:56:32.143781483173 28294460.2 23627.2 8.357447e-004
    5469 492.270066999999980 2020  9  4 10:56:34.933064281940 28294171.0 23338.0 8.255151e-004
    5517 496.590007999999950 2020  9  4 10:56:39.253016710281 28293748.6 22915.6 8.105739e-004
    5565 500.909947859999990 2020  9  4 10:56:43.572928905487 28293310.5 22477.5 7.950774e-004
    5582 502.440288140000010 2020  9  4 10:56:45.103276669979 28293147.5 22314.5 7.893117e-004
    5613 505.229877859999990 2020  9  4 10:56:47.892881333828 28292847.7 22014.7 7.787072e-004
    5630 506.759901000000010 2020  9  4 10:56:49.422907233238 28292669.8 21836.8 7.724145e-004
    5641 507.749874430000030 2020  9  4 10:56:50.412883758545 28292564.2 21731.2 7.686792e-004
    5645 508.109846000000060 2020  9  4 10:56:50.772849619389 28292527.5 21694.5 7.673810e-004
    5661 509.549817570000020 2020  9  4 10:56:52.212833762169 28292374.1 21541.1 7.619549e-004
    5678 511.079834570000000 2020  9  4 10:56:53.742819428444 28292193.7 21360.7 7.555738e-004
    5684 511.619901430000030 2020  9  4 10:56:54.282909035683 28292155.5 21322.5 7.542226e-004
    5689 512.069844429999990 2020  9  4 10:56:54.732836186886 28292097.9 21264.9 7.521851e-004
    5693 512.429787710000030 2020  9  4 10:56:55.092802047729 28292055.6 21222.6 7.506889e-004
    5726 515.399913429999970 2020  9  4 10:56:58.062932789326 28291706.4 20873.4 7.383369e-004
    5737 516.389778140000090 2020  9  4 10:56:59.052788615227 28291593.4 20760.4 7.343399e-004
    5741 516.749743290000080 2020  9  4 10:56:59.412754476070 28291551.9 20718.9 7.328719e-004
    5755 518.009743000000070 2020  9  4 10:57:00.672735571861 28291391.1 20558.1 7.271841e-004
    5757 518.189713140000090 2020  9  4 10:57:00.852698385715 28291378.0 20545.0 7.267207e-004
    5774 519.719971140000100 2020  9  4 10:57:02.382965683937 28291188.3 20355.3 7.200106e-004
    5789 521.069681289999950 2020  9  4 10:57:03.732666671276 28291037.0 20204.0 7.146588e-004
    5805 522.509657570000060 2020  9  4 10:57:05.172650814056 28290866.5 20033.5 7.086279e-004
    5828 524.579890140000090 2020  9  4 10:57:07.242887020111 28290586.6 19753.6 6.987272e-004
    5837 525.389623859999920 2020  9  4 10:57:08.052619099617 28290510.5 19677.5 6.960354e-004
    5853 526.829607709999890 2020  9  4 10:57:09.492603242397 28290318.6 19485.6 6.892475e-004
    5870 528.359641570000010 2020  9  4 10:57:11.022629141808 28290136.1 19303.1 6.827920e-004
    5876 528.900022999999920 2020  9  4 10:57:11.563040614128 28290061.7 19228.7 6.801604e-004
    5885 529.709569429999990 2020  9  4 10:57:12.372571527958 28289958.1 19125.1 6.764958e-004
    5899 530.969654999999880 2020  9  4 10:57:13.632673323154 28289791.5 18958.5 6.706028e-004
    5901 531.149564570000050 2020  9  4 10:57:13.812555670738 28289769.4 18936.4 6.698211e-004
    5918 532.679573290000120 2020  9  4 10:57:15.342581570148 28289565.2 18732.2 6.625981e-004
    5933 534.029521289999930 2020  9  4 10:57:16.692523956299 28289387.4 18554.4 6.563089e-004
    5947 535.289533570000230 2020  9  4 10:57:17.952545285225 28289214.2 18381.2 6.501825e-004
    5949 535.469515859999890 2020  9  4 10:57:18.132508099079 28289199.5 18366.5 6.496625e-004
    5981 538.349470709999990 2020  9  4 10:57:21.012476384640 28288799.0 17966.0 6.354960e-004
    5995 539.609482710000070 2020  9  4 10:57:22.272497713566 28288628.2 17795.2 6.294544e-004
    5997 539.789481430000140 2020  9  4 10:57:22.452500760555 28288608.4 17775.4 6.287540e-004
    6014 541.320375860000010 2020  9  4 10:57:23.983371555805 28288390.5 17557.5 6.210464e-004
    6029 542.669428429999930 2020  9  4 10:57:25.332428812981 28288202.8 17369.8 6.144071e-004
    6043 543.929425570000030 2020  9  4 10:57:26.592409908772 28288024.2 17191.2 6.080896e-004
    6045 544.110217999999920 2020  9  4 10:57:26.773217618465 28288018.0 17185.0 6.078703e-004
    6077 546.989378290000100 2020  9  4 10:57:29.652381241322 28287584.0 16751.0 5.925188e-004
    6091 548.249416139999990 2020  9  4 10:57:30.912402570248 28287400.1 16567.1 5.860139e-004
    6121 550.949358139999960 2020  9  4 10:57:33.612367808819 28286996.8 16163.8 5.717483e-004
    6125 551.309337290000030 2020  9  4 10:57:33.972333669662 28286942.1 16109.1 5.698134e-004
    6139 552.569325709999930 2020  9  4 10:57:35.232314765453 28286756.8 15923.8 5.632590e-004
    6169 555.269306860000030 2020  9  4 10:57:37.932320237160 28286336.9 15503.9 5.484062e-004
    6173 555.629288289999980 2020  9  4 10:57:38.292286098003 28286285.6 15452.6 5.465916e-004
    6184 556.619289429999980 2020  9  4 10:57:39.282302856445 28286137.2 15304.2 5.413424e-004
    6187 556.889304000000040 2020  9  4 10:57:39.552307426929 28286090.4 15257.4 5.396870e-004
    6203 558.329894570000080 2020  9  4 10:57:40.992895066738 28285853.4 15020.4 5.313038e-004
    6217 559.589987430000060 2020  9  4 10:57:42.252996861935 28285668.3 14835.3 5.247564e-004
    6221 559.949255709999870 2020  9  4 10:57:42.612238526344 28285614.0 14781.0 5.228357e-004
    6232 560.939244570000030 2020  9  4 10:57:43.602255284786 28285450.6 14617.6 5.170559e-004
    6235 561.209259709999970 2020  9  4 10:57:43.872259855270 28285408.5 14575.5 5.155667e-004
    6265 563.909258429999910 2020  9  4 10:57:46.572265326977 28284994.9 14161.9 5.009368e-004
    6269 564.269224570000010 2020  9  4 10:57:46.932231187820 28284921.8 14088.8 4.983511e-004
    6280 565.259215289999930 2020  9  4 10:57:47.922207713127 28284756.5 13923.5 4.925041e-004
    6283 565.529218709999900 2020  9  4 10:57:48.192212283611 28284709.7 13876.7 4.908486e-004
    6313 568.229201570000100 2020  9  4 10:57:50.892217755318 28284282.9 13449.9 4.757518e-004
    6317 568.589189570000140 2020  9  4 10:57:51.252183616161 28284219.9 13386.9 4.735234e-004
    6328 569.579171140000080 2020  9  4 10:57:52.242160141468 28284052.2 13219.2 4.675915e-004
    6331 569.849176999999940 2020  9  4 10:57:52.512164711952 28284002.0 13169.0 4.658158e-004
    6361 572.549170860000000 2020  9  4 10:57:55.212170183659 28283546.3 12713.3 4.496967e-004
    6365 572.909156139999940 2020  9  4 10:57:55.572136044502 28283487.5 12654.5 4.476168e-004
    6376 573.899141859999990 2020  9  4 10:57:56.562152802944 28283318.1 12485.1 4.416248e-004
    6379 574.169154139999930 2020  9  4 10:57:56.832157373428 28283276.8 12443.8 4.401639e-004
    6409 576.869156139999860 2020  9  4 10:57:59.532162845135 28282818.7 11985.7 4.239599e-004
    6413 577.229122709999960 2020  9  4 10:57:59.892128705978 28282751.5 11918.5 4.215829e-004
    6424 578.219100860000030 2020  9  4 10:58:00.882105231285 28282576.3 11743.3 4.153857e-004
    6427 578.489119289999960 2020  9  4 10:58:01.152109801769 28282533.5 11700.5 4.138718e-004
    6457 581.189145570000160 2020  9  4 10:58:03.852155506611 28282055.0 11222.0 3.969462e-004
    6472 582.539067859999930 2020  9  4 10:58:05.202057659626 28281817.0 10984.0 3.885276e-004
    6475 582.809078000000000 2020  9  4 10:58:05.472062230110 28281769.7 10936.7 3.868545e-004
    6491 584.249086860000030 2020  9  4 10:58:06.912086606026 28281497.8 10664.8 3.772369e-004
    6505 585.509095710000000 2020  9  4 10:58:08.172107934952 28281277.5 10444.5 3.694444e-004
    6520 586.859052709999900 2020  9  4 10:58:09.522050321102 28281043.6 10210.6 3.611708e-004
    6523 587.129061709999970 2020  9  4 10:58:09.792054891586 28280987.7 10154.7 3.591935e-004
    6553 589.829069709999890 2020  9  4 10:58:12.492060363293 28280501.4 9668.4 3.419920e-004
    6568 591.179011430000060 2020  9  4 10:58:13.842002749443 28280246.3 9413.3 3.329686e-004
    6571 591.449027709999880 2020  9  4 10:58:14.112047553062 28280201.5 9368.5 3.313839e-004
    6586 592.799031570000240 2020  9  4 10:58:15.462030172348 28279951.3 9118.3 3.225338e-004
    6587 592.889050000000000 2020  9  4 10:58:15.552031695843 28279920.2 9087.2 3.214338e-004
    6601 594.149016999999960 2020  9  4 10:58:16.812012791634 28279698.4 8865.4 3.135882e-004
    6616 595.498989290000050 2020  9  4 10:58:18.161995410919 28279444.4 8611.4 3.046037e-004
    6619 595.768998860000010 2020  9  4 10:58:18.431999981403 28279396.0 8563.0 3.028917e-004
    6634 597.118999710000030 2020  9  4 10:58:19.781982600689 28279135.5 8302.5 2.936772e-004
    6635 597.209356430000070 2020  9  4 10:58:19.872346222401 28279129.6 8296.6 2.934685e-004
    6649 598.468998859999940 2020  9  4 10:58:21.132005453110 28278878.3 8045.3 2.845795e-004
    6653 598.828997289999960 2020  9  4 10:58:21.492011547089 28278819.7 7986.7 2.825067e-004
    6658 599.279004570000210 2020  9  4 10:58:21.942019164562 28278757.3 7924.3 2.802995e-004
    6664 599.818973140000030 2020  9  4 10:58:22.481988072395 28278629.8 7796.8 2.757895e-004
    6667 600.088977290000120 2020  9  4 10:58:22.751992642879 28278574.1 7741.1 2.738193e-004
    6682 601.438982710000000 2020  9  4 10:58:24.101975262165 28278317.5 7484.5 2.647428e-004
    6697 602.788994290000120 2020  9  4 10:58:25.451998114586 28278053.3 7220.3 2.553975e-004
    6701 603.149085140000010 2020  9  4 10:58:25.812084674835 28277974.4 7141.4 2.526066e-004
    6712 604.138957430000000 2020  9  4 10:58:26.801940500736 28277797.5 6964.5 2.463493e-004
    6715 604.408959289999980 2020  9  4 10:58:27.071945071220 28277744.4 6911.4 2.444710e-004
    6730 605.758957710000000 2020  9  4 10:58:28.421967923641 28277487.0 6654.0 2.353663e-004
    6745 607.109532710000050 2020  9  4 10:58:29.772513806820 28277213.0 6380.0 2.256743e-004
    6749 607.469189999999910 2020  9  4 10:58:30.132198035717 28277141.0 6308.0 2.231275e-004
    6760 608.458955999999940 2020  9  4 10:58:31.121973395348 28276966.9 6133.9 2.169692e-004
    6763 608.728963710000020 2020  9  4 10:58:31.391977965832 28276904.8 6071.8 2.147726e-004
    6778 610.078946570000200 2020  9  4 10:58:32.741960585117 28276654.5 5821.5 2.059189e-004
    6808 612.779028290000040 2020  9  4 10:58:35.442046523094 28276108.8 5275.8 1.866164e-004
    6811 613.048924999999940 2020  9  4 10:58:35.711930394173 28276059.6 5226.6 1.848761e-004
    6826 614.398928429999960 2020  9  4 10:58:37.061913013458 28275789.3 4956.3 1.753150e-004
    6841 615.749008000000000 2020  9  4 10:58:38.412016332150 28275504.1 4671.1 1.652268e-004
    6859 617.368907139999920 2020  9  4 10:58:40.031923055649 28275201.5 4368.5 1.545232e-004
    6874 618.718907860000060 2020  9  4 10:58:41.381905674934 28274933.6 4100.6 1.450470e-004
    6907 621.688912290000080 2020  9  4 10:58:44.351915717125 28274334.6 3501.6 1.238591e-004
    6922 623.038900000000010 2020  9  4 10:58:45.701898336411 28274065.2 3232.2 1.143298e-004
    6946 625.199227139999950 2020  9  4 10:58:47.862216532230 28273619.6 2786.6 9.856802e-005
    6955 626.008888710000060 2020  9  4 10:58:48.671908378601 28273467.8 2634.8 9.319853e-005
    6970 627.358895289999960 2020  9  4 10:58:50.021890997887 28273191.8 2358.8 8.343582e-005
    6994 629.518909710000000 2020  9  4 10:58:52.181927561760 28272742.9 1909.9 6.755726e-005
    7003 630.328887570000120 2020  9  4 10:58:52.991901040077 28272589.8 1756.8 6.214178e-005
    7015 631.409085570000120 2020  9  4 10:58:54.072080254555 28272388.1 1555.1 5.500722e-005
    7018 631.678884570000260 2020  9  4 10:58:54.341883659363 28272317.4 1484.4 5.250641e-005
    7030 632.759551709999980 2020  9  4 10:58:55.422545671463 28272104.1 1271.1 4.496153e-005
    7042 633.838882000000010 2020  9  4 10:58:56.501879990101 28271879.4 1046.4 3.701341e-005
    7045 634.109146710000000 2020  9  4 10:58:56.772166192532 28271822.5  989.5 3.500074e-005
    7048 634.378900710000040 2020  9  4 10:58:57.041889131069 28271757.3  924.3 3.269447e-005
    7051 634.648888860000060 2020  9  4 10:58:57.311893701553 28271709.9  876.9 3.101783e-005
    7063 635.729576430000070 2020  9  4 10:58:58.392595946789 28271516.1  683.1 2.416271e-005
    7066 635.999188570000110 2020  9  4 10:58:58.662198185921 28271439.9  606.9 2.146735e-005
    7090 638.158883000000060 2020  9  4 10:59:00.821872651577 28271001.8  168.8 5.970818e-006
    7096 638.699089000000070 2020  9  4 10:59:01.362082958221 28270889.5   56.5 1.998526e-006
    7099 638.968886140000000 2020  9  4 10:59:01.631886363029 28270835.3    2.3 8.135593e-008
    7111 640.049304860000010 2020  9  4 10:59:02.712306976318 28270608.6 -224.4 -7.937509e-006
    7114 640.318881860000030 2020  9  4 10:59:02.981868982315 28270551.2 -281.8 -9.967870e-006
    7138 642.478884570000220 2020  9  4 10:59:05.141865313053 28270113.1 -719.9 -2.546441e-005
    7144 643.018915139999990 2020  9  4 10:59:05.681914687157 28270016.6 -816.4 -2.887782e-005
    7147 643.288882430000170 2020  9  4 10:59:05.951879024506 28269957.3 -875.7 -3.097539e-005
    7162 644.639636709999990 2020  9  4 10:59:07.302626073360 28269705.3 -1127.7 -3.988917e-005
    7186 646.798893860000130 2020  9  4 10:59:09.461898207664 28269249.7 -1583.3 -5.600472e-005
    7195 647.608887860000100 2020  9  4 10:59:10.271871685982 28269081.7 -1751.3 -6.194724e-005
    7234 651.118893140000070 2020  9  4 10:59:13.781890869141 28268371.4 -2461.6 -8.707207e-005
    7243 651.928889430000030 2020  9  4 10:59:14.591904580593 28268206.6 -2626.4 -9.290140e-005
    7255 653.009707710000040 2020  9  4 10:59:15.672727525234 28267976.3 -2856.7 -1.010476e-004
    7282 655.438899999999990 2020  9  4 10:59:18.101883530617 28267496.9 -3336.1 -1.180050e-004
    7291 656.248904290000040 2020  9  4 10:59:18.911897242069 28267344.5 -3488.5 -1.233957e-004
    7303 657.329112429999900 2020  9  4 10:59:19.992116689682 28267132.0 -3701.0 -1.309123e-004
    7330 659.758915860000000 2020  9  4 10:59:22.421916425228 28266640.8 -4192.2 -1.482871e-004
    7339 660.568927139999910 2020  9  4 10:59:23.231930136681 28266469.6 -4363.4 -1.543428e-004
    7351 661.648933290000060 2020  9  4 10:59:24.311948418617 28266248.9 -4584.1 -1.621494e-004
    7378 664.078942710000090 2020  9  4 10:59:26.741949319839 28265786.2 -5046.8 -1.785161e-004
    7381 664.349016859999890 2020  9  4 10:59:27.012034356594 28265718.4 -5114.6 -1.809144e-004
    7387 664.888928709999960 2020  9  4 10:59:27.551922798157 28265607.3 -5225.7 -1.848442e-004
    7399 665.968930140000000 2020  9  4 10:59:28.631941080093 28265402.4 -5430.6 -1.920920e-004
    7402 666.239314570000150 2020  9  4 10:59:28.902307748795 28265357.8 -5475.2 -1.936696e-004
    7414 667.319695139999910 2020  9  4 10:59:29.982688128948 28265138.3 -5694.7 -2.014338e-004
    7426 668.398946570000130 2020  9  4 10:59:31.061941981316 28264931.3 -5901.7 -2.087558e-004
    7429 668.668952999999990 2020  9  4 10:59:31.331946551800 28264868.6 -5964.4 -2.109736e-004
    7432 668.939379000000030 2020  9  4 10:59:31.602393686771 28264820.8 -6012.2 -2.126644e-004
    7435 669.208942860000090 2020  9  4 10:59:31.871955692768 28264776.5 -6056.5 -2.142314e-004
    7447 670.288955710000100 2020  9  4 10:59:32.951973974705 28264560.6 -6272.4 -2.218682e-004
    7474 672.718972140000120 2020  9  4 10:59:35.381974875927 28264094.9 -6738.1 -2.383410e-004
    7483 673.528966429999970 2020  9  4 10:59:36.191948354244 28263929.1 -6903.9 -2.442058e-004
    7495 674.608971000000110 2020  9  4 10:59:37.271966636181 28263721.7 -7111.3 -2.515419e-004
    7510 675.958990139999970 2020  9  4 10:59:38.621989488602 28263453.9 -7379.1 -2.610146e-004
    7525 677.309208429999900 2020  9  4 10:59:39.972213506699 28263203.2 -7629.8 -2.698824e-004
    7531 677.848980709999980 2020  9  4 10:59:40.511981248856 28263112.1 -7720.9 -2.731048e-004
    7543 678.928981000000020 2020  9  4 10:59:41.591999530792 28262896.6 -7936.4 -2.807275e-004
    7558 680.278987710000140 2020  9  4 10:59:42.941982150078 28262645.6 -8187.4 -2.896059e-004
    7579 682.169001429999980 2020  9  4 10:59:44.832014143467 28262281.3 -8551.7 -3.024920e-004
    7591 683.249000860000020 2020  9  4 10:59:45.911992192268 28262085.8 -8747.2 -3.094072e-004
    7595 683.609237860000010 2020  9  4 10:59:46.272239685059 28262015.3 -8817.7 -3.119010e-004
    7606 684.599025709999980 2020  9  4 10:59:47.262015044689 28261836.4 -8996.6 -3.182290e-004
    7627 686.489035000000060 2020  9  4 10:59:49.152047038078 28261480.3 -9352.7 -3.308251e-004
    7639 687.569030290000000 2020  9  4 10:59:50.232025086880 28261283.3 -9549.7 -3.377934e-004
    7654 688.919047709999970 2020  9  4 10:59:51.582047939301 28261038.8 -9794.2 -3.464419e-004
    7669 690.269422570000070 2020  9  4 10:59:52.932432889938 28260784.2 -10048.8 -3.554476e-004
    7675 690.809058429999940 2020  9  4 10:59:53.472039699554 28260688.6 -10144.4 -3.588292e-004
    7687 691.889047570000120 2020  9  4 10:59:54.552057981491 28260496.0 -10337.0 -3.656419e-004
    7699 692.969176999999950 2020  9  4 10:59:55.632196962833 28260295.5 -10537.5 -3.727340e-004
    7702 693.239086290000050 2020  9  4 10:59:55.902080833912 28260259.0 -10574.0 -3.740251e-004
    7717 694.589096430000040 2020  9  4 10:59:57.252103686333 28260017.1 -10815.9 -3.825816e-004
    7723 695.129429859999960 2020  9  4 10:59:57.792434692383 28259915.3 -10917.7 -3.861825e-004
    7735 696.209140140000040 2020  9  4 10:59:58.872131109238 28259714.8 -11118.2 -3.932746e-004
    7747 697.289446430000110 2020  9  4 10:59:59.952431023121 28259545.2 -11287.8 -3.992737e-004
    7750 697.559114429999910 2020  9  4 11:00:00.222113728523 28259480.5 -11352.5 -4.015623e-004
    7765 698.909130710000000 2020  9  4 11:00:01.572136580944 28259244.0 -11589.0 -4.099278e-004
    7783 700.529135290000000 2020  9  4 11:00:03.192123770714 28258974.3 -11858.7 -4.194677e-004
    7798 701.879147289999990 2020  9  4 11:00:04.542146623135 28258748.1 -12084.9 -4.274688e-004
    7813 703.229194570000120 2020  9  4 11:00:05.892209708691 28258514.6 -12318.4 -4.357282e-004
    7861 707.549319570000080 2020  9  4 11:00:10.212323069572 28257770.6 -13062.4 -4.620451e-004
    7909 711.869194139999880 2020  9  4 11:00:14.532195031643 28257071.9 -13761.1 -4.867596e-004
    7942 714.839307859999960 2020  9  4 11:00:17.502325773239 28256574.2 -14258.8 -5.043643e-004
    7957 716.189239290000050 2020  9  4 11:00:18.852227926254 28256374.1 -14458.9 -5.114423e-004
    7963 716.729407000000040 2020  9  4 11:00:19.392397999763 28256277.0 -14556.0 -5.148769e-004
    7990 719.159623999999890 2020  9  4 11:00:21.822640299797 28255899.6 -14933.4 -5.282264e-004
    8005 720.509360710000010 2020  9  4 11:00:23.172341287136 28255699.4 -15133.6 -5.353079e-004
    8038 723.479432290000090 2020  9  4 11:00:26.142431795597 28255222.9 -15610.1 -5.521627e-004
    8053 724.829317709999940 2020  9  4 11:00:27.492333948612 28255027.6 -15805.4 -5.590709e-004
    8059 725.369585139999910 2020  9  4 11:00:28.032584488392 28254922.7 -15910.3 -5.627814e-004
    8101 729.149366859999990 2020  9  4 11:00:31.812366843224 28254390.2 -16442.8 -5.816171e-004
    8107 729.689444570000210 2020  9  4 11:00:32.352456450462 28254321.5 -16511.5 -5.840472e-004
    8134 732.119904430000020 2020  9  4 11:00:34.782899916172 28253967.0 -16866.0 -5.965866e-004
    8149 733.469410999999920 2020  9  4 11:00:36.132399737835 28253769.5 -17063.5 -6.035726e-004
    8155 734.009433000000060 2020  9  4 11:00:36.672449111938 28253683.1 -17149.9 -6.066287e-004
    8179 736.169459429999960 2020  9  4 11:00:38.832445442677 28253386.6 -17446.4 -6.171166e-004
    8182 736.439462999999930 2020  9  4 11:00:39.102450013161 28253335.7 -17497.3 -6.189170e-004
    8197 737.789464290000070 2020  9  4 11:00:40.452472865582 28253157.6 -17675.4 -6.252168e-004
    8203 738.329476140000000 2020  9  4 11:00:40.992482006550 28253077.6 -17755.4 -6.280466e-004
    8227 740.489505860000010 2020  9  4 11:00:43.152518570423 28252780.4 -18052.6 -6.385592e-004
    8230 740.759582000000020 2020  9  4 11:00:43.422563374043 28252746.2 -18086.8 -6.397689e-004
    8245 742.109504140000010 2020  9  4 11:00:44.772505760193 28252563.3 -18269.7 -6.462385e-004
    8272 744.539825859999950 2020  9  4 11:00:47.202828526497 28252230.4 -18602.6 -6.580139e-004
    8275 744.809540139999970 2020  9  4 11:00:47.472551465034 28252202.3 -18630.7 -6.590078e-004
    8278 745.079762860000070 2020  9  4 11:00:47.742757201195 28252166.1 -18666.9 -6.602883e-004
    8293 746.429557139999930 2020  9  4 11:00:49.092538654804 28251996.6 -18836.4 -6.662839e-004
    8320 748.859601289999890 2020  9  4 11:00:51.522620022297 28251673.8 -19159.2 -6.777020e-004
    8323 749.129578710000030 2020  9  4 11:00:51.792584359646 28251642.8 -19190.2 -6.787985e-004
    8326 749.399600570000080 2020  9  4 11:00:52.062588930130 28251614.1 -19218.9 -6.798137e-004
    8341 750.749609429999960 2020  9  4 11:00:53.412611782551 28251441.9 -19391.1 -6.859048e-004
    8368 753.179643710000050 2020  9  4 11:00:55.842652916908 28251124.9 -19708.1 -6.971178e-004
    8371 753.449630999999950 2020  9  4 11:00:56.112617254257 28251104.1 -19728.9 -6.978535e-004
    8374 753.719640570000140 2020  9  4 11:00:56.382621824741 28251069.8 -19763.2 -6.990668e-004
    8389 755.069711999999980 2020  9  4 11:00:57.732725143433 28250898.3 -19934.7 -7.051331e-004
    8419 757.769686289999980 2020  9  4 11:01:00.432690382004 28250570.9 -20262.1 -7.167139e-004
    8467 762.089782570000240 2020  9  4 11:01:04.752763509750 28250072.1 -20760.9 -7.343576e-004
    8515 766.409822859999960 2020  9  4 11:01:09.072836637497 28249565.7 -21267.3 -7.522700e-004
    8563 770.729875430000110 2020  9  4 11:01:13.392869532108 28249095.2 -21737.8 -7.689126e-004
    8608 774.779934570000250 2020  9  4 11:01:17.442938089371 28248652.6 -22180.4 -7.845683e-004
    8611 775.049915429999940 2020  9  4 11:01:17.712902426720 28248640.6 -22192.4 -7.849928e-004
    8641 777.750245289999950 2020  9  4 11:01:20.413229763508 28248365.9 -22467.1 -7.947095e-004
    8656 779.099989860000050 2020  9  4 11:01:21.762970983982 28248211.3 -22621.7 -8.001780e-004
    8659 779.369975139999950 2020  9  4 11:01:22.032975554466 28248198.9 -22634.1 -8.006167e-004
    8707 783.690056860000030 2020  9  4 11:01:26.353048682213 28247763.9 -23069.1 -8.160035e-004
    8737 786.390098139999960 2020  9  4 11:01:29.053094387054 28247505.9 -23327.1 -8.251296e-004
    8752 787.740116570000050 2020  9  4 11:01:30.403117239475 28247360.2 -23472.8 -8.302833e-004
    8755 788.010104289999960 2020  9  4 11:01:30.673121809959 28247350.1 -23482.9 -8.306405e-004
    8785 790.710176860000050 2020  9  4 11:01:33.373167514801 28247095.5 -23737.5 -8.396463e-004
    8800 792.060178709999950 2020  9  4 11:01:34.723190367222 28246957.6 -23875.4 -8.445241e-004
    8803 792.330157139999870 2020  9  4 11:01:34.993154704571 28246954.2 -23878.8 -8.446444e-004
    8833 795.030206139999900 2020  9  4 11:01:37.693200409412 28246709.4 -24123.6 -8.533035e-004
    8851 796.650236859999950 2020  9  4 11:01:39.313227832317 28246568.6 -24264.4 -8.582839e-004
    8881 799.350277139999890 2020  9  4 11:01:42.013273537159 28246326.1 -24506.9 -8.668616e-004
    8899 800.970308140000040 2020  9  4 11:01:43.633300960064 28246193.5 -24639.5 -8.715520e-004
    8929 803.670329290000040 2020  9  4 11:01:46.333346664906 28245963.5 -24869.5 -8.796876e-004
    8944 805.021050859999950 2020  9  4 11:01:47.684053480625 28245875.4 -24957.6 -8.828038e-004
    8947 805.290361430000080 2020  9  4 11:01:47.953374087811 28245825.4 -25007.6 -8.845724e-004
    8977 807.990396000000030 2020  9  4 11:01:50.653379559517 28245613.2 -25219.8 -8.920784e-004
    8995 809.610526859999940 2020  9  4 11:01:52.273527681828 28245474.9 -25358.1 -8.969704e-004
    9025 812.310499570000050 2020  9  4 11:01:54.973492920399 28245280.5 -25552.5 -9.038467e-004
    9073 816.630543859999990 2020  9  4 11:01:59.293525815010 28244954.9 -25878.1 -9.153639e-004
    9121 820.950607139999870 2020  9  4 11:02:03.613598942757 28244632.3 -26200.7 -9.267750e-004
    9169 825.270673430000100 2020  9  4 11:02:07.933672070503 28244331.3 -26501.7 -9.374220e-004
    9217 829.590742290000090 2020  9  4 11:02:12.253745198250 28244042.0 -26791.0 -9.476551e-004
    9265 833.910823999999930 2020  9  4 11:02:16.573818325996 28243758.5 -27074.5 -9.576831e-004
    9313 838.230887140000050 2020  9  4 11:02:20.893891453743 28243481.2 -27351.8 -9.674918e-004
    9361 842.550959289999920 2020  9  4 11:02:25.213964581490 28243219.5 -27613.5 -9.767487e-004
    9409 846.871045709999980 2020  9  4 11:02:29.534037709236 28242976.7 -27856.3 -9.853371e-004
    9457 851.191268289999930 2020  9  4 11:02:33.854271769524 28242712.6 -28120.4 -9.946789e-004
    9505 855.511193139999930 2020  9  4 11:02:38.174183964729 28242484.8 -28348.2 -1.002737e-003
    9553 859.831270289999910 2020  9  4 11:02:42.494257092476 28242270.7 -28562.3 -1.010310e-003
    9556 860.101287429999960 2020  9  4 11:02:42.764301896095 28242233.8 -28599.2 -1.011615e-003
    9601 864.151335860000020 2020  9  4 11:02:46.814330220222 28242049.7 -28783.3 -1.018127e-003
    9604 864.421353429999950 2020  9  4 11:02:47.084334790707 28242030.9 -28802.1 -1.018792e-003
    9649 868.471436290000040 2020  9  4 11:02:51.134443581104 28241840.1 -28992.9 -1.025541e-003
    9697 872.791635000000040 2020  9  4 11:02:55.454637408257 28241628.9 -29204.1 -1.033012e-003
    9700 873.061506289999900 2020  9  4 11:02:55.724521279335 28241608.5 -29224.5 -1.033733e-003
    9745 877.111573290000020 2020  9  4 11:02:59.774589836597 28241442.9 -29390.1 -1.039591e-003
    9748 877.381566570000020 2020  9  4 11:03:00.044554173946 28241429.2 -29403.8 -1.040075e-003
    9793 881.431653859999870 2020  9  4 11:03:04.094662964344 28241246.5 -29586.5 -1.046538e-003
    9796 881.701659570000060 2020  9  4 11:03:04.364667534828 28241244.6 -29588.4 -1.046605e-003
    9892 890.341829139999850 2020  9  4 11:03:13.004813790321 28240897.6 -29935.4 -1.058879e-003
    9937 894.391883000000010 2020  9  4 11:03:17.054882347584 28240722.6 -30110.4 -1.065069e-003
    9940 894.661883139999990 2020  9  4 11:03:17.324886918068 28240715.6 -30117.4 -1.065317e-003
    9985 898.712034430000020 2020  9  4 11:03:21.375035941601 28240569.6 -30263.4 -1.070481e-003
    9988 898.981972570000150 2020  9  4 11:03:21.644960045815 28240553.4 -30279.6 -1.071054e-003
   10033 903.032231429999910 2020  9  4 11:03:25.695229768753 28240416.1 -30416.9 -1.075911e-003
   10035 903.212823709999950 2020  9  4 11:03:25.875836312771 28300886.1 30053.1 1.063043e-003
   10036 903.302055429999880 2020  9  4 11:03:25.965073406696 28240404.1 -30428.9 -1.076335e-003
   10083 907.532809709999920 2020  9  4 11:03:30.195828974247 28300746.1 29913.1 1.058091e-003
   10084 907.622137859999950 2020  9  4 11:03:30.285146534443 28240252.1 -30580.9 -1.081712e-003
   10131 911.852782289999940 2020  9  4 11:03:34.515781402588 28300580.3 29747.3 1.052226e-003
   10132 911.942233429999870 2020  9  4 11:03:34.605219662189 28240128.6 -30704.4 -1.086080e-003
   10180 916.262499429999930 2020  9  4 11:03:38.925493955612 28239957.0 -30876.0 -1.092150e-003
   10276 924.902747139999970 2020  9  4 11:03:47.565760910511 28239713.7 -31119.3 -1.100756e-003
   10371 933.452416139999850 2020  9  4 11:03:56.115422844887 28299737.9 28904.9 1.022428e-003
   10467 942.092165429999910 2020  9  4 11:04:04.755166769028 28299362.6 28529.6 1.009153e-003
   10468 942.182794000000060 2020  9  4 11:04:04.845812022686 28239241.6 -31591.4 -1.117456e-003
   10516 946.503266570000050 2020  9  4 11:04:09.166247248650 28239128.3 -31704.7 -1.121463e-003
   10563 950.732205139999910 2020  9  4 11:04:13.395192325115 28298965.0 28132.0 9.950892e-004
   10611 955.051953999999910 2020  9  4 11:04:17.714943587780 28298753.9 27920.9 9.876221e-004
   10803 972.331612569999950 2020  9  4 11:04:34.994632601738 28297835.1 27002.1 9.551222e-004
   10845 976.111573000000020 2020  9  4 11:04:38.774575889111 28297606.8 26773.8 9.470467e-004
   10851 976.651528429999870 2020  9  4 11:04:39.314544796944 28297562.7 26729.7 9.454868e-004
   10941 984.751391860000010 2020  9  4 11:04:47.414400279522 28297070.6 26237.6 9.280802e-004
   11085 997.711221709999900 2020  9  4 11:05:00.374217331409 28296212.0 25379.0 8.977097e-004
   11133 1002.031113289999900 2020  9  4 11:05:04.694129526615 28295911.0 25078.0 8.870626e-004
   11181 1006.351353709999900 2020  9  4 11:05:09.014363586903 28295591.3 24758.3 8.757542e-004
   11229 1010.671011140000000 2020  9  4 11:05:13.333994150162 28295283.7 24450.7 8.648737e-004
   11325 1019.310888860000000 2020  9  4 11:05:21.973899006844 28294592.9 23759.9 8.404386e-004
   11373 1023.630797290000000 2020  9  4 11:05:26.293811202049 28294234.6 23401.6 8.277648e-004
   11421 1027.950745430000100 2020  9  4 11:05:30.613763630390 28293883.7 23050.7 8.153527e-004
   11469 1032.270668860000100 2020  9  4 11:05:34.933675825596 28293479.8 22646.8 8.010659e-004
   11517 1036.590602860000000 2020  9  4 11:05:39.253588020802 28293093.3 22260.3 7.873946e-004
   11597 1043.790516860000000 2020  9  4 11:05:46.453508734703 28292413.7 21580.7 7.633556e-004
   11613 1045.230496709999900 2020  9  4 11:05:47.893492877483 28292273.1 21440.1 7.583823e-004
   11645 1048.110462289999800 2020  9  4 11:05:50.773461163044 28291991.1 21158.1 7.484074e-004
   11661 1049.550421999999800 2020  9  4 11:05:52.213405072689 28291844.4 21011.4 7.432183e-004
   11693 1052.430383430000100 2020  9  4 11:05:55.093373358250 28291557.2 20724.2 7.330594e-004
   11709 1053.870373860000000 2020  9  4 11:05:56.533357501030 28291407.4 20574.4 7.277607e-004
   11741 1056.750331000000000 2020  9  4 11:05:59.413325786591 28291105.8 20272.8 7.170924e-004
   11755 1058.010588290000000 2020  9  4 11:06:00.673588514328 28290977.6 20144.6 7.125577e-004
   11757 1058.190312999999800 2020  9  4 11:06:00.853309929371 28290951.1 20118.1 7.116203e-004
   11789 1061.070276140000000 2020  9  4 11:06:03.733278214931 28290644.6 19811.6 7.007788e-004
   11803 1062.330293140000100 2020  9  4 11:06:04.993299543858 28290491.7 19658.7 6.953704e-004
   11805 1062.510266000000000 2020  9  4 11:06:05.173262357712 28290489.1 19656.1 6.952784e-004
   11828 1064.580418569999700 2020  9  4 11:06:07.243418097496 28290236.5 19403.5 6.863434e-004
   11837 1065.390228289999600 2020  9  4 11:06:08.053230643272 28290166.5 19333.5 6.838674e-004
   11851 1066.650229289999700 2020  9  4 11:06:09.313211739063 28290024.9 19191.9 6.788587e-004
   11853 1066.830218709999800 2020  9  4 11:06:09.493214786053 28289998.5 19165.5 6.779248e-004
   11885 1069.710179710000100 2020  9  4 11:06:12.373183071613 28289675.2 18842.2 6.664890e-004
   11899 1070.970196860000000 2020  9  4 11:06:13.633204400539 28289547.0 18714.0 6.619543e-004
   11901 1071.150199859999900 2020  9  4 11:06:13.813207447529 28289498.9 18665.9 6.602529e-004
   11918 1072.680398859999700 2020  9  4 11:06:15.343394279480 28289353.1 18520.1 6.550957e-004
   11933 1074.030123140000100 2020  9  4 11:06:16.693135499954 28289172.9 18339.9 6.487216e-004
   11947 1075.290137860000000 2020  9  4 11:06:17.953156828880 28289011.9 18178.9 6.430267e-004
   11949 1075.470219000000000 2020  9  4 11:06:18.133200109005 28289002.5 18169.5 6.426942e-004
   11981 1078.350073569999900 2020  9  4 11:06:21.013087928295 28288653.1 17820.1 6.303352e-004
   12029 1082.670025429999900 2020  9  4 11:06:25.333040356636 28288117.0 17284.0 6.113722e-004
   12077 1086.989980140000200 2020  9  4 11:06:29.652992784977 28287577.5 16744.5 5.922889e-004
   12088 1087.980742289999900 2020  9  4 11:06:30.643733739853 28287466.5 16633.5 5.883626e-004
   12125 1091.309932140000000 2020  9  4 11:06:33.972945213318 28287016.8 16183.8 5.724557e-004
   12136 1092.300114569999800 2020  9  4 11:06:34.963122904301 28286872.3 16039.3 5.673444e-004
   12158 1094.279937289999900 2020  9  4 11:06:36.942955255508 28286620.4 15787.4 5.584342e-004
   12173 1095.629900429999900 2020  9  4 11:06:38.292897641659 28286438.7 15605.7 5.520071e-004
   12184 1096.619938429999800 2020  9  4 11:06:39.282954633236 28286298.1 15465.1 5.470338e-004
   12221 1099.949864000000200 2020  9  4 11:06:42.612850070000 28285845.9 15012.9 5.310385e-004
   12232 1100.939860710000200 2020  9  4 11:06:43.602866828442 28285713.1 14880.1 5.263411e-004
   12235 1101.210505430000200 2020  9  4 11:06:43.873515129089 28285673.4 14840.4 5.249368e-004
   12269 1104.269820289999900 2020  9  4 11:06:46.932802498341 28285244.8 14411.8 5.097763e-004
   12280 1105.259811290000000 2020  9  4 11:06:47.922819256783 28285109.4 14276.4 5.049869e-004
   12283 1105.529839000000000 2020  9  4 11:06:48.192823827267 28285067.4 14234.4 5.035013e-004
   12317 1108.589797710000100 2020  9  4 11:06:51.252795159817 28284631.4 13798.4 4.880790e-004
   12328 1109.579780860000000 2020  9  4 11:06:52.242771685123 28284488.9 13655.9 4.830385e-004
   12331 1109.849797860000100 2020  9  4 11:06:52.512816488743 28284456.0 13623.0 4.818747e-004
   12365 1112.909743290000100 2020  9  4 11:06:55.572747588158 28284004.7 13171.7 4.659113e-004
   12376 1113.899731289999900 2020  9  4 11:06:56.562724113464 28283865.4 13032.4 4.609839e-004
   12379 1114.169752000000000 2020  9  4 11:06:56.832768917084 28283828.9 12995.9 4.596929e-004
   12409 1116.870401859999900 2020  9  4 11:06:59.533418118954 28283459.2 12626.2 4.466158e-004
   12413 1117.229713290000100 2020  9  4 11:06:59.892700016499 28283365.2 12532.2 4.432908e-004
   12424 1118.219701710000200 2020  9  4 11:07:00.882716774940 28283215.1 12382.1 4.379814e-004
   12427 1118.489727570000000 2020  9  4 11:07:01.152721345425 28283180.9 12347.9 4.367717e-004
   12457 1121.189706140000000 2020  9  4 11:07:03.852686583996 28282763.6 11930.6 4.220109e-004
   12461 1121.549697860000200 2020  9  4 11:07:04.212692677975 28282718.2 11885.2 4.204050e-004
   12472 1122.539665570000100 2020  9  4 11:07:05.202669203281 28282563.9 11730.9 4.149471e-004
   12475 1122.809700289999900 2020  9  4 11:07:05.472714006901 28282524.3 11691.3 4.135464e-004
   12520 1126.859668140000200 2020  9  4 11:07:09.522661864758 28281884.4 11051.4 3.909117e-004
   12523 1127.129677710000100 2020  9  4 11:07:09.792666435242 28281853.6 11020.6 3.898223e-004
   12553 1129.830000569999800 2020  9  4 11:07:12.492993772030 28281418.1 10585.1 3.744177e-004
   12568 1131.179607999999900 2020  9  4 11:07:13.842614293098 28281209.1 10376.1 3.670249e-004
   12571 1131.449621290000100 2020  9  4 11:07:14.112618863583 28281176.3 10343.3 3.658647e-004
   12586 1132.800303140000100 2020  9  4 11:07:15.463285446167 28280945.4 10112.4 3.576973e-004
   12601 1134.149893569999900 2020  9  4 11:07:16.812905967236 28280744.6 9911.6 3.505946e-004
   12616 1135.499587710000200 2020  9  4 11:07:18.162606954575 28280519.4 9686.4 3.426287e-004
   12619 1135.769605000000200 2020  9  4 11:07:18.432611525059 28280468.3 9635.3 3.408212e-004
   12634 1137.119965430000100 2020  9  4 11:07:19.782956242561 28280236.9 9403.9 3.326361e-004
   12664 1139.819573290000100 2020  9  4 11:07:22.482559382915 28279811.9 8978.9 3.176030e-004
   12667 1140.089712289999900 2020  9  4 11:07:22.752724885941 28279764.3 8931.3 3.159192e-004
   12682 1141.439563430000400 2020  9  4 11:07:24.102546572685 28279544.0 8711.0 3.081268e-004
   12712 1144.139531569999900 2020  9  4 11:07:26.802511811256 28279101.3 8268.3 2.924675e-004
   12715 1144.409546710000100 2020  9  4 11:07:27.072556614876 28279055.0 8222.0 2.908298e-004
   12730 1145.759567430000300 2020  9  4 11:07:28.422579467297 28278834.5 8001.5 2.830302e-004
   12749 1147.470169570000100 2020  9  4 11:07:30.133171677589 28278508.0 7675.0 2.714812e-004
   12754 1147.919636430000100 2020  9  4 11:07:30.582656264305 28278472.2 7639.2 2.702149e-004
   12760 1148.459516140000200 2020  9  4 11:07:31.122504472733 28278376.1 7543.1 2.668156e-004
   12763 1148.729522430000100 2020  9  4 11:07:31.392509043217 28278332.3 7499.3 2.652663e-004
   12778 1150.079513430000100 2020  9  4 11:07:32.742531895638 28278100.7 7267.7 2.570741e-004
   12802 1152.239693860000200 2020  9  4 11:07:34.902689158916 28277723.5 6890.5 2.437318e-004
   12808 1152.779503000000200 2020  9  4 11:07:35.442497134209 28277641.1 6808.1 2.408171e-004
   12811 1153.049508430000100 2020  9  4 11:07:35.712501704693 28277602.8 6769.8 2.394623e-004
   12826 1154.399493289999800 2020  9  4 11:07:37.062484323978 28277359.7 6526.7 2.308634e-004
   12856 1157.099484569999700 2020  9  4 11:07:39.762489795685 28276901.1 6068.1 2.146417e-004
   12859 1157.369482139999900 2020  9  4 11:07:40.032494366169 28276855.4 6022.4 2.130252e-004
   12874 1158.719470430000000 2020  9  4 11:07:41.382476985455 28276619.7 5786.7 2.046880e-004
   12904 1161.419480000000000 2020  9  4 11:07:44.082482457161 28276166.1 5333.1 1.886432e-004
   12907 1161.689835859999900 2020  9  4 11:07:44.352849125862 28276115.3 5282.3 1.868463e-004
   12922 1163.039458569999900 2020  9  4 11:07:45.702469646931 28275868.8 5035.8 1.781270e-004
   12955 1166.009832430000000 2020  9  4 11:07:48.672841787338 28275369.5 4536.5 1.604657e-004
   12970 1167.359450569999800 2020  9  4 11:07:50.022462308407 28275118.4 4285.4 1.515838e-004
   13003 1170.329451290000000 2020  9  4 11:07:52.992432117462 28274593.2 3760.2 1.330063e-004
   13018 1171.679442859999700 2020  9  4 11:07:54.342454969883 28274352.6 3519.6 1.244958e-004
   13051 1174.649450859999900 2020  9  4 11:07:57.312465012074 28273825.4 2992.4 1.058476e-004
   13063 1175.729831570000000 2020  9  4 11:07:58.392845392227 28273612.9 2779.9 9.833103e-005
   13066 1175.999431140000100 2020  9  4 11:07:58.662447631359 28273589.5 2756.5 9.750332e-005
   13090 1178.159440709999700 2020  9  4 11:08:00.822443962097 28273203.0 2370.0 8.383198e-005
   13099 1178.969553710000400 2020  9  4 11:08:01.632538139820 28273051.0 2218.0 7.845542e-005
   13114 1180.319426859999800 2020  9  4 11:08:02.982440292835 28272808.1 1975.1 6.986352e-005
   13138 1182.479437430000000 2020  9  4 11:08:05.142436623573 28272420.2 1587.2 5.614267e-005
   13147 1183.289963570000100 2020  9  4 11:08:05.952973365784 28272265.0 1432.0 5.065291e-005
   13162 1184.639418139999900 2020  9  4 11:08:07.302432954311 28272038.4 1205.4 4.263758e-005
   13186 1186.799458860000000 2020  9  4 11:08:09.462469518185 28271659.6  826.6 2.923861e-005
   13192 1187.339446859999700 2020  9  4 11:08:10.002438426018 28271550.1  717.1 2.536537e-005
   13195 1187.609423569999800 2020  9  4 11:08:10.272442996502 28271509.1  676.1 2.391511e-005
   13207 1188.689451710000000 2020  9  4 11:08:11.352461278439 28271320.8  487.8 1.725453e-005
   13210 1188.959424289999800 2020  9  4 11:08:11.622425615788 28271267.8  434.8 1.537981e-005
   13234 1191.119419289999800 2020  9  4 11:08:13.782421946526 28270881.0   48.0 1.697863e-006
   13240 1191.659951710000100 2020  9  4 11:08:14.322954118252 28270775.8  -57.2 -2.023287e-006
   13243 1191.929508000000200 2020  9  4 11:08:14.592516124249 28270740.4  -92.6 -3.275461e-006
   13258 1193.279453430000100 2020  9  4 11:08:15.942458510399 28270497.5 -335.5 -1.186735e-005
   13282 1195.439415140000200 2020  9  4 11:08:18.102414608002 28270101.6 -731.4 -2.587119e-005
   13288 1195.979457140000200 2020  9  4 11:08:18.642463982105 28270009.3 -823.7 -2.913604e-005
   13291 1196.249430569999700 2020  9  4 11:08:18.912428319454 28269960.6 -872.4 -3.085866e-005
   13303 1197.329437999999800 2020  9  4 11:08:19.992446601391 28269769.5 -1063.5 -3.761828e-005
   13306 1197.599507290000000 2020  9  4 11:08:20.262491405010 28269720.4 -1112.6 -3.935505e-005
   13330 1199.759418569999800 2020  9  4 11:08:22.422407269478 28269331.9 -1501.1 -5.309713e-005
   13336 1200.300399430000000 2020  9  4 11:08:22.963382005692 28269228.5 -1604.5 -5.675461e-005
   13339 1200.569443569999700 2020  9  4 11:08:23.232461214066 28269192.4 -1640.6 -5.803154e-005
   13378 1204.079422709999800 2020  9  4 11:08:26.742440164089 28268559.7 -2273.3 -8.041150e-005
   13387 1204.889449999999900 2020  9  4 11:08:27.552453875542 28268416.5 -2416.5 -8.547679e-005
   13426 1208.399428859999700 2020  9  4 11:08:31.062432825565 28267789.4 -3043.6 -1.076587e-004
   13435 1209.209451710000200 2020  9  4 11:08:31.872446537018 28267658.8 -3174.2 -1.122783e-004
   13474 1212.719455710000100 2020  9  4 11:08:35.382465720177 28267018.6 -3814.4 -1.349235e-004
   13483 1213.529463000000100 2020  9  4 11:08:36.192479431629 28266888.3 -3944.7 -1.395325e-004
   13495 1214.609488289999700 2020  9  4 11:08:37.272497713566 28266688.0 -4145.0 -1.466175e-004
   13522 1217.039462000000000 2020  9  4 11:08:39.702458381653 28266269.3 -4563.7 -1.614279e-004
   13525 1217.310028429999900 2020  9  4 11:08:39.973026216030 28266221.6 -4611.4 -1.631151e-004
   13531 1217.849468709999900 2020  9  4 11:08:40.512472093105 28266122.2 -4710.8 -1.666311e-004
   13543 1218.929465290000100 2020  9  4 11:08:41.592450141907 28265943.9 -4889.1 -1.729380e-004
   13546 1219.199497429999800 2020  9  4 11:08:41.862494945526 28265896.4 -4936.6 -1.746181e-004
   13547 1219.289757570000100 2020  9  4 11:08:41.952737867832 28265853.8 -4979.2 -1.761250e-004
   13570 1221.359478859999900 2020  9  4 11:08:44.022491276264 28265511.8 -5321.2 -1.882223e-004
   13573 1221.629551710000200 2020  9  4 11:08:44.292536079884 28265477.1 -5355.9 -1.894497e-004
   13579 1222.169500860000000 2020  9  4 11:08:44.832504987717 28265364.6 -5468.4 -1.934290e-004
   13591 1223.249475860000100 2020  9  4 11:08:45.912483036518 28265188.2 -5644.8 -1.996687e-004
   13594 1223.519497430000000 2020  9  4 11:08:46.182487607002 28265154.0 -5679.0 -2.008784e-004
   13618 1225.679481429999900 2020  9  4 11:08:48.342483937740 28264765.5 -6067.5 -2.146205e-004
   13621 1225.949571570000200 2020  9  4 11:08:48.612568974495 28264726.8 -6106.2 -2.159894e-004
   13627 1226.489518290000000 2020  9  4 11:08:49.152537882328 28264615.8 -6217.2 -2.199157e-004
   13639 1227.569513430000100 2020  9  4 11:08:50.232515931129 28264441.3 -6391.7 -2.260881e-004
   13666 1229.999524140000200 2020  9  4 11:08:52.662516832352 28264028.6 -6804.4 -2.406862e-004
   13669 1230.270099860000100 2020  9  4 11:08:52.933084666729 28263971.7 -6861.3 -2.426989e-004
   13675 1230.809534430000000 2020  9  4 11:08:53.472530543804 28263896.7 -6936.3 -2.453518e-004
   13687 1231.889505290000000 2020  9  4 11:08:54.552508592606 28263703.0 -7130.0 -2.522034e-004
   13714 1234.319534430000000 2020  9  4 11:08:56.982549726963 28263302.5 -7530.5 -2.663699e-004
   13723 1235.129555710000200 2020  9  4 11:08:57.792563438416 28263161.6 -7671.4 -2.713539e-004
   13735 1236.209522570000000 2020  9  4 11:08:58.872541487217 28262981.4 -7851.6 -2.777279e-004
   13762 1238.639909710000000 2020  9  4 11:09:01.302904486656 28262564.4 -8268.6 -2.924781e-004
   13771 1239.449554430000300 2020  9  4 11:09:02.112556099892 28262434.8 -8398.2 -2.970623e-004
   13783 1240.529543290000000 2020  9  4 11:09:03.192534148693 28262260.8 -8572.2 -3.032171e-004
   13787 1240.890231140000000 2020  9  4 11:09:03.553224205971 28262194.1 -8638.9 -3.055764e-004
   13819 1243.769616710000000 2020  9  4 11:09:06.432629227638 28261737.5 -9095.5 -3.217273e-004
   13831 1244.849569860000200 2020  9  4 11:09:07.512567043304 28261557.6 -9275.4 -3.280908e-004
   13835 1245.210226859999900 2020  9  4 11:09:07.873216867447 28261473.7 -9359.3 -3.310585e-004
   13867 1248.089613430000100 2020  9  4 11:09:10.752621889114 28261015.7 -9817.3 -3.472590e-004
   13879 1249.169596000000000 2020  9  4 11:09:11.832599937916 28260858.2 -9974.8 -3.528301e-004
   13894 1250.519868000000100 2020  9  4 11:09:13.182864189148 28260653.6 -10179.4 -3.600672e-004
   13909 1251.869724859999900 2020  9  4 11:09:14.532726109028 28260435.2 -10397.8 -3.677925e-004
   13915 1252.410163140000300 2020  9  4 11:09:15.073177814484 28260363.2 -10469.8 -3.703393e-004
   13927 1253.489638430000000 2020  9  4 11:09:16.152632832527 28260164.9 -10668.1 -3.773536e-004
   13957 1256.189663000000100 2020  9  4 11:09:18.852678537369 28259750.7 -11082.3 -3.920047e-004
   13975 1257.809668140000200 2020  9  4 11:09:20.472665727139 28259496.6 -11336.4 -4.009928e-004
   14005 1260.509760860000100 2020  9  4 11:09:23.172751665115 28259088.4 -11744.6 -4.154317e-004
   14023 1262.129697860000100 2020  9  4 11:09:24.792698621750 28258831.2 -12001.8 -4.245294e-004
   14053 1264.829708140000100 2020  9  4 11:09:27.492704093456 28258433.8 -12399.2 -4.385863e-004
   14071 1266.449849570000000 2020  9  4 11:09:29.112852215767 28258210.5 -12622.5 -4.464849e-004
   14101 1269.149763860000100 2020  9  4 11:09:31.812777221203 28257785.6 -13047.4 -4.615145e-004
   14119 1270.769928859999900 2020  9  4 11:09:33.432925343513 28257561.1 -13271.9 -4.694556e-004
   14149 1273.469995290000000 2020  9  4 11:09:36.133011281490 28257163.2 -13669.8 -4.835301e-004
   14167 1275.089813289999900 2020  9  4 11:09:37.752797305584 28256918.9 -13914.1 -4.921716e-004
   14197 1277.789815430000100 2020  9  4 11:09:40.452802777290 28256543.5 -14289.5 -5.054503e-004
   14245 1282.109859140000300 2020  9  4 11:09:44.772875905037 28255951.5 -14881.5 -5.263906e-004
   14293 1286.429892290000000 2020  9  4 11:09:49.092908799648 28255356.1 -15476.9 -5.474511e-004
   14341 1290.749934569999800 2020  9  4 11:09:53.412941694260 28254787.2 -16045.8 -5.675744e-004
   14369 1293.267976000000100 2020  9  4 11:09:55.930972695351 28291553.4 20720.4 7.329250e-004
   14371 1293.449973140000300 2020  9  4 11:09:56.112987399101 28254439.7 -16393.3 -5.798662e-004
   14374 1293.720166860000100 2020  9  4 11:09:56.383152902126 28254400.1 -16432.9 -5.812669e-004
   14389 1295.069976710000000 2020  9  4 11:09:57.732974588871 28254233.6 -16599.4 -5.871564e-004
   14395 1295.610629569999900 2020  9  4 11:09:58.273627460003 28254163.6 -16669.4 -5.896324e-004
   14400 1296.057932569999800 2020  9  4 11:09:58.720939457417 28290998.8 20165.8 7.133076e-004
   14419 1297.770151140000300 2020  9  4 11:10:00.433140993118 28253876.0 -16957.0 -5.998055e-004
   14437 1299.390040139999900 2020  9  4 11:10:02.053047716618 28253673.6 -17159.4 -6.069648e-004
   14467 1302.090196859999900 2020  9  4 11:10:04.753214120865 28253350.9 -17482.1 -6.183794e-004
   14485 1303.710125140000200 2020  9  4 11:10:06.373120844364 28253149.2 -17683.8 -6.255139e-004
   14513 1306.228300289999900 2020  9  4 11:10:08.891312777996 28288803.6 17970.6 6.356587e-004
   14515 1306.410217000000100 2020  9  4 11:10:09.073206782341 28252829.2 -18003.8 -6.368330e-004
   14533 1308.030516000000000 2020  9  4 11:10:10.693515837193 28252628.8 -18204.2 -6.439216e-004
   14561 1310.547738430000000 2020  9  4 11:10:13.210742175579 28287798.5 16965.5 6.001061e-004
   14611 1315.050390289999800 2020  9  4 11:10:17.713393270969 28251802.9 -19030.1 -6.731355e-004
   14629 1316.670468709999800 2020  9  4 11:10:19.333460927010 28251653.5 -19179.5 -6.784201e-004
   14640 1317.657539000000000 2020  9  4 11:10:20.320540666580 28286044.6 15211.6 5.380669e-004
   14657 1319.187505290000000 2020  9  4 11:10:21.850486099720 28285667.1 14834.1 5.247139e-004
   14659 1319.370307140000000 2020  9  4 11:10:22.033305466175 28251342.1 -19490.9 -6.894349e-004
   14707 1323.690324859999700 2020  9  4 11:10:26.353338360786 28250878.6 -19954.4 -7.058299e-004
   14755 1328.010568430000100 2020  9  4 11:10:30.673572421074 28250428.8 -20404.2 -7.217403e-004
   14803 1332.330549430000000 2020  9  4 11:10:34.993565082550 28249977.9 -20855.1 -7.376896e-004
   14849 1336.467634710000100 2020  9  4 11:10:39.130617678165 28280787.2 9954.2 3.521014e-004
   14851 1336.650514140000000 2020  9  4 11:10:39.313517510891 28249555.8 -21277.2 -7.526202e-004
   14876 1338.897593710000100 2020  9  4 11:10:41.560578346252 28280043.8 9210.8 3.258058e-004
   14899 1340.970530289999900 2020  9  4 11:10:43.633550405502 28249132.4 -21700.6 -7.675968e-004
   14903 1341.327847860000000 2020  9  4 11:10:43.990860879421 28279288.8 8455.8 2.990998e-004
   15043 1353.931050000000100 2020  9  4 11:10:56.594051420689 28247971.2 -22861.8 -8.086709e-004
   15091 1358.250830430000000 2020  9  4 11:11:00.913842916489 28247597.5 -23235.5 -8.218895e-004
   15137 1362.387645710000000 2020  9  4 11:11:05.050654113293 28272479.1 1646.1 5.822609e-005
   15139 1362.570852860000100 2020  9  4 11:11:05.233835577965 28247240.8 -23592.2 -8.345067e-004
   15169 1365.271099860000000 2020  9  4 11:11:07.934082448483 28247035.7 -23797.3 -8.417615e-004
   15187 1366.890900429999900 2020  9  4 11:11:09.553908705711 28246902.7 -23930.3 -8.464660e-004
   15235 1371.210991430000100 2020  9  4 11:11:13.873981833458 28246564.3 -24268.7 -8.584360e-004
   15265 1373.911333140000100 2020  9  4 11:11:16.574349403381 28246357.7 -24475.3 -8.657439e-004
   15283 1375.531029860000000 2020  9  4 11:11:18.194014728069 28246239.7 -24593.3 -8.699178e-004
   15379 1384.171297709999900 2020  9  4 11:11:26.834281682968 28245629.7 -25203.3 -8.914948e-004
   15409 1386.871199569999800 2020  9  4 11:11:29.534206688404 28245439.1 -25393.9 -8.982367e-004
   15427 1388.491244139999900 2020  9  4 11:11:31.154234111309 28245339.9 -25493.1 -9.017456e-004
   15434 1389.117812569999800 2020  9  4 11:11:31.780824959278 28263679.0 -7154.0 -2.530523e-004
   15457 1391.191272709999800 2020  9  4 11:11:33.854279816151 28245167.8 -25665.2 -9.078332e-004
   15505 1395.511613000000100 2020  9  4 11:11:38.174594342709 28244871.8 -25961.2 -9.183033e-004
   15601 1404.151474999999900 2020  9  4 11:11:46.814458966255 28244343.8 -26489.2 -9.369798e-004
   15649 1408.471552140000300 2020  9  4 11:11:51.134532094002 28244104.3 -26728.7 -9.454514e-004
   15697 1412.791689430000100 2020  9  4 11:11:55.454685688019 28243856.2 -26976.8 -9.542273e-004
   15707 1413.687497999999800 2020  9  4 11:11:56.350516676903 28256479.1 -14353.9 -5.077282e-004
   15745 1417.111680140000100 2020  9  4 11:11:59.774678349495 28243612.2 -27220.8 -9.628581e-004
   15755 1418.007538000000100 2020  9  4 11:12:00.670549571514 28255361.1 -15471.9 -5.472743e-004
   15793 1421.431764860000200 2020  9  4 11:12:04.094751477242 28243382.8 -27450.2 -9.709725e-004
   15803 1422.327650140000300 2020  9  4 11:12:04.990662932396 28254286.7 -16546.3 -5.852781e-004
   15841 1425.751848569999800 2020  9  4 11:12:08.414864838123 28243160.3 -27672.7 -9.788428e-004
   15851 1426.647633710000000 2020  9  4 11:12:09.310615360737 28253245.6 -17587.4 -6.221041e-004
   15889 1430.071915860000000 2020  9  4 11:12:12.734897732735 28242956.0 -27877.0 -9.860693e-004
   15899 1430.967700860000100 2020  9  4 11:12:13.630688488483 28252274.2 -18558.8 -6.564646e-004
   15916 1432.497670860000200 2020  9  4 11:12:15.160674154758 28251939.2 -18893.8 -6.683142e-004
   15937 1434.392112999999900 2020  9  4 11:12:17.055131793022 28242738.2 -28094.8 -9.937733e-004
   15964 1436.817718140000100 2020  9  4 11:12:19.480707049370 28251021.9 -19811.1 -7.007611e-004
   15985 1438.712875570000100 2020  9  4 11:12:21.375888884068 28242543.0 -28290.0 -1.000678e-003
   16012 1441.137777000000100 2020  9  4 11:12:23.800780177116 28250148.2 -20684.8 -7.316657e-004
   16044 1444.018145569999900 2020  9  4 11:12:26.681150794029 28249580.9 -21252.1 -7.517324e-004
   16060 1445.457835710000200 2020  9  4 11:12:28.120853304863 28249312.8 -21520.2 -7.612156e-004
   16081 1447.352221859999900 2020  9  4 11:12:30.015230476856 28242158.1 -28674.9 -1.014293e-003
   16092 1448.338226859999800 2020  9  4 11:12:31.001223921776 28248782.5 -22050.5 -7.799735e-004
   16108 1449.777899140000300 2020  9  4 11:12:32.440886199474 28248522.9 -22310.1 -7.891561e-004
   16119 1450.768310569999800 2020  9  4 11:12:33.431305289268 28248357.9 -22475.1 -7.949925e-004
   16140 1452.658030139999900 2020  9  4 11:12:35.321015417576 28248022.3 -22810.7 -8.068634e-004
   16156 1454.097956710000100 2020  9  4 11:12:36.760959327221 28247789.5 -23043.5 -8.150980e-004
   16188 1456.978380140000100 2020  9  4 11:12:39.641370177269 28247314.1 -23518.9 -8.319139e-004
   16204 1458.418023290000100 2020  9  4 11:12:41.081032454967 28247079.4 -23753.6 -8.402158e-004
   16217 1459.588132859999900 2020  9  4 11:12:42.251132726669 28246898.9 -23934.1 -8.466005e-004
   16225 1460.312446709999700 2020  9  4 11:12:42.975449860096 28241654.6 -29178.4 -1.032103e-003
   16227 1460.493345569999700 2020  9  4 11:12:43.156338036060 28299365.5 28532.5 1.009256e-003
   16236 1461.298092430000000 2020  9  4 11:12:43.961081206799 28246653.7 -24179.3 -8.552737e-004
   16252 1462.738187290000000 2020  9  4 11:12:45.401186048985 28246408.9 -24424.1 -8.639328e-004
   16265 1463.908309570000000 2020  9  4 11:12:46.571326553822 28246228.4 -24604.6 -8.703175e-004
   16284 1465.618226999999900 2020  9  4 11:12:48.281234800816 28246005.4 -24827.6 -8.782055e-004
   16296 1466.698136289999600 2020  9  4 11:12:49.361132383347 28245841.5 -24991.5 -8.840030e-004
   16300 1467.058158569999900 2020  9  4 11:12:49.721138477325 28245790.6 -25042.4 -8.858034e-004
   16313 1468.228182430000100 2020  9  4 11:12:50.891198515892 28245635.7 -25197.3 -8.912825e-004
   16332 1469.938265860000200 2020  9  4 11:12:52.601267695427 28245382.3 -25450.7 -9.002458e-004
   16344 1471.018200140000100 2020  9  4 11:12:53.681205511093 28245249.0 -25584.0 -9.049610e-004
   16361 1472.548518289999900 2020  9  4 11:12:55.211513042450 28245039.2 -25793.8 -9.123820e-004
   16380 1474.258335430000000 2020  9  4 11:12:56.921340823174 28244822.3 -26010.7 -9.200542e-004
   16391 1475.248401430000100 2020  9  4 11:12:57.911397814751 28244691.7 -26141.3 -9.246739e-004
   16392 1475.338274140000100 2020  9  4 11:12:58.001278638840 28244680.2 -26152.8 -9.250806e-004
   16409 1476.868323429999900 2020  9  4 11:12:59.531304538250 28244488.8 -26344.2 -9.318509e-004
   16428 1478.578358430000000 2020  9  4 11:13:01.241373717785 28244295.6 -26537.4 -9.386848e-004
   16440 1479.658338569999600 2020  9  4 11:13:02.321351766586 28244147.8 -26685.2 -9.439128e-004
   16457 1481.188401859999900 2020  9  4 11:13:03.851417899132 28243968.2 -26864.8 -9.502656e-004
   16488 1483.978417140000100 2020  9  4 11:13:06.641424894333 28243646.4 -27186.6 -9.616484e-004
   16495 1484.608439999999700 2020  9  4 11:13:07.271435558796 28243575.7 -27257.3 -9.641492e-004
   16505 1485.508456430000000 2020  9  4 11:13:08.171450793743 28243474.6 -27358.4 -9.677253e-004
   16515 1486.412882140000200 2020  9  4 11:13:09.075891673565 28298278.7 27445.7 9.708133e-004
   16707 1503.692479999999700 2020  9  4 11:13:26.355459988117 28297418.3 26585.3 9.403791e-004
   16803 1512.332335569999700 2020  9  4 11:13:34.995324611664 28296965.6 26132.6 9.243661e-004
   16941 1524.752040859999900 2020  9  4 11:13:47.415052056313 28296250.7 25417.7 8.990786e-004
   17133 1542.031761570000100 2020  9  4 11:14:04.694781303406 28295166.4 24333.4 8.607245e-004
   17181 1546.351702859999900 2020  9  4 11:14:09.014693498611 28294858.6 24025.6 8.498370e-004
   17229 1550.671646709999800 2020  9  4 11:14:13.334645926952 28294561.5 23728.5 8.393279e-004
   17325 1559.312302569999700 2020  9  4 11:14:21.975315213203 28293951.9 23118.9 8.177651e-004
   17469 1572.271661710000200 2020  9  4 11:14:34.934649467468 28292904.8 22071.8 7.807269e-004
   17517 1576.591613569999900 2020  9  4 11:14:39.254601895809 28292555.8 21722.8 7.683820e-004
   17645 1588.111189710000000 2020  9  4 11:14:50.774193406105 28291580.1 20747.1 7.338694e-004
   17661 1589.551355999999900 2020  9  4 11:14:52.214338481426 28291432.3 20599.3 7.286414e-004
   17693 1592.431187000000100 2020  9  4 11:14:55.094186067581 28291196.0 20363.0 7.202830e-004
   17709 1593.871053570000000 2020  9  4 11:14:56.534049510956 28291030.7 20197.7 7.144360e-004
   17757 1598.191143289999700 2020  9  4 11:15:00.854162871838 28290623.4 19790.4 7.000289e-004
   17789 1601.070999569999900 2020  9  4 11:15:03.734010457993 28290334.6 19501.6 6.898134e-004
   17837 1605.390893569999900 2020  9  4 11:15:08.053882420063 28289925.8 19092.8 6.753533e-004
   17885 1609.710838710000000 2020  9  4 11:15:12.373834848404 28289487.9 18654.9 6.598638e-004
   17901 1611.151412709999700 2020  9  4 11:15:13.814422488213 28289328.5 18495.5 6.542255e-004
   17933 1614.030792430000000 2020  9  4 11:15:16.693787276745 28289039.4 18206.4 6.439994e-004
   17947 1615.291273289999900 2020  9  4 11:15:17.954291403294 28288934.2 18101.2 6.402783e-004
   17981 1618.350747999999800 2020  9  4 11:15:21.013739705086 28288578.7 17745.7 6.277035e-004
   18029 1622.670697999999900 2020  9  4 11:15:25.333692133427 28288115.0 17282.0 6.113014e-004
   18043 1623.930711710000200 2020  9  4 11:15:26.593713462353 28287973.8 17140.8 6.063069e-004
   18077 1626.990648710000000 2020  9  4 11:15:29.653644561768 28287635.6 16802.6 5.943440e-004
   18125 1631.310625570000000 2020  9  4 11:15:33.973637223244 28287146.2 16313.2 5.770329e-004
   18136 1632.301094140000000 2020  9  4 11:15:34.964096546173 28287043.4 16210.4 5.733966e-004
   18139 1632.571339709999800 2020  9  4 11:15:35.234342515469 28287000.2 16167.2 5.718685e-004
   18173 1635.630572140000100 2020  9  4 11:15:38.293589651585 28286645.2 15812.2 5.593114e-004
   18184 1636.620578000000000 2020  9  4 11:15:39.283566176891 28286534.0 15701.0 5.553780e-004
   18187 1636.890564710000000 2020  9  4 11:15:39.553570747375 28286520.6 15687.6 5.549041e-004
   18221 1639.950525430000200 2020  9  4 11:15:42.613542079926 28286132.8 15299.8 5.411867e-004
   18269 1644.270497860000000 2020  9  4 11:15:46.933494508266 28285608.1 14775.1 5.226270e-004
   18317 1648.590459289999900 2020  9  4 11:15:51.253446936607 28285076.7 14243.7 5.038302e-004
   18328 1649.580444569999600 2020  9  4 11:15:52.243463695049 28284950.1 14117.1 4.993521e-004
   18365 1652.910417569999900 2020  9  4 11:15:55.573399364948 28284531.2 13698.2 4.845347e-004
   18376 1653.900411000000100 2020  9  4 11:15:56.563416123390 28284395.4 13562.4 4.797312e-004
   18413 1657.230380289999900 2020  9  4 11:15:59.893392026424 28283969.5 13136.5 4.646662e-004
   18424 1658.220368430000000 2020  9  4 11:16:00.883368551731 28283852.8 13019.8 4.605383e-004
   18461 1661.550359140000200 2020  9  4 11:16:04.213344454765 28283392.2 12559.2 4.442458e-004
   18472 1662.540338569999700 2020  9  4 11:16:05.203320980072 28283277.6 12444.6 4.401922e-004
   18475 1662.810450569999800 2020  9  4 11:16:05.473446249962 28283232.7 12399.7 4.386040e-004
   18520 1666.860292429999800 2020  9  4 11:16:09.523273408413 28282702.5 11869.5 4.198497e-004
   18523 1667.130422859999700 2020  9  4 11:16:09.793438911438 28282681.2 11848.2 4.190962e-004
   18557 1670.190848569999600 2020  9  4 11:16:12.853852808475 28282248.7 11415.7 4.037978e-004
   18568 1671.180262859999900 2020  9  4 11:16:13.843266069889 28282114.4 11281.4 3.990473e-004
   18571 1671.451160140000200 2020  9  4 11:16:14.114155769348 28282081.6 11248.6 3.978871e-004
   18616 1675.500253570000000 2020  9  4 11:16:18.163258731365 28281509.7 10676.7 3.776578e-004
   18664 1679.820215710000000 2020  9  4 11:16:22.483211159706 28280913.5 10080.5 3.565689e-004
   18682 1681.440323140000100 2020  9  4 11:16:24.103319048882 28280679.3 9846.3 3.482847e-004
   18712 1684.140187569999900 2020  9  4 11:16:26.803203821182 28280294.8 9461.8 3.346842e-004
   18715 1684.410229710000100 2020  9  4 11:16:27.073248624802 28280245.6 9412.6 3.329439e-004
   18730 1685.760202429999900 2020  9  4 11:16:28.423191010952 28280057.7 9224.7 3.262974e-004
   18760 1688.460157860000200 2020  9  4 11:16:31.123156249523 28279668.0 8835.0 3.125129e-004
   18763 1688.730173430000100 2020  9  4 11:16:31.393160820007 28279641.4 8808.4 3.115720e-004
   18778 1690.080156569999900 2020  9  4 11:16:32.743143439293 28279437.8 8604.8 3.043702e-004
   18808 1692.780134709999900 2020  9  4 11:16:35.443148910999 28279041.9 8208.9 2.903664e-004
   18811 1693.050157290000000 2020  9  4 11:16:35.713153481483 28278981.9 8148.9 2.882441e-004
   18826 1694.400125290000000 2020  9  4 11:16:37.063136100769 28278802.6 7969.6 2.819018e-004
   18856 1697.100121140000100 2020  9  4 11:16:39.763101339340 28278396.6 7563.6 2.675408e-004
   18859 1697.370208709999800 2020  9  4 11:16:40.033226609230 28278346.2 7513.2 2.657580e-004
   18874 1698.720135999999900 2020  9  4 11:16:41.383128762245 28278159.9 7326.9 2.591682e-004
   18904 1701.420109000000100 2020  9  4 11:16:44.083094000816 28277754.3 6921.3 2.448212e-004
   18907 1701.690965140000100 2020  9  4 11:16:44.353983700275 28277733.6 6900.6 2.440890e-004
   18922 1703.040092140000100 2020  9  4 11:16:45.703081190586 28277507.8 6674.8 2.361020e-004
   18952 1705.740084430000000 2020  9  4 11:16:48.403086662292 28277099.2 6266.2 2.216489e-004
   18970 1707.360083430000000 2020  9  4 11:16:50.023073852062 28276859.5 6026.5 2.131702e-004
   19000 1710.060185710000000 2020  9  4 11:16:52.723200023174 28276429.3 5596.3 1.979531e-004
   19018 1711.680059569999900 2020  9  4 11:16:54.343066513538 28276196.5 5363.5 1.897185e-004
   19066 1716.000046289999800 2020  9  4 11:16:58.663059175014 28275532.7 4699.7 1.662385e-004
   19114 1720.320034289999700 2020  9  4 11:17:02.983051836491 28274852.6 4019.6 1.421819e-004
   19147 1723.290301000000000 2020  9  4 11:17:05.953303277493 28274388.3 3555.3 1.257586e-004
   19162 1724.640026709999800 2020  9  4 11:17:07.303044497967 28274174.7 3341.7 1.182031e-004
   19195 1727.610255710000000 2020  9  4 11:17:10.273255705833 28273712.6 2879.6 1.018576e-004
   19210 1728.960027140000200 2020  9  4 11:17:11.623037159443 28273503.5 2670.5 9.446131e-005
   19234 1731.120296569999700 2020  9  4 11:17:13.783315122128 28273161.8 2328.8 8.237465e-005
   19255 1733.010145289999900 2020  9  4 11:17:15.673145949841 28272841.4 2008.4 7.104142e-005
   19258 1733.280017569999900 2020  9  4 11:17:15.943029820919 28272813.6 1980.6 7.005807e-005
   19282 1735.440172710000100 2020  9  4 11:17:18.103187084198 28272478.7 1645.7 5.821194e-005
   19291 1736.250454710000000 2020  9  4 11:17:18.913442194462 28272353.3 1520.3 5.377627e-005
   19306 1737.600019289999900 2020  9  4 11:17:20.263022482395 28272128.1 1295.1 4.581046e-005
   19330 1739.760023000000000 2020  9  4 11:17:22.423018813133 28271787.4  954.4 3.375918e-005
   19336 1740.300127430000000 2020  9  4 11:17:22.963108420372 28271702.9  869.9 3.077023e-005
   19339 1740.570056140000100 2020  9  4 11:17:23.233072757721 28271657.2  824.2 2.915372e-005
   19351 1741.650205140000000 2020  9  4 11:17:24.313211739063 28271501.1  668.1 2.363213e-005
   19354 1741.920007000000200 2020  9  4 11:17:24.583015143871 28271457.0  624.0 2.207222e-005
   19378 1744.080004569999800 2020  9  4 11:17:26.743011474609 28271117.0  284.0 1.004569e-005
   19402 1746.240030859999900 2020  9  4 11:17:28.903048038483 28270771.9  -61.1 -2.161238e-006
   19426 1748.400002290000000 2020  9  4 11:17:31.063004136086 28270426.5 -406.5 -1.437878e-005
   19432 1748.940176290000000 2020  9  4 11:17:31.603174209595 28270350.1 -482.9 -1.708121e-005
   19435 1749.210117000000100 2020  9  4 11:17:31.873098313808 28270299.6 -533.4 -1.886750e-005
   19447 1750.290022709999900 2020  9  4 11:17:32.953036129475 28270114.9 -718.1 -2.540074e-005
   19450 1750.560018140000000 2020  9  4 11:17:33.223000466824 28270083.3 -749.7 -2.651850e-005
   19474 1752.719996710000000 2020  9  4 11:17:35.382996797562 28269741.8 -1091.2 -3.859808e-005
   19483 1753.530167290000000 2020  9  4 11:17:36.193171441555 28269605.4 -1227.6 -4.342285e-005
   19498 1754.880421289999700 2020  9  4 11:17:37.543435692787 28269404.3 -1428.7 -5.053618e-005
   19522 1757.040005290000000 2020  9  4 11:17:39.702989459038 28269061.9 -1771.1 -6.264761e-005
   19531 1757.850081430000000 2020  9  4 11:17:40.513083636761 28268917.7 -1915.3 -6.774827e-005
   19570 1761.360010429999900 2020  9  4 11:17:44.023022353649 28268381.1 -2451.9 -8.672896e-005
   19579 1762.170042139999900 2020  9  4 11:17:44.833036065102 28268261.0 -2572.0 -9.097716e-005
   19618 1765.680017709999900 2020  9  4 11:17:48.343015015125 28267700.6 -3132.4 -1.107997e-004
   19627 1766.490108140000100 2020  9  4 11:17:49.153109192848 28267594.0 -3239.0 -1.145704e-004
   19639 1767.570167290000000 2020  9  4 11:17:50.233167707920 28267416.8 -3416.2 -1.208383e-004
   19666 1770.000027569999900 2020  9  4 11:17:52.663007676601 28267027.4 -3805.6 -1.346122e-004
   19675 1770.810358140000100 2020  9  4 11:17:53.473343253136 28266911.2 -3921.8 -1.387225e-004
   19687 1771.890041859999900 2020  9  4 11:17:54.553039669991 28266727.7 -4105.3 -1.452133e-004
   19714 1774.320047709999900 2020  9  4 11:17:56.983040571213 28266357.4 -4475.6 -1.583116e-004
   19723 1775.130712569999800 2020  9  4 11:17:57.793698012829 28266235.4 -4597.6 -1.626270e-004
   19735 1776.210059000000200 2020  9  4 11:17:58.873072564602 28266063.8 -4769.2 -1.686968e-004
   19738 1776.480796569999900 2020  9  4 11:17:59.143801331520 28266020.9 -4812.1 -1.702143e-004
   19762 1778.640059140000200 2020  9  4 11:18:01.303073465824 28265685.9 -5147.1 -1.820640e-004
   19783 1780.530083290000000 2020  9  4 11:18:03.193065226078 28265385.5 -5447.5 -1.926898e-004
   19810 1782.960084569999900 2020  9  4 11:18:05.623066127300 28265017.8 -5815.2 -2.056961e-004
   19819 1783.770639860000100 2020  9  4 11:18:06.433643102646 28264913.3 -5919.7 -2.093925e-004
   19831 1784.850070140000100 2020  9  4 11:18:07.513057887554 28264738.8 -6094.2 -2.155649e-004
   19834 1785.120155000000100 2020  9  4 11:18:07.783142924309 28264693.5 -6139.5 -2.171673e-004
   19858 1787.280101710000100 2020  9  4 11:18:09.943099021912 28264369.8 -6463.2 -2.286172e-004
   19861 1787.550543569999900 2020  9  4 11:18:10.213546156883 28264324.7 -6508.3 -2.302125e-004
   19879 1789.170102569999700 2020  9  4 11:18:11.833090782166 28264089.1 -6743.9 -2.385462e-004
   19906 1791.600447859999800 2020  9  4 11:18:14.263453781605 28263720.4 -7112.6 -2.515879e-004
   19915 1792.410138860000000 2020  9  4 11:18:15.073145627975 28263597.7 -7235.3 -2.559281e-004
   19927 1793.490114289999800 2020  9  4 11:18:16.153123676777 28263441.4 -7391.6 -2.614567e-004
   19930 1793.760137710000000 2020  9  4 11:18:16.423128247261 28263411.0 -7422.0 -2.625321e-004
   19954 1795.920133000000100 2020  9  4 11:18:18.583124577999 28263078.3 -7754.7 -2.743004e-004
   19975 1797.810128859999800 2020  9  4 11:18:20.473116338253 28262798.9 -8034.1 -2.841833e-004
