    12  1.13027329  28249761.60  
    41  3.75900457  28249461.00  
    47  4.29557243  28249385.40  
    59  5.35300300  28249280.70  
    88  8.00041400  28248986.80  
   106  9.59907857  28248813.10  
   154  13.88082786  28248350.50  
   201  18.14903114  28247926.60  
   249  22.42206986  28247498.20  
   296  26.69401243  28247099.00  
   344  30.96420814  28246708.00  
   391  35.23076986  28246322.70  
   465  41.91373114  28304908.40  
   473  42.61993443  28284310.70  
   486  43.77430371  28245591.00  
   514  46.26968443  28245400.70  
   561  50.54349243  28245037.10  
   568  51.17066114  28283419.10  
   609  54.81773514  28244732.30  
   616  55.44513257  28282942.40  
   656  59.09316529  28244410.20  
   663  59.72187100  28282485.10  
   704  63.36710557  28244086.90  
   750  67.57183957  28304539.70  
   751  67.65785514  28243788.50  
   758  68.27652429  28281546.10  
   798  71.84395686  28304485.60  
   799  71.93143529  28243532.60  
   806  72.55833929  28281051.80  
   845  76.11938871  28304399.40  
   846  76.20623257  28243262.80  
   853  76.82874114  28280565.80  
   882  79.41031400  28243068.60  
   893  80.38889471  28304336.10  
   894  80.47512000  28243007.80  
   901  81.09842157  28279836.90  
   948  85.36481029  28279388.80  
   966  86.96370200  28279382.90  
   995  89.63149457  28279046.50  
  1013  91.22849286  28278878.50  
  1061  95.50310257  28278356.50  
  1082  97.45712386  28304021.30  
  1090  98.17107800  28278042.30  
  1108  99.77014300  28277837.20  
  1130  101.72521571  28303937.70  
  1138  102.43752471  28277499.00  
  1177  105.99122957  28303859.00  
  1185  106.70587400  28276989.50  
  1203  108.30203914  28276787.10  
  1225  110.26865343  28303747.50  
  1233  110.97662471  28276327.70  
  1250  112.57763614  28276262.80  
  1272  114.53907814  28303660.00  
  1298  116.84664471  28275720.30  
  1320  118.80714200  28303553.90  
  1345  121.11859400  28275184.30  
  1367  123.07447771  28303445.80  
  1440  129.66496757  28274114.00  
  1462  131.62273514  28303219.80  
  1488  133.93641071  28273554.00  
  1535  138.21901271  28273147.20  
  1557  140.19195671  28302987.20  
  1581  142.34412543  28240062.30  
  1583  142.52317900  28272469.30  
  1605  144.49266157  28302855.50  
  1629  146.63466557  28239910.50  
  1631  146.81340200  28271905.70  
  1653  148.77680414  28302448.60  
  1771  159.45819614  28239502.70  
  2130  191.70656057  28266191.50  
  2177  195.98553571  28265655.40  
  2198  197.85263743  28265416.60  
  2225  200.25509900  28265094.20  
  2245  202.12556543  28264897.70  
  2272  204.53127857  28264610.10  
  2280  205.24427029  28300377.20  
  2293  206.39895686  28264378.40  
  2340  210.67210571  28263857.50  
  2367  213.06880629  28263589.70  
  2388  214.94120343  28263347.70  
  2414  217.33976200  28263057.10  
  2435  219.20800500  28262828.40  
  2483  223.48298543  28262329.00  
  2530  227.75836900  28261823.20  
  2578  232.03232586  28261316.50  
  2625  236.30292214  28260852.20  
  2673  240.57198271  28260362.30  
  2720  244.84261414  28259872.90  
  2767  249.10995214  28259403.00  
  2797  251.79557343  28259132.70  
  2802  252.23696457  28297215.80  
  2815  253.39991014  28258953.90  
  2845  256.08263614  28258656.30  
  2850  256.52707500  28296844.00  
  2863  257.68423857  28258486.20  
  2892  260.36199257  28258199.90  
  2897  260.80911329  28296461.20  
  2910  261.97442343  28258037.00  
  2940  264.64894871  28257755.60  
  2945  265.08753414  28296060.30  
  2958  266.24838343  28257586.50  
  2988  268.92554257  28257315.00  
  3005  270.51921071  28257145.40  
  3035  273.18986471  28256881.50  
  3040  273.63558843  28295229.50  
  3053  274.78487257  28256695.50  
  3082  277.45424886  28256454.70  
  3087  277.89718414  28294797.40  
  3100  279.05871814  28256439.00  
  3130  281.73383543  28256042.10  
  3135  282.17995471  28294347.90  
  3177  286.00246057  28255620.30  
  3182  286.44542857  28293855.40  
  3225  290.27979843  28255442.50  
  3230  290.72000129  28293370.50  
  3272  294.55631957  28254827.60  
  3277  294.99927429  28292848.60  
  3306  297.58253257  28292529.20  
  3320  298.82811286  28254302.00  
  3325  299.27191843  28292208.70  
  3353  301.85283243  28291975.10  
  3367  303.10245086  28254053.60  
  3372  303.54827186  28291767.30  
  3401  306.12355214  28291422.30  
  3415  307.37596471  28253685.30  
  3420  307.81582386  28291202.00  
  3448  310.39776771  28290941.00  
  3462  311.64363486  28253293.70  
  3467  312.08497443  28290599.90  
  3488  313.96067229  28290342.70  
  3496  314.67238657  28290235.80  
  3510  315.92374800  28252942.50  
  3515  316.36125971  28289999.10  
  3543  318.94947571  28289610.40  
  3562  320.63944043  28289338.40  
  3583  322.51912471  28289073.70  
  3591  323.23005671  28288953.30  
  3605  324.47706414  28252238.00  
  3610  324.92088900  28288711.30  
  3631  326.79264757  28288408.40  
  3638  327.50276443  28288288.10  
  3652  328.75238157  28251898.40  
  3678  331.06790386  28287711.30  
  3686  331.78094843  28287594.90  
  3733  336.05132243  28286881.90  
  3747  337.30394614  28251243.90  
  3773  339.61507871  28286264.80  
  3781  340.32608800  28286152.30  
  3828  344.60136500  28285390.90  
  3840  345.67503129  28285202.60  
  3868  348.17082471  28284727.30  
  3876  348.88336843  28284623.90  
  3888  349.95661543  28284434.30  
  3916  352.45837943  28283952.80  
  3924  353.16760971  28283833.20  
  3963  356.73139600  28283155.10  
  3971  357.44939257  28283008.10  
  4011  361.00360443  28282488.10  
  4019  361.71772457  28282170.80  
  4058  365.27469686  28281458.30  
  4066  365.98440057  28281321.30  
  4106  369.54611786  28280556.30  
  4153  373.82447071  28279706.80  
  4161  374.53264300  28279731.40  
  4165  374.88871043  28279495.00  
  4201  378.10896029  28278805.30  
  4209  378.82413057  28278648.20  
  4213  379.18072386  28278575.90  
  4235  381.22442643  28278130.90  
  4248  382.38681186  28277889.60  
  4251  382.65126214  28277852.90  
  4254  382.92136771  28277771.30  
  4256  383.09928814  28277734.30  
  4260  383.45740200  28277647.10  
  4283  385.50667043  28277201.70  
  4296  386.65698957  28276958.80  
  4299  386.92702600  28276886.60  
  4302  387.19469357  28276836.40  
  4304  387.37386214  28276797.50  
  4308  387.72626214  28276758.60  
  4330  389.77611214  28276389.10  
  4343  390.93111357  28276017.70  
  4349  391.46382743  28275899.00  
  4351  391.64200714  28275856.60  
  4355  391.99532843  28275774.60  
  4378  394.04504814  28275321.10  
  4391  395.19955929  28275062.70  
  4425  398.31720929  28274371.50  
  4438  399.47595357  28274110.50  
  4444  400.00909671  28273994.00  
  4473  402.59112471  28273403.50  
  4486  403.75505900  28273139.30  
  4489  404.02289200  28273139.00  
  4492  404.29064786  28273030.70  
  4505  405.53226871  28272742.10  
  4517  406.60132757  28272478.10  
  4520  406.86957043  28272422.20  
  4531  407.84505743  28272244.60  
  4533  408.02364900  28272171.20  
  4536  408.29139171  28272116.70  
  4539  408.56097671  28271981.00  
  4541  408.73646343  28271999.70  
  4553  409.80620800  28271772.40  
  4565  410.87431771  28271530.90  
  4568  411.14393171  28271461.00  
  4581  412.30085586  28271199.70  
  4584  412.57087729  28271140.30  
  4587  412.83621443  28271096.00  
  4589  413.01416429  28271032.20  
  4612  415.15604114  28270545.40  
  4615  415.42333443  28270491.30  
  4628  416.58083343  28270227.40  
  4631  416.85085943  28270160.20   
  4634  417.11480271  28270113.30  
  4636  417.29245857  28270074.10  
  4648  418.35603543  28269823.10  
  4660  419.42785329  28269570.00  
  4663  419.69208571  28269512.10  
  4676  420.85163314  28269254.30  
  4679  421.11887671  28269185.50  
  4682  421.38336871  28269228.20  
  4684  421.56198543  28269089.00  
  4695  422.63001357  28268911.50  
  4707  423.70491243  28268597.40  
  4710  423.96933543  28268545.70  
  4723  425.12380529  28268330.10  
  4726  425.39282214  28268217.20  
  4729  425.65536014  28268164.60  
  4731  425.83135829  28268136.00  
  4755  427.97256129  28267639.10  
  4771  429.40037414  28267347.70  
  4777  429.93674086  28266991.50  
  4779  430.11509486  28267182.90  
  4790  431.17752343  28266905.10  
  4802  432.23921200  28266555.10  
  4818  433.66204314  28266263.00  
  4824  434.19891771  28266240.90  
  4838  435.44615386  28265946.10  
  4848  436.34332257  28294538.40  
  4850  436.51569657  28265728.60  
  4885  439.73023386  28265020.30  
  4895  440.62021314  28294340.30  
  4897  440.79483357  28264791.40  
  4913  442.22255786  28264481.50  
  4916  442.49255643  28264415.80  
  4919  442.76256243  28264361.50  
  4925  443.29413857  28264272.20  
  4933  444.00862871  28264090.70  
  4943  444.90043671  28294125.80  
  4945  445.07418400  28263861.50  
  4961  446.49752614  28263551.10  
  4972  447.56062271  28263311.60  
  4980  448.27366371  28263176.20  
  4990  449.17327843  28293886.10  
  4992  449.34762814  28262942.30  
  5008  450.76592071  28262637.40  
  5011  451.03073500  28262587.40  
  5014  451.29905500  28262526.90  
  5020  451.83819671  28262386.00  
  5028  452.55169729  28262256.90  
  5038  453.44137871  28293665.30  
  5061  455.57271386  28261628.80  
  5067  456.10865671  28261523.40  
  5075  456.82127129  28261366.40  
  5103  459.31981071  28260857.70  
  5106  459.58841929  28260797.30  
  5109  459.85843300  28260749.10  
  5115  460.39253700  28260621.20  
  5133  462.00261114  28293186.20  
  5151  463.59755357  28259988.20  
  5154  463.86755229  28259937.40  
  5157  464.13756143  28259890.30  
  5170  465.38250586  28259651.90  
  5180  466.27963057  28292971.30  
  5188  466.98542143  28259318.90  
  5198  467.87560743  28259146.60  
  5201  468.14012700  28259087.40  
  5204  468.40896200  28259040.10  
  5210  468.94081043  28258946.70  
  5218  469.65693857  28258792.10  
  5228  470.55278200  28292704.30  
  5236  471.25850600  28258490.40  
  5246  472.15270486  28258305.50  
  5249  472.42103143  28258566.60  
  5252  472.68627829  28258119.40  
  5258  473.22265657  28258117.60  
  5260  473.40639957  28292360.30  
  5283  475.53882271  28257679.90  
  5293  476.43193257  28257505.60  
  5296  476.69893257  28257450.90  
  5299  476.96374700  28257405.80  
  5305  477.50282371  28257310.10  
  5313  478.21243457  28257059.00  
  5319  478.74640843  28257066.10  
  5331  479.81707086  28256886.20  
  5341  480.70275843  28256715.50  
  5344  480.97064171  28256663.00  
  5347  481.24063086  28256624.30  
  5353  481.77473171  28256543.70  
  5378  484.08950357  28256096.10  
  5388  484.97664557  28255937.40  
  5391  485.24548943  28255892.60  
  5394  485.51489143  28255812.90  
  5400  486.04837600  28255742.80  
  5408  486.76043071  28255626.50  
  5414  487.29872100  28255537.50  
  5436  489.25886343  28255206.70  
  5442  489.79426900  28255109.00  
  5448  490.32572900  28254987.20  
  5461  491.56986171  28254803.40  
  5483  493.52904486  28254476.70  
  5489  494.06399314  28254379.90  
  5497  494.78195943  28291244.20  
  5503  495.31486643  28254175.70  
  5509  495.85351586  28254075.40  
  5531  497.83352929  28253768.00  
  5537  498.37352271  28253680.00  
  5545  499.09752886  28290923.40  
  5551  499.63352429  28253487.20  
  5557  500.17356914  28253415.30  
  5569  501.25355643  28253232.50  
  5579  502.15357986  28253081.50  
  5585  502.69358086  28253003.20  
  5599  503.95357857  28252808.80  
  5605  504.49364257  28252721.00  
  5617  505.57360600  28252548.80  
  5627  506.47363057  28252428.10  
  5633  507.01362486  28252348.20  
  5641  507.73809171  28290358.40  
  5647  508.27362471  28252151.70  
  5653  508.81364757  28252074.10  
  5665  509.89364129  28251911.10  
  5675  510.78877457  28251777.70  
  5681  511.32594600  28251707.50  
  5689  512.04981971  28290049.30  
  5695  512.58534629  28251517.70  
  5701  513.12272171  28251378.40  
  5713  514.18982657  28251297.60  
  5742  516.86131257  28250910.90  
  5748  517.39846571  28250837.00  
  5760  518.46927571  28250692.50  
  5776  519.90252143  28250504.40  
  5784  520.62195514  28289431.10  
  5790  521.15434086  28250312.40  
  5796  521.68537271  28250242.50  
  5808  522.75361671  28249944.60  
  5824  524.18745071  28249936.10  
  5832  524.90217371  28289122.50  
  5838  525.43234943  28249762.00  
  5844  525.96710114  28249681.70  
  5856  527.04512029  28249544.40  
  5885  529.72583286  28249193.70  
  5891  530.26334200  28249147.40  
  5903  531.33414614  28249002.40  
  5919  532.75718214  28248835.80  
  5927  533.47592471  28288473.20  
  5933  534.00726943  28248656.30  
  5939  534.54004043  28248609.30  
  5951  535.61265671  28248481.00  
  5967  537.04702829  28248317.10  
  5987  538.83244314  28248036.20  
  6014  541.33370229  28247817.40  
  6026  542.40233971  28247698.30  
  6034  543.11555743  28247615.00  
  6046  544.18801800  28247493.60  
  6074  546.68732714  28247234.30  
  6082  547.39060771  28247145.70  
  6121  550.94573600  28246762.70  
  6129  551.66143171  28246682.00  
  6141  552.73388643  28246589.20  
  6169  555.23180043  28246316.20  
  6189  557.01402200  28246150.20  
  6216  559.50924500  28245917.60  
  6236  561.29729143  28245732.90  
  6264  563.79790514  28245505.30  
  6272  564.51534457  28245429.60  
  6284  565.58897171  28245330.60  
  6312  568.08854086  28245110.90  
  6359  572.37983643  28244727.40  
  6379  574.17987371  28244576.20  
  6407  576.68399857  28244375.00  
  6427  578.46566357  28244227.00  
  6428  578.55927429  28305649.10  
  6455  580.96492000  28244028.00  
  6502  585.24168743  28243696.80  
  6538  588.46063700  28243425.30  
  6550  589.52562414  28243369.40  
  6570  591.30957014  28243224.20  
  6597  593.80669729  28243067.00  
  6645  598.08259057  28242765.60  
  6666  599.94879300  28305427.80  
  6692  602.35565314  28242485.30  
  6740  606.62695229  28242211.60  
  6761  608.50379100  28305322.90  
  6787  610.89483014  28241955.70  
  6835  615.17218557  28241698.10  
  6882  619.44253443  28241454.90  
  6905  621.48571614  28241340.20  
  6930  623.70868286  28241219.60  
  6952  625.75505343  28241120.30  
  6977  627.98559186  28241152.40  
  6998  629.86015857  28305043.60  
  7000  630.03601714  28240911.30  
  7002  630.21373986  28279460.60  
  7025  632.25746786  28240787.50  
  7045  634.13222614  28304958.20  
  7047  634.30840900  28240684.30  
  7049  634.48826657  28279063.40  
  7072  636.53907757  28240576.90  
  7095  638.58975614  28240471.50  
  7097  638.76842143  28278580.00  
  7120  640.81490657  28240378.50  
  7140  642.68094429  28304815.10  
  7142  642.85924943  28240530.50  
  7144  643.03576357  28278120.10  
  7167  645.07934771  28240188.70  
  7190  647.13894514  28240099.80  
  7192  647.31948443  28277639.60  
  7215  649.38897143  28240001.30  
  7238  651.44325029  28239934.70  
  7240  651.62372314  28277177.20  
  7263  653.67198300  28239833.00  
  7285  655.72280043  28239737.10  
  7310  657.94190171  28239670.90  
  7333  659.99244543  28239579.20  
  7378  664.08534529  28304425.50  
  7380  664.26355757  28239410.30  
  7382  664.43966129  28275676.50  
  7404  666.40939914  28304376.60  
  7426  668.37166000  28304340.70  
  7428  668.55111200  28239265.40  
  7430  668.72625557  28275114.00  
  7452  670.68962629  28304281.60  
  7453  670.77933971  28239163.20  
  7473  672.64338200  28304233.40  
  7475  672.82300400  28239103.40  
  7477  672.99779614  28274769.60  
  7499  674.96246214  28304191.00  
  7521  676.92188257  28304127.10  
  7523  677.10101871  28238968.40  
  7547  679.23934157  28304081.40  
  7568  681.20134157  28304039.60  
  7570  681.38155000  28238853.50  
  7594  683.52252657  28303971.60  
  7616  685.47912171  28303934.30  
  7618  685.65510286  28238697.00  
  7642  687.79096529  28303879.40  
  7663  689.74981829  28303797.70  
  7665  689.92905757  28238574.90  
  7689  692.06152329  28303760.50  
  7690  692.15233943  28238516.80  
  7711  694.02227971  28303698.20  
  7713  694.20160200  28238454.40  
  7738  696.43077700  28238397.00  
  7760  698.48210486  28238342.00  
  7806  702.57320529  28303386.90  
  7808  702.75239743  28238222.40  
  7853  706.85059471  28303323.40  
  7855  707.03174329  28238111.70  
  7903  711.30847757  28237949.40  
  7949  715.41829457  28303006.60  
  7951  715.59707429  28237917.70  
  7998  719.86986286  28237810.90  
  8093  728.43762000  28237650.60  
  8141  732.70846771  28237550.40  
  8214  739.30147443  28267108.40  
  8283  745.54022029  28237314.40  
  8309  747.85902829  28265848.90  
  8404  756.41930829  28265172.80  
  8426  758.39069014  28237100.80  
  8452  760.70429471  28264642.60  
  8460  761.41567257  28300993.60  
  8473  762.57556800  28264477.70  
  8474  762.66703257  28237022.10  
  8499  764.98507743  28264230.30  
  8507  765.69310829  28300731.50  
  8520  766.85773171  28264016.60  
  8521  766.94726714  28236970.40  
  8533  768.01766514  28300578.00  
  8547  769.26859843  28263753.50  
  8555  769.97923614  28300475.30  
  8568  771.13229371  28263560.70  
  8569  771.22345143  28236915.00  
  8581  772.29590414  28300301.30  
  8602  774.26147029  28300199.10  
  8615  775.42199543  28263046.00  
  8616  775.51485157  28236844.00  
  8650  778.54262400  28299930.50  
  8663  779.70216871  28262622.20  
  8664  779.79491900  28236828.80  
  8710  783.97771686  28262169.30  
  8726  785.39969214  28299444.60  
  8745  787.09704014  28299315.30  
  8758  788.26079786  28261704.20  
  8771  789.42003129  28299152.90  
  8774  789.68698443  28299169.80  
  8793  791.38227157  28299008.30  
  8840  795.64977557  28298670.70  
  8853  796.81745386  28260820.50  
  8888  799.92370800  28298335.60  
  8935  804.20098243  28297963.70  
  8948  805.36083243  28259961.10  
  8961  806.51870986  28297749.90  
  8983  808.47702400  28297570.60  
  9008  810.79077029  28297365.80  
  9011  811.06089186  28297339.50  
  9030  812.75227186  28297166.70  
  9043  813.91583043  28259100.40  
  9073  816.59496343  28258861.10  
  9078  817.03714443  28296743.60  
  9091  818.19356486  28258696.10  
  9120  820.86410029  28258438.40  
  9125  821.30764171  28296302.80  
  9138  822.46927329  28258300.00  
  9168  825.14618971  28258036.00  
  9173  825.58800314  28295849.00  
  9202  828.18220214  28295593.70  
  9215  829.42750843  28257625.60  
  9220  829.87171929  28295372.80  
  9233  831.03488114  28257484.40  
  9249  832.45457929  28295069.30  
  9263  833.70609486  28257222.40  
  9268  834.15280157  28294874.00  
  9281  835.31645557  28257107.90  
  9297  836.73919214  28294552.40  
  9315  838.42885786  28294335.40  
  9344  841.01813000  28294015.10  
  9363  842.70930300  28293801.90  
  9392  845.29145400  28293451.30  
  9406  846.54230971  28256078.90  
  9410  846.96999700  28293220.60  
  9429  848.67287143  28292988.50  
  9439  849.57240029  28292884.80  
  9453  850.83600886  28255717.30  
  9458  851.28236229  28292637.50  
  9477  852.96329200  28292389.50  
  9484  853.58313543  28292586.70  
  9487  853.84763829  28292265.80  
  9500  855.07585714  28255354.40  
  9505  855.52205643  28292018.10  
  9524  857.18576014  28291765.50  
  9534  858.06198200  28291632.10  
  9547  859.28932186  28255007.10  
  9552  859.72794857  28291368.10  
  9570  861.38033857  28291116.20  
  9580  862.26052371  28290951.80  
  9599  863.92792929  28290700.20  
  9617  865.61002257  28290434.80  
  9627  866.49635243  28289948.30  
  9646  868.16873471  28289999.60  
  9664  869.84030057  28289721.60  
  9674  870.72685171  28289567.30  
  9693  872.41975343  28289268.20  
  9700  873.04976086  28289154.10  
  9712  874.12973957  28288980.40  
  9714  874.30975486  28288943.20  
  9722  875.02971100  28288820.70  
  9741  876.73971200  28288515.00  
  9748  877.36710129  28288395.20  
  9760  878.43728100  28288209.40  
  9762  878.61495129  28288175.60  
  9770  879.32315729  28288055.30  
  9774  879.68234714  28288004.20  
  9789  881.01820200  28287725.70  
  9796  881.64246129  28287627.00  
  9817  883.60930429  28287257.90  
  9821  883.96830871  28287162.80  
  9836  885.30222643  28286956.10  
  9843  885.92134214  28286784.50  
  9847  886.28030943  28286728.90  
  9855  886.98805843  28286601.90  
  9857  887.16572357  28286566.40  
  9865  887.88253514  28286426.70  
  9869  888.23955929  28286345.00  
  9891  890.20170657  28285966.60  
  9895  890.56163557  28285903.90  
  9903  891.27421086  28285758.80  
  9938  894.48277014  28285092.50  
  9941  894.74828300  28285045.10  
  9942  894.83796971  28285040.90  
  9950  895.54472629  28284869.40  
  9952  895.72474057  28284838.60  
  9960  896.43717071  28284690.90  
  9979  898.12587543  28284340.20  
 10007  900.70989214  28283558.30  
 10026  902.40117943  28283421.60  
 10045  904.09439186  28283042.00  
 10047  904.27067929  28282993.60  
 10055  904.98349143  28282851.50  
 10074  906.68063271  28282448.10  
 10093  908.37567386  28282084.80  
 10095  908.55201400  28282055.60  
 10140  912.66388657  28281094.60  
 10142  912.84116071  28281071.40  
 10150  913.55581814  28280910.80  
 10154  913.91131114  28280834.30  
 10188  916.94369629  28280090.40  
 10190  917.11936771  28280072.90  
 10198  917.83519500  28279904.40  
 10202  918.19040971  28279825.60  
 10227  920.50692914  28279270.70  
 10237  921.39641043  28279051.40  
 10243  921.93148014  28278905.30  
 10245  922.11100086  28278884.30  
 10249  922.46707629  28278789.40  
 10257  923.18480057  28278614.40  
 10272  924.52180814  28278035.50  
 10275  924.78520400  28278203.40  
 10283  925.50458771  28278013.40  
 10285  925.68214157  28278012.30  
 10291  926.21494457  28277885.80  
 10293  926.39432543  28277836.20  
 10297  926.75149457  28277743.00  
 10305  927.46406314  28277559.20  
 10320  928.80198257  28277239.30  
 10338  930.49893814  28276820.50  
 10340  930.67619514  28276777.00  
 10344  931.03561871  28276692.80  
 10352  931.74426843  28276510.90  
 10367  933.08553529  28276173.30  
 10378  934.06684371  28275926.30  
 10380  934.24368400  28275879.40  
 10386  934.77954057  28275761.40  
 10388  934.95952971  28275706.90  
 10392  935.31952829  28275618.90  
 10415  937.37163343  28275104.00  
 10426  938.35220586  28274844.80  
 10428  938.53096214  28274795.60  
 10434  939.06806029  28274655.70  
 10436  939.24593571  28274615.10  
 10440  939.60315757  28274521.60  
 10462  941.65577043  28273997.60  
 10465  941.92578671  28273929.00  
 10473  942.63885429  28273754.90  
 10475  942.81882271  28273701.00  
 10481  943.35030643  28273564.50  
 10487  943.88415129  28273429.80  
 10510  945.93947029  28272905.30  
 10513  946.20606414  28272819.80  
 10521  946.91507900  28272667.10  
 10523  947.09485929  28272601.60  
 10529  947.62990286  28272460.80  
 10531  947.80875500  28272418.80  
 10535  948.16296757  28272317.70  
 10543  948.87620186  28272086.20  
 10557  950.20820900  28271791.90  
 10560  950.47635543  28271738.30  
 10568  951.18961443  28271524.90  
 10570  951.36958814  28271494.80  
 10576  951.90617171  28271361.20  
 10578  952.08479200  28271303.80  
 10582  952.44251329  28271215.70  
 10590  953.15165671  28271032.50  
 10602  954.22091871  28270750.10  
 10605  954.48870629  28270689.00  
 10608  954.75785114  28270609.10  
 10618  955.65271829  28270408.10  
 10624  956.18644214  28270249.70  
 10626  956.36455186  28270202.50  
 10630  956.72300671  28270105.60  
 10638  957.43878457  28269980.20  
 10650  958.51257529  28269657.90  
 10653  958.77892257  28269573.70  
 10656  959.04322786  28269520.40  
 10673  960.65235400  28269088.30  
 10677  961.00628500  28268996.50  
 10685  961.71732586  28268810.00  
 10697  962.79081814  28268548.60  
 10700  963.05579786  28268458.30  
 10713  964.21473543  28268175.90  
 10719  964.75072271  28268037.40  
 10721  964.92678814  28268017.20  
 10725  965.28350743  28267898.30  
 10745  967.07306357  28267455.00  
 10748  967.34181100  28267386.10  
 10751  967.61203771  28267295.30  
 10761  968.50456429  28267076.40  
 10767  969.03860857  28266942.50  
 10769  969.21688743  28267050.90  
 10773  969.57247971  28266806.50  
 10792  971.35219029  28266347.60  
 10798  971.88571171  28266217.00  
 10808  972.78006314  28265988.70  
 10814  973.31772114  28265854.70  
 10820  973.84949714  28265714.90  
 10828  974.56823700  28265543.90  
 10840  975.63737157  28265274.30  
 10846  976.16921943  28265036.30  
 10856  977.06480929  28264611.00  
 10862  977.59896957  28264784.80  
 10868  978.13627914  28264649.70  
 10876  978.85088729  28264483.00  
 10888  979.92423414  28264203.30  
 10903  981.35138529  28263860.20  
 10909  981.88474000  28263720.80  
 10911  982.06474443  28263684.80  
 10915  982.42394314  28263634.00  
 10923  983.13585000  28263420.80  
 10935  984.21148100  28262956.30  
 10941  984.74665186  28263044.10  
 10951  985.64380471  28262813.80  
 10957  986.17708429  28262678.60  
 10959  986.35710700  28262627.90  
 10963  986.71468900  28262548.00  
 10971  987.42556857  28262158.80  
 10983  988.49931557  28262128.10  
 10999  989.92585800  28261781.10  
 11005  990.45855086  28261660.10  
 11007  990.63720800  28261620.70  
 11011  990.99542971  28261527.80  
 11030  992.77795714  28260920.00  
 11046  994.20586614  28260785.10  
 11049  994.47604371  28260711.40  
 11052  994.74426057  28260653.50  
 11054  994.92422971  28260600.50  
 11058  995.28237700  28260540.50  
 11084  997.59794743  28260010.30  
 11094  998.48888400  28259798.60  
 11097  998.75620443  28259733.90  
 11100  999.02303386  28259673.60  
 11102  999.20188429  28259623.00  
 11106  999.55902943  28259557.50  
 11116  1000.45206057  28259322.10  
 11147  1003.30976800  28258716.70  
 11153  1003.84431100  28258604.40  
 11159  1004.38236857  28258512.60  
 11161  1004.55914614  28258448.50  
 11163  1004.73800614  28258418.70  
 11167  1005.09621757  28258356.40  
 11179  1006.16337271  28258101.80  
 11189  1007.05353971  28257904.00  
 11192  1007.32050143  28257852.00  
 11195  1007.58620929  28257786.60  
 11201  1008.12521086  28257672.50  
 11209  1008.83893986  28257522.30  
 11211  1009.01792171  28257468.80  
 11215  1009.37626029  28257413.10  
 11227  1010.44361243  28257178.00  
 11234  1011.06774629  28257054.30  
 11237  1011.33391900  28257014.10  
 11240  1011.60275443  28256926.50  
 11243  1011.87196357  28256883.70  
 11249  1012.41196357  28256751.60  
 11274  1014.73414900  28256296.80  
 11281  1015.35517414  28256177.00  
 11284  1015.62177886  28256122.50  
 11287  1015.88993843  28256035.60  
 11290  1016.15991271  28255999.70  
 11296  1016.69359429  28255896.10  
 11304  1017.40526086  28255755.60  
 11310  1017.93716157  28255655.50  
 11322  1019.00986843  28255420.30  
 11329  1019.63419843  28255292.60  
 11332  1019.90069386  28255253.20  
 11335  1020.17069700  28255212.00  
 11338  1020.43738400  28255151.50  
 11344  1020.97175900  28255028.60  
 11352  1021.68754200  28254899.90  
 11376  1023.90860314  28254481.60  
 11379  1024.17864457  28254436.40  
 11382  1024.44850314  28254377.90  
 11385  1024.71653729  28254324.60  
 11387  1024.89591500  28254285.50  
 11397  1025.78959300  28254228.90  
 11399  1025.96692829  28254094.40  
 11405  1026.50132814  28254001.30  
 11427  1028.46130086  28253624.80  
 11430  1028.72646214  28253570.00  
 11433  1028.99408671  28253557.70  
 11445  1030.06250786  28253331.10  
 11447  1030.24251743  28253291.90  
 11453  1030.77695329  28253443.00  
 11480  1033.27901286  28252763.20  
 11482  1033.45718600  28252719.20  
 11492  1034.34838871  28252567.10  
 11494  1034.52387457  28252516.20  
 11500  1035.06209743  28252445.40  
 11512  1036.13335243  28252266.70  
 11528  1037.56299429  28252025.10  
 11531  1037.83297043  28251970.60  
 11540  1038.63333386  28251840.10  
 11548  1039.34688329  28251718.90  
 11560  1040.41863900  28251545.20  
 11576  1041.84485457  28251309.70  
 11579  1042.11311614  28251279.00  
 11595  1043.62721600  28251017.50  
 11607  1044.69874557  28250854.70  
 11623  1046.12372571  28250626.10  
 11626  1046.39212500  28250582.80  
 11643  1047.90958300  28250342.70  
 11655  1048.97995329  28250180.40  
 11662  1049.60101329  28250095.10  
 11671  1050.39939714  28249962.10  
 11674  1050.66722157  28249924.30  
 11702  1053.25825057  28249540.30  
 11718  1054.68731900  28249333.30  
 11721  1054.95389300  28249293.10  
 11738  1056.47493114  28249076.70  
 11750  1057.54128414  28248919.40  
 11766  1058.96600143  28248713.00  
 11769  1059.23365857  28248700.10  
 11778  1060.03270114  28248580.20  
 11786  1060.74854700  28248481.10  
 11804  1062.43818571  28248255.30  
 11813  1063.24085557  28248136.10  
 11816  1063.50728586  28248112.20  
 11825  1064.30932871  28247985.70  
 11833  1065.02531557  28247904.80  
 11845  1066.09766643  28247764.90  
 11861  1067.52682371  28247567.40  
 11864  1067.79201043  28247553.50  
 11873  1068.59418171  28247452.80  
 11881  1069.30565729  28247358.00  
 11893  1070.37771800  28247226.50  
 11911  1072.06689600  28247025.50  
 11920  1072.87081529  28246900.90  
 11928  1073.58023814  28246837.70  
 11940  1074.64958971  28246704.60  
 11959  1076.34545514  28246488.30  
 11968  1077.14610614  28246409.60  
 11976  1077.85523986  28246323.00  
 11988  1078.92907186  28246195.00  
 12015  1081.42834000  28245928.10  
 12023  1082.13733614  28245853.00  
 12035  1083.20926971  28245723.60  
 12051  1084.63313057  28245563.60  
 12054  1084.90315429  28245555.90  
 12063  1085.70904929  28245460.00  
 12071  1086.42548829  28245388.00  
 12083  1087.49088314  28245284.80  
 12099  1088.91907729  28245125.30  
 12102  1089.18715786  28245071.20  
 12111  1089.99202629  28245016.40  
 12146  1093.20508443  28244698.30  
 12149  1093.47378371  28244661.40  
 12158  1094.27909257  28244588.90  
 12166  1094.99299843  28244521.10  
 12181  1096.33144843  28244386.50  
 12194  1097.49255900  28244287.50  
 12197  1097.75834143  28244265.50  
 12206  1098.56294371  28244185.80  
 12214  1099.26990429  28244116.40  
 12241  1101.76831486  28243881.80  
 12253  1102.83748671  28243786.10  
 12261  1103.54791229  28243729.90  
 12276  1104.88668386  28243620.30  
 12289  1106.04202071  28243527.00  
 12301  1107.11050000  28243427.70  
 12309  1107.82382071  28243372.20  
 12324  1109.16281157  28243247.20  
 12348  1111.39788043  28243066.50  
 12356  1112.11168686  28243001.70  
 12371  1113.45054686  28242906.80  
 12396  1115.68494686  28242721.00  
 12404  1116.40181743  28242682.30  
 12419  1117.73767671  28242566.20  
 12444  1119.96624086  28242425.70  
 12452  1120.68200800  28242343.00  
 12479  1123.18183900  28242194.40  
 12491  1124.24746429  28242092.90  
 12499  1124.95699543  28242050.50  
 12514  1126.29648186  28241947.20  
 12539  1128.52577857  28241798.20  
 12544  1128.97581829  28241761.50  
 12547  1129.24585886  28241750.50  
 12562  1130.59581729  28241663.30  
 12587  1132.84585529  28241514.60  
 12592  1133.29625314  28241472.90  
 12595  1133.56593871  28241463.50  
 12610  1134.91589714  28241375.60  
 12635  1137.16594571  28241238.60  
 12642  1137.79869757  28282826.60  
 12658  1139.23597129  28241111.50  
 12683  1141.48098071  28240980.60  
 12688  1141.92917429  28240949.70  
 12691  1142.19721329  28240931.50  
 12730  1145.76666629  28240736.20  
 12737  1146.39243771  28282053.50   
 12753  1147.82085971  28240617.10  
 12778  1150.04863543  28240489.50  
 12785  1150.67449386  28281668.10  
 12801  1152.09895900  28240383.50  
 12825  1154.32990814  28240288.80  
 12832  1154.95646957  28281272.40  
 12848  1156.37903029  28240163.60  
 12873  1158.60069086  28240060.00  
 12880  1159.22981686  28280877.10  
 12896  1160.65478486  28239949.30  
 12943  1164.94516614  28239746.50  
 12975  1167.81347800  28280056.40  
 12991  1169.23157457  28239550.80  
 13039  1173.51867957  28239365.10  
 13086  1177.81193186  28239182.80  
 13134  1182.09221757  28239014.20  
 13181  1186.37280129  28238847.10  
