     3  0.32911529  28288540.60  
    14  1.31888743  28288381.50  
    25  2.30883143  28288216.20  
    29  2.66882457  28288155.30  
    43  3.92882214  28287936.40  
    45  4.10904457  28287917.50  
    62  5.63909229  28287667.90  
    73  6.62877843  28287498.70  
    77  6.98877429  28287435.40  
    91  8.24877586  28287216.40  
   118  10.67913300  28286770.50  
   121  10.94873471  28286755.50  
   125  11.30873571  28286688.50  
   139  12.56876686  28286494.30  
   155  14.00872286  28286227.90  
   158  14.27872557  28286172.30  
   169  15.26869714  28285984.80  
   173  15.62868843  28285925.80  
   187  16.88872414  28285700.40  
   203  18.32899229  28285439.70  
   206  18.59883143  28285368.20  
   217  19.58866757  28285206.60  
   221  19.94866471  28285147.80  
   235  21.20869686  28284902.10  
   237  21.38866229  28284877.20  
   251  22.64914257  28284626.50  
   265  23.90861100  28284399.40  
   269  24.26861843  28284331.80  
   283  25.52868729  28284090.40  
   285  25.70862929  28284045.20  
   299  26.96862000  28283798.70  
   313  28.22858357  28283558.90  
   317  28.58859157  28283506.90  
   331  29.84861100  28283254.30  
   347  31.28875843  28282972.50  
   361  32.54854700  28282709.30  
   365  32.90857143  28282643.20  
   376  33.89854871  28282439.30  
   379  34.16854829  28282394.00  
   381  34.34855400  28282366.20  
   395  35.60855643  28282095.70  
   403  36.32901029  28281968.40  
   409  36.86851357  28281832.90  
   424  38.21853300  28281557.90  
   427  38.48850743  28281504.40  
   443  39.92868357  28281195.90  
   457  41.18849357  28280935.70  
   461  41.54895200  28280887.10  
   472  42.53848786  28280657.30  
   475  42.80848229  28280605.00  
   491  44.24850486  28280282.80  
   505  45.50846543  28280025.20  
   509  45.86876086  28279963.50  
   520  46.85847186  28279741.10  
   523  47.12845629  28279677.00  
   539  48.56845986  28279372.90  
   550  49.55914357  28279128.60  
   553  49.82844557  28279097.70  
   557  50.18846871  28279012.70  
   568  51.17844914  28278798.60  
   571  51.44843143  28278744.20  
   587  52.88844900  28278422.40  
   601  54.14842229  28278148.80  
   605  54.50844414  28278080.30  
   616  55.49843086  28277845.70  
   619  55.76841443  28277793.60  
   621  55.94878471  28277756.50  
   635  57.20844743  28277465.20  
   649  58.46840543  28277188.20  
   653  58.82844471  28277107.10  
   664  59.81854829  28276878.40  
   667  60.08839757  28276827.40  
   683  61.52863986  28276497.80  
   697  62.78839243  28276214.20  
   701  63.14864871  28276134.10  
   715  64.40838129  28275845.10  
   745  67.10838000  28275233.60  
   763  68.72836657  28274855.40  
   790  71.15845771  28274289.90  
   793  71.42836757  28274232.80  
   811  73.04836929  28273856.50  
   841  75.74845886  28273226.60  
   853  76.82894171  28272965.00  
   859  77.36835671  28272858.00  
   875  78.80882300  28272500.80  
   886  79.79837243  28272286.80  
   889  80.06848229  28272230.30  
   907  81.68835657  28271843.20  
   923  83.12836414  28271496.70  
   934  84.11853500  28271267.40  
   941  84.74844100  28271156.10  
   955  86.00834943  28270832.90  
   971  87.44881914  28270491.30  
   982  88.43884300  28270286.60  
  1003  90.32834614  28269827.80  
  1019  91.76855671  28269485.30  
  1051  94.64835557  28268818.90  
  1067  96.08855271  28268480.20  
  1081  97.34897557  28268199.50  
  1099  98.96835429  28267813.20  
  1115  100.40850171  28267475.00  
  1123  101.12842171  28267331.60  
  1126  101.39839900  28267238.00  
  1129  101.66856943  28267216.70  
  1147  103.28837371  28266819.30  
  1171  105.44863243  28266332.60  
  1174  105.71838400  28266269.20  
  1195  107.60837714  28265828.00  
  1207  108.68840071  28265584.20  
  1219  109.76840443  28265344.50  
  1222  110.03840186  28265284.30  
  1225  110.30875829  28265210.50  
  1243  111.92840114  28264851.40  
  1255  113.00846257  28264602.20  
  1270  114.35841886  28264310.30  
  1291  116.24842671  28263891.10  
  1303  117.32847971  28263648.40  
  1318  118.67842729  28263346.70  
  1339  120.56843843  28262937.80  
  1351  121.64845743  28262719.10  
  1355  122.00846871  28262628.70  
  1366  122.99844414  28262413.70  
  1387  124.88844957  28261999.00  
  1399  125.96847586  28261763.60  
  1403  126.32849357  28261687.50  
  1414  127.31847000  28261480.40  
  1435  129.20848314  28261079.80  
  1447  130.28853429  28260866.90  
  1451  130.64865614  28260786.70  
  1459  131.36852971  28260649.90  
  1462  131.63850414  28260576.80  
  1477  132.98893043  28260298.20  
  1483  133.52857114  28260177.70  
  1495  134.60853314  28259958.20  
  1507  135.68880629  28259723.00  
  1510  135.95854314  28259684.60  
  1555  140.00886900  28258873.10  
  1558  140.27858614  28258821.40  
  1573  141.62863229  28258542.20  
  1603  144.32867000  28258002.00  
  1606  144.59859914  28257968.70  
  1621  145.94882129  28257700.40  
  1654  148.91868729  28257139.40  
  1669  150.26864114  28256889.00  
  1702  153.23868757  28256349.10  
  1717  154.58869714  28256084.20  
  1750  157.55869914  28255557.30  
  1765  158.90873129  28255316.10  
  1771  159.44874900  28255225.00  
  1795  161.60876171  28254853.70  
  1798  161.87874629  28254798.40  
  1813  163.22876914  28254567.80  
  1846  166.19880414  28254063.40  
  1861  167.54881857  28253841.80  
  1867  168.08888857  28253750.00  
  1888  169.97942200  28253451.00  
  1891  170.24884257  28253401.40  
  1894  170.51883857  28253358.40  
  1909  171.86885657  28253143.60  
  1915  172.40887957  28253044.10  
  1936  174.29889643  28252757.40  
  1939  174.56887571  28252706.40  
  1942  174.83888229  28252664.30  
  1957  176.18891657  28252468.70  
  1963  176.72893286  28252359.50  
  1984  178.61892643  28252090.90  
  1987  178.88892029  28252050.00  
  1990  179.15893457  28252013.00  
  2005  180.50896157  28251805.10  
  2032  182.93897929  28251436.10  
  2035  183.20897371  28251401.50  
  2038  183.47899229  28251360.40  
  2080  187.25904757  28250824.30  
  2083  187.52903114  28250788.20  
  2086  187.79904771  28250729.90  
  2128  191.57909371  28250237.80  
  2131  191.84908414  28250183.70  
  2134  192.11938100  28250154.00  
  2161  194.54917600  28249835.40  
  2176  195.89914529  28249646.70  
  2179  196.16913814  28249617.10  
  2182  196.43932143  28249564.30  
  2209  198.86918729  28249276.00  
  2224  200.21918457  28249091.00  
  2227  200.48919343  28249060.80  
  2230  200.75925043  28249014.10  
  2257  203.18926300  28248726.60  
  2272  204.53925729  28248569.60  
  2275  204.80925629  28248533.70  
  2305  207.50935971  28248198.60  
  2320  208.85932814  28248050.70  
  2323  209.12931814  28248011.10  
  2353  211.82936429  28247699.60  
  2368  213.17836171  28247506.00  
  2371  213.44939757  28247528.70  
  2401  216.14942943  28247229.40  
  2416  217.49945814  28247094.10  
  2419  217.76944743  28247070.40  
  2449  220.46947857  28246762.90  
  2464  221.81950057  28246622.90  
  2467  222.08952300  28246599.60  
  2497  224.78953843  28246323.80  
  2512  226.13965929  28246182.80  
  2515  226.40970929  28246150.40  
  2545  229.10961529  28245896.60  
  2560  230.45995000  28245762.30  
  2563  230.72973443  28245729.20  
  2593  233.42967629  28245487.50  
  2608  234.77993186  28245364.30  
  2641  237.74976929  28245103.50  
  2689  242.06981471  28244724.80  
  2704  243.41999243  28244609.50  
  2737  246.38988400  28244356.90  
  2785  250.70995929  28244021.40  
  2788  250.97998171  28243999.20  
  2833  255.03002600  28243682.20  
  2836  255.30013471  28243662.80  
  2881  259.35009814  28243370.90  
  2884  259.62010886  28243348.70  
  2929  263.67016829  28243065.80  
  2932  263.94018186  28243041.30  
  2977  267.99024129  28242767.10  
  2980  268.26026071  28242764.80  
  3025  272.31032457  28242484.40  
  3028  272.58040600  28242479.10  
  3073  276.63042843  28242214.00  
  3076  276.90041471  28242203.60  
  3121  280.95047900  28241963.20  
  3124  281.22048000  28241951.60  
  3136  282.30124743  28241901.80  
  3217  289.59065014  28241476.00  
  3220  289.86062957  28241470.30  
  3265  293.91073286  28241255.80  
  3268  294.18070943  28241243.40  
  3313  298.23120471  28241034.90  
  3316  298.50094000  28241017.80  
  3361  302.55092971  28240833.80  
  3364  302.82087414  28240816.10  
  3412  307.14098014  28240611.10  
  3457  311.19165529  28240430.80  
  3460  311.46103729  28240426.70  
  3508  315.78111657  28240228.00  
  3515  316.40804557  28258080.30  
  3556  320.10119314  28240054.30  
  3563  320.72810186  28257101.30  
  3600  324.06315400  28302895.90  
  3604  324.42127543  28239889.40  
  3611  325.04820629  28256178.40  
  3652  328.74137586  28239715.80  
  3700  333.06156814  28239568.70  
  3724  335.21820700  28254066.30  
  3748  337.38152129  28239422.40  
  3772  339.53827571  28253256.20  
  3792  341.34284214  28302463.00  
  3796  341.70161871  28239270.60  
  3820  343.85831543  28252426.10  
  3844  346.02172300  28239133.30  
  3849  346.46883414  28251960.80  
  3868  348.17837071  28251654.70  
  3892  350.34179871  28238998.70  
  3916  352.49866271  28250944.30  
  3936  354.30305829  28302094.20  
  3940  354.66217943  28238874.30  
  3964  356.81846643  28250210.30  
  3987  358.89271100  28301924.80  
  4012  361.13853214  28249531.90  
  4032  362.94256200  28301805.60  
  4036  363.30210143  28238625.30  
  4060  365.45868743  28248892.40  
  4080  367.26222529  28301679.50  
  4104  369.41867329  28248312.30  
  4108  369.77864471  28248266.50  
  4132  371.94221786  28238420.30  
  4152  373.73870871  28247711.90  
  4180  376.26230414  28238315.10  
  4200  378.05876586  28247145.30  
  4227  380.49196443  28301229.30  
  4248  382.37884543  28246590.50  
  4272  384.54193971  28301063.40  
  4275  384.81201400  28301005.20  
  4276  384.90249586  28238103.00  
  4296  386.69890486  28246084.70  
  4323  389.13179600  28300871.60  
  4344  391.01895771  28245586.40  
  4371  393.45190629  28300690.70  
  4392  395.33924771  28245116.60  
  4563  410.73146729  28299881.10  
  4611  415.05132086  28299691.80  
  4639  417.56939629  28243011.60  
  4659  419.37125086  28299463.50  
  4707  423.69116343  28299228.40  
  4755  428.01109714  28298985.30  
  4777  429.99146300  28298863.10  
  4803  432.33101800  28298732.50  
  4825  434.31100671  28298605.60  
  4845  436.11131414  28298525.50  
  4851  436.65094143  28298479.10  
  4899  440.97087371  28298212.60  
  4947  445.29140314  28297950.20  
  4989  449.07100043  28297697.20  
  4995  449.61075529  28297643.30  
  5037  453.39068229  28297388.00  
  5043  453.93074129  28297361.10  
  5091  458.25059400  28297037.00  
  5139  462.57054400  28296740.50  
  5187  466.89063757  28296393.30  
  5229  470.67039943  28296081.10  
  5235  471.21039871  28296044.90  
  5283  475.53037171  28295685.70  
  5325  479.31026043  28295362.70  
  5373  483.63029043  28294986.50  
  5421  487.95012529  28294577.90  
  5427  488.49046257  28294518.50  
  5438  489.48078329  28294460.20  
  5469  492.27006700  28294171.00  
  5517  496.59000800  28293748.60  
  5565  500.90994786  28293310.50  
  5582  502.44028814  28293147.50  
  5613  505.22987786  28292847.70  
  5630  506.75990100  28292669.80  
  5641  507.74987443  28292564.20  
  5645  508.10984600  28292527.50  
  5661  509.54981757  28292374.10  
  5678  511.07983457  28292193.70  
  5684  511.61990143  28292155.50  
  5689  512.06984443  28292097.90  
  5693  512.42978771  28292055.60  
  5726  515.39991343  28291706.40  
  5737  516.38977814  28291593.40  
  5741  516.74974329  28291551.90  
  5755  518.00974300  28291391.10  
  5757  518.18971314  28291378.00  
  5774  519.71997114  28291188.30  
  5789  521.06968129  28291037.00  
  5805  522.50965757  28290866.50  
  5828  524.57989014  28290586.60  
  5837  525.38962386  28290510.50  
  5853  526.82960771  28290318.60  
  5870  528.35964157  28290136.10  
  5876  528.90002300  28290061.70  
  5885  529.70956943  28289958.10  
  5899  530.96965500  28289791.50  
  5901  531.14956457  28289769.40  
  5918  532.67957329  28289565.20  
  5933  534.02952129  28289387.40  
  5947  535.28953357  28289214.20  
  5949  535.46951586  28289199.50  
  5981  538.34947071  28288799.00  
  5995  539.60948271  28288628.20  
  5997  539.78948143  28288608.40  
  6014  541.32037586  28288390.50  
  6029  542.66942843  28288202.80  
  6043  543.92942557  28288024.20  
  6045  544.11021800  28288018.00  
  6077  546.98937829  28287584.00  
  6091  548.24941614  28287400.10  
  6121  550.94935814  28286996.80  
  6125  551.30933729  28286942.10  
  6139  552.56932571  28286756.80  
  6169  555.26930686  28286336.90  
  6173  555.62928829  28286285.60  
  6184  556.61928943  28286137.20  
  6187  556.88930400  28286090.40  
  6203  558.32989457  28285853.40  
  6217  559.58998743  28285668.30  
  6221  559.94925571  28285614.00  
  6232  560.93924457  28285450.60  
  6235  561.20925971  28285408.50  
  6265  563.90925843  28284994.90  
  6269  564.26922457  28284921.80  
  6280  565.25921529  28284756.50  
  6283  565.52921871  28284709.70  
  6313  568.22920157  28284282.90  
  6317  568.58918957  28284219.90  
  6328  569.57917114  28284052.20  
  6331  569.84917700  28284002.00  
  6361  572.54917086  28283546.30  
  6365  572.90915614  28283487.50  
  6376  573.89914186  28283318.10  
  6379  574.16915414  28283276.80  
  6409  576.86915614  28282818.70  
  6413  577.22912271  28282751.50  
  6424  578.21910086  28282576.30  
  6427  578.48911929  28282533.50  
  6457  581.18914557  28282055.00  
  6472  582.53906786  28281817.00  
  6475  582.80907800  28281769.70  
  6491  584.24908686  28281497.80  
  6505  585.50909571  28281277.50  
  6520  586.85905271  28281043.60  
  6523  587.12906171  28280987.70  
  6553  589.82906971  28280501.40  
  6568  591.17901143  28280246.30  
  6571  591.44902771  28280201.50  
  6586  592.79903157  28279951.30  
  6587  592.88905000  28279920.20  
  6601  594.14901700  28279698.40  
  6616  595.49898929  28279444.40  
  6619  595.76899886  28279396.00  
  6634  597.11899971  28279135.50  
  6635  597.20935643  28279129.60  
  6649  598.46899886  28278878.30  
  6653  598.82899729  28278819.70  
  6658  599.27900457  28278757.30  
  6664  599.81897314  28278629.80  
  6667  600.08897729  28278574.10  
  6682  601.43898271  28278317.50  
  6697  602.78899429  28278053.30  
  6701  603.14908514  28277974.40  
  6712  604.13895743  28277797.50  
  6715  604.40895929  28277744.40  
  6730  605.75895771  28277487.00  
  6745  607.10953271  28277213.00  
  6749  607.46919000  28277141.00  
  6760  608.45895600  28276966.90  
  6763  608.72896371  28276904.80  
  6778  610.07894657  28276654.50  
  6808  612.77902829  28276108.80  
  6811  613.04892500  28276059.60  
  6826  614.39892843  28275789.30  
  6841  615.74900800  28275504.10  
  6859  617.36890714  28275201.50  
  6874  618.71890786  28274933.60  
  6907  621.68891229  28274334.60  
  6922  623.03890000  28274065.20  
  6946  625.19922714  28273619.60  
  6955  626.00888871  28273467.80  
  6970  627.35889529  28273191.80  
  6994  629.51890971  28272742.90  
  7003  630.32888757  28272589.80  
  7015  631.40908557  28272388.10  
  7018  631.67888457  28272317.40  
  7030  632.75955171  28272104.10  
  7042  633.83888200  28271879.40  
  7045  634.10914671  28271822.50  
  7048  634.37890071  28271757.30  
  7051  634.64888886  28271709.90  
  7063  635.72957643  28271516.10  
  7066  635.99918857  28271439.90  
  7090  638.15888300  28271001.80  
  7096  638.69908900  28270889.50  
  7099  638.96888614  28270835.30  
  7111  640.04930486  28270608.60  
  7114  640.31888186  28270551.20  
  7138  642.47888457  28270113.10  
  7144  643.01891514  28270016.60  
  7147  643.28888243  28269957.30  
  7162  644.63963671  28269705.30  
  7186  646.79889386  28269249.70  
  7195  647.60888786  28269081.70  
  7234  651.11889314  28268371.40  
  7243  651.92888943  28268206.60  
  7255  653.00970771  28267976.30  
  7282  655.43890000  28267496.90  
  7291  656.24890429  28267344.50  
  7303  657.32911243  28267132.00  
  7330  659.75891586  28266640.80  
  7339  660.56892714  28266469.60  
  7351  661.64893329  28266248.90  
  7378  664.07894271  28265786.20  
  7381  664.34901686  28265718.40  
  7387  664.88892871  28265607.30  
  7399  665.96893014  28265402.40  
  7402  666.23931457  28265357.80  
  7414  667.31969514  28265138.30  
  7426  668.39894657  28264931.30  
  7429  668.66895300  28264868.60  
  7432  668.93937900  28264820.80  
  7435  669.20894286  28264776.50  
  7447  670.28895571  28264560.60  
  7474  672.71897214  28264094.90  
  7483  673.52896643  28263929.10  
  7495  674.60897100  28263721.70  
  7510  675.95899014  28263453.90  
  7525  677.30920843  28263203.20  
  7531  677.84898071  28263112.10  
  7543  678.92898100  28262896.60  
  7558  680.27898771  28262645.60  
  7579  682.16900143  28262281.30  
  7591  683.24900086  28262085.80  
  7595  683.60923786  28262015.30  
  7606  684.59902571  28261836.40  
  7627  686.48903500  28261480.30  
  7639  687.56903029  28261283.30  
  7654  688.91904771  28261038.80  
  7669  690.26942257  28260784.20  
  7675  690.80905843  28260688.60  
  7687  691.88904757  28260496.00  
  7699  692.96917700  28260295.50  
  7702  693.23908629  28260259.00  
  7717  694.58909643  28260017.10  
  7723  695.12942986  28259915.30  
  7735  696.20914014  28259714.80  
  7747  697.28944643  28259545.20  
  7750  697.55911443  28259480.50  
  7765  698.90913071  28259244.00  
  7783  700.52913529  28258974.30  
  7798  701.87914729  28258748.10  
  7813  703.22919457  28258514.60  
  7861  707.54931957  28257770.60  
  7909  711.86919414  28257071.90  
  7942  714.83930786  28256574.20  
  7957  716.18923929  28256374.10  
  7963  716.72940700  28256277.00  
  7990  719.15962400  28255899.60  
  8005  720.50936071  28255699.40  
  8038  723.47943229  28255222.90  
  8053  724.82931771  28255027.60  
  8059  725.36958514  28254922.70  
  8101  729.14936686  28254390.20  
  8107  729.68944457  28254321.50  
  8134  732.11990443  28253967.00  
  8149  733.46941100  28253769.50  
  8155  734.00943300  28253683.10  
  8179  736.16945943  28253386.60  
  8182  736.43946300  28253335.70  
  8197  737.78946429  28253157.60  
  8203  738.32947614  28253077.60  
  8227  740.48950586  28252780.40  
  8230  740.75958200  28252746.20  
  8245  742.10950414  28252563.30  
  8272  744.53982586  28252230.40  
  8275  744.80954014  28252202.30  
  8278  745.07976286  28252166.10  
  8293  746.42955714  28251996.60  
  8320  748.85960129  28251673.80  
  8323  749.12957871  28251642.80  
  8326  749.39960057  28251614.10  
  8341  750.74960943  28251441.90  
  8368  753.17964371  28251124.90  
  8371  753.44963100  28251104.10  
  8374  753.71964057  28251069.80   
  8389  755.06971200  28250898.30  
  8419  757.76968629  28250570.90  
  8467  762.08978257  28250072.10  
  8515  766.40982286  28249565.70  
  8563  770.72987543  28249095.20  
  8608  774.77993457  28248652.60  
  8611  775.04991543  28248640.60  
  8641  777.75024529  28248365.90  
  8656  779.09998986  28248211.30  
  8659  779.36997514  28248198.90  
  8707  783.69005686  28247763.90  
  8737  786.39009814  28247505.90  
  8752  787.74011657  28247360.20  
  8755  788.01010429  28247350.10  
  8785  790.71017686  28247095.50  
  8800  792.06017871  28246957.60  
  8803  792.33015714  28246954.20  
  8833  795.03020614  28246709.40  
  8851  796.65023686  28246568.60  
  8881  799.35027714  28246326.10   
  8899  800.97030814  28246193.50  
  8929  803.67032929  28245963.50  
  8944  805.02105086  28245875.40  
  8947  805.29036143  28245825.40  
  8977  807.99039600  28245613.20  
  8995  809.61052686  28245474.90  
  9025  812.31049957  28245280.50  
  9073  816.63054386  28244954.90  
  9121  820.95060714  28244632.30  
  9169  825.27067343  28244331.30  
  9217  829.59074229  28244042.00  
  9265  833.91082400  28243758.50  
  9313  838.23088714  28243481.20  
  9361  842.55095929  28243219.50  
  9409  846.87104571  28242976.70    
  9457  851.19126829  28242712.60    
  9505  855.51119314  28242484.80  
  9553  859.83127029  28242270.70  
  9556  860.10128743  28242233.80  
  9601  864.15133586  28242049.70  
  9604  864.42135343  28242030.90    
  9649  868.47143629  28241840.10    
  9697  872.79163500  28241628.90  
  9700  873.06150629  28241608.50    
  9745  877.11157329  28241442.90  
  9748  877.38156657  28241429.20    
  9793  881.43165386  28241246.50  
  9796  881.70165957  28241244.60       
  9892  890.34182914  28240897.60    
  9937  894.39188300  28240722.60  
  9940  894.66188314  28240715.60    
  9985  898.71203443  28240569.60  
  9988  898.98197257  28240553.40   
 10033  903.03223143  28240416.10  
 10035  903.21282371  28300886.10  
 10036  903.30205543  28240404.10     
 10083  907.53280971  28300746.10  
 10084  907.62213786  28240252.10       
 10131  911.85278229  28300580.30  
 10132  911.94223343  28240128.60    
 10180  916.26249943  28239957.00      
 10276  924.90274714  28239713.70   
 10371  933.45241614  28299737.90    
 10467  942.09216543  28299362.60  
 10468  942.18279400  28239241.60  
 10516  946.50326657  28239128.30  
 10563  950.73220514  28298965.00  
 10611  955.05195400  28298753.90  
 10803  972.33161257  28297835.10  
 10845  976.11157300  28297606.80  
 10851  976.65152843  28297562.70   
 10941  984.75139186  28297070.60  
 11085  997.71122171  28296212.00  
 11133  1002.03111329  28295911.00  
 11181  1006.35135371  28295591.30  
 11229  1010.67101114  28295283.70  
 11325  1019.31088886  28294592.90  
 11373  1023.63079729  28294234.60   
 11421  1027.95074543  28293883.70  
 11469  1032.27066886  28293479.80  
 11517  1036.59060286  28293093.30  
 11597  1043.79051686  28292413.70  
 11613  1045.23049671  28292273.10  
 11645  1048.11046229  28291991.10  
 11661  1049.55042200  28291844.40  
 11693  1052.43038343  28291557.20  
 11709  1053.87037386  28291407.40  
 11741  1056.75033100  28291105.80  
 11755  1058.01058829  28290977.60  
 11757  1058.19031300  28290951.10  
 11789  1061.07027614  28290644.60  
 11803  1062.33029314  28290491.70  
 11805  1062.51026600  28290489.10  
 11828  1064.58041857  28290236.50  
 11837  1065.39022829  28290166.50  
 11851  1066.65022929  28290024.90  
 11853  1066.83021871  28289998.50  
 11885  1069.71017971  28289675.20  
 11899  1070.97019686  28289547.00  
 11901  1071.15019986  28289498.90  
 11918  1072.68039886  28289353.10  
 11933  1074.03012314  28289172.90  
 11947  1075.29013786  28289011.90  
 11949  1075.47021900  28289002.50  
 11981  1078.35007357  28288653.10  
 12029  1082.67002543  28288117.00  
 12077  1086.98998014  28287577.50  
 12088  1087.98074229  28287466.50  
 12125  1091.30993214  28287016.80  
 12136  1092.30011457  28286872.30  
 12158  1094.27993729  28286620.40  
 12173  1095.62990043  28286438.70  
 12184  1096.61993843  28286298.10  
 12221  1099.94986400  28285845.90  
 12232  1100.93986071  28285713.10  
 12235  1101.21050543  28285673.40  
 12269  1104.26982029  28285244.80  
 12280  1105.25981129  28285109.40  
 12283  1105.52983900  28285067.40  
 12317  1108.58979771  28284631.40  
 12328  1109.57978086  28284488.90  
 12331  1109.84979786  28284456.00  
 12365  1112.90974329  28284004.70  
 12376  1113.89973129  28283865.40  
 12379  1114.16975200  28283828.90  
 12409  1116.87040186  28283459.20  
 12413  1117.22971329  28283365.20  
 12424  1118.21970171  28283215.10  
 12427  1118.48972757  28283180.90  
 12457  1121.18970614  28282763.60  
 12461  1121.54969786  28282718.20  
 12472  1122.53966557  28282563.90  
 12475  1122.80970029  28282524.30  
 12520  1126.85966814  28281884.40  
 12523  1127.12967771  28281853.60  
 12553  1129.83000057  28281418.10  
 12568  1131.17960800  28281209.10  
 12571  1131.44962129  28281176.30  
 12586  1132.80030314  28280945.40  
 12601  1134.14989357  28280744.60  
 12616  1135.49958771  28280519.40  
 12619  1135.76960500  28280468.30  
 12634  1137.11996543  28280236.90  
 12664  1139.81957329  28279811.90  
 12667  1140.08971229  28279764.30  
 12682  1141.43956343  28279544.00  
 12712  1144.13953157  28279101.30  
 12715  1144.40954671  28279055.00  
 12730  1145.75956743  28278834.50  
 12749  1147.47016957  28278508.00  
 12754  1147.91963643  28278472.20  
 12760  1148.45951614  28278376.10  
 12763  1148.72952243  28278332.30  
 12778  1150.07951343  28278100.70  
 12802  1152.23969386  28277723.50  
 12808  1152.77950300  28277641.10  
 12811  1153.04950843  28277602.80  
 12826  1154.39949329  28277359.70  
 12856  1157.09948457  28276901.10  
 12859  1157.36948214  28276855.40  
 12874  1158.71947043  28276619.70  
 12904  1161.41948000  28276166.10  
 12907  1161.68983586  28276115.30  
 12922  1163.03945857  28275868.80  
 12955  1166.00983243  28275369.50  
 12970  1167.35945057  28275118.40  
 13003  1170.32945129  28274593.20  
 13018  1171.67944286  28274352.60  
 13051  1174.64945086  28273825.40  
 13063  1175.72983157  28273612.90  
 13066  1175.99943114  28273589.50  
 13090  1178.15944071  28273203.00  
 13099  1178.96955371  28273051.00  
 13114  1180.31942686  28272808.10  
 13138  1182.47943743  28272420.20  
 13147  1183.28996357  28272265.00  
 13162  1184.63941814  28272038.40  
 13186  1186.79945886  28271659.60  
 13192  1187.33944686  28271550.10  
 13195  1187.60942357  28271509.10  
 13207  1188.68945171  28271320.80  
 13210  1188.95942429  28271267.80  
 13234  1191.11941929  28270881.00  
 13240  1191.65995171  28270775.80  
 13243  1191.92950800  28270740.40  
 13258  1193.27945343  28270497.50  
 13282  1195.43941514  28270101.60  
 13288  1195.97945714  28270009.30  
 13291  1196.24943057  28269960.60  
 13303  1197.32943800  28269769.50  
 13306  1197.59950729  28269720.40  
 13330  1199.75941857  28269331.90  
 13336  1200.30039943  28269228.50  
 13339  1200.56944357  28269192.40  
 13378  1204.07942271  28268559.70  
 13387  1204.88945000  28268416.50  
 13426  1208.39942886  28267789.40  
 13435  1209.20945171  28267658.80  
 13474  1212.71945571  28267018.60  
 13483  1213.52946300  28266888.30  
 13495  1214.60948829  28266688.00  
 13522  1217.03946200  28266269.30  
 13525  1217.31002843  28266221.60  
 13531  1217.84946871  28266122.20  
 13543  1218.92946529  28265943.90  
 13546  1219.19949743  28265896.40  
 13547  1219.28975757  28265853.80  
 13570  1221.35947886  28265511.80  
 13573  1221.62955171  28265477.10  
 13579  1222.16950086  28265364.60  
 13591  1223.24947586  28265188.20  
 13594  1223.51949743  28265154.00  
 13618  1225.67948143  28264765.50  
 13621  1225.94957157  28264726.80  
 13627  1226.48951829  28264615.80  
 13639  1227.56951343  28264441.30  
 13666  1229.99952414  28264028.60  
 13669  1230.27009986  28263971.70  
 13675  1230.80953443  28263896.70  
 13687  1231.88950529  28263703.00  
 13714  1234.31953443  28263302.50  
 13723  1235.12955571  28263161.60  
 13735  1236.20952257  28262981.40  
 13762  1238.63990971  28262564.40  
 13771  1239.44955443  28262434.80  
 13783  1240.52954329  28262260.80  
 13787  1240.89023114  28262194.10  
 13819  1243.76961671  28261737.50  
 13831  1244.84956986  28261557.60  
 13835  1245.21022686  28261473.70  
 13867  1248.08961343  28261015.70  
 13879  1249.16959600  28260858.20  
 13894  1250.51986800  28260653.60  
 13909  1251.86972486  28260435.20  
 13915  1252.41016314  28260363.20  
 13927  1253.48963843  28260164.90  
 13957  1256.18966300  28259750.70  
 13975  1257.80966814  28259496.60  
 14005  1260.50976086  28259088.40  
 14023  1262.12969786  28258831.20  
 14053  1264.82970814  28258433.80  
 14071  1266.44984957  28258210.50  
 14101  1269.14976386  28257785.60  
 14119  1270.76992886  28257561.10  
 14149  1273.46999529  28257163.20  
 14167  1275.08981329  28256918.90  
 14197  1277.78981543  28256543.50  
 14245  1282.10985914  28255951.50  
 14293  1286.42989229  28255356.10  
 14341  1290.74993457  28254787.20  
 14369  1293.26797600  28291553.40  
 14371  1293.44997314  28254439.70  
 14374  1293.72016686  28254400.10  
 14389  1295.06997671  28254233.60  
 14395  1295.61062957  28254163.60  
 14400  1296.05793257  28290998.80  
 14419  1297.77015114  28253876.00  
 14437  1299.39004014  28253673.60  
 14467  1302.09019686  28253350.90  
 14485  1303.71012514  28253149.20  
 14513  1306.22830029  28288803.60  
 14515  1306.41021700  28252829.20  
 14533  1308.03051600  28252628.80  
 14561  1310.54773843  28287798.50  
 14611  1315.05039029  28251802.90  
 14629  1316.67046871  28251653.50  
 14640  1317.65753900  28286044.60  
 14657  1319.18750529  28285667.10  
 14659  1319.37030714  28251342.10  
 14707  1323.69032486  28250878.60  
 14755  1328.01056843  28250428.80  
 14803  1332.33054943  28249977.90  
 14849  1336.46763471  28280787.20  
 14851  1336.65051414  28249555.80  
 14876  1338.89759371  28280043.80  
 14899  1340.97053029  28249132.40  
 14903  1341.32784786  28279288.80  
 15043  1353.93105000  28247971.20  
 15091  1358.25083043  28247597.50  
 15137  1362.38764571  28272479.10  
 15139  1362.57085286  28247240.80  
 15169  1365.27109986  28247035.70  
 15187  1366.89090043  28246902.70  
 15235  1371.21099143  28246564.30  
 15265  1373.91133314  28246357.70  
 15283  1375.53102986  28246239.70  
 15379  1384.17129771  28245629.70  
 15409  1386.87119957  28245439.10  
 15427  1388.49124414  28245339.90  
 15434  1389.11781257  28263679.00  
 15457  1391.19127271  28245167.80  
 15505  1395.51161300  28244871.80  
 15601  1404.15147500  28244343.80  
 15649  1408.47155214  28244104.30  
 15697  1412.79168943  28243856.20  
 15707  1413.68749800  28256479.10  
 15745  1417.11168014  28243612.20  
 15755  1418.00753800  28255361.10  
 15793  1421.43176486  28243382.80  
 15803  1422.32765014  28254286.70  
 15841  1425.75184857  28243160.30  
 15851  1426.64763371  28253245.60  
 15889  1430.07191586  28242956.00  
 15899  1430.96770086  28252274.20  
 15916  1432.49767086  28251939.20  
 15937  1434.39211300  28242738.20  
 15964  1436.81771814  28251021.90  
 15985  1438.71287557  28242543.00  
 16012  1441.13777700  28250148.20  
 16044  1444.01814557  28249580.90  
 16060  1445.45783571  28249312.80  
 16081  1447.35222186  28242158.10  
 16092  1448.33822686  28248782.50  
 16108  1449.77789914  28248522.90  
 16119  1450.76831057  28248357.90  
 16140  1452.65803014  28248022.30  
 16156  1454.09795671  28247789.50  
 16188  1456.97838014  28247314.10  
 16204  1458.41802329  28247079.40  
 16217  1459.58813286  28246898.90  
 16225  1460.31244671  28241654.60  
 16227  1460.49334557  28299365.50  
 16236  1461.29809243  28246653.70  
 16252  1462.73818729  28246408.90  
 16265  1463.90830957  28246228.40  
 16284  1465.61822700  28246005.40  
 16296  1466.69813629  28245841.50  
 16300  1467.05815857  28245790.60  
 16313  1468.22818243  28245635.70  
 16332  1469.93826586  28245382.30  
 16344  1471.01820014  28245249.00  
 16361  1472.54851829  28245039.20  
 16380  1474.25833543  28244822.30  
 16391  1475.24840143  28244691.70  
 16392  1475.33827414  28244680.20  
 16409  1476.86832343  28244488.80  
 16428  1478.57835843  28244295.60  
 16440  1479.65833857  28244147.80  
 16457  1481.18840186  28243968.20  
 16488  1483.97841714  28243646.40  
 16495  1484.60844000  28243575.70  
 16505  1485.50845643  28243474.60  
 16515  1486.41288214  28298278.70   
 16707  1503.69248000  28297418.30   
 16803  1512.33233557  28296965.60   
 16941  1524.75204086  28296250.70   
 17133  1542.03176157  28295166.40  
 17181  1546.35170286  28294858.60  
 17229  1550.67164671  28294561.50  
 17325  1559.31230257  28293951.90  
 17469  1572.27166171  28292904.80  
 17517  1576.59161357  28292555.80  
 17645  1588.11118971  28291580.10  
 17661  1589.55135600  28291432.30  
 17693  1592.43118700  28291196.00  
 17709  1593.87105357  28291030.70  
 17757  1598.19114329  28290623.40  
 17789  1601.07099957  28290334.60  
 17837  1605.39089357  28289925.80  
 17885  1609.71083871  28289487.90  
 17901  1611.15141271  28289328.50  
 17933  1614.03079243  28289039.40  
 17947  1615.29127329  28288934.20  
 17981  1618.35074800  28288578.70  
 18029  1622.67069800  28288115.00  
 18043  1623.93071171  28287973.80  
 18077  1626.99064871  28287635.60  
 18125  1631.31062557  28287146.20  
 18136  1632.30109414  28287043.40  
 18139  1632.57133971  28287000.20  
 18173  1635.63057214  28286645.20  
 18184  1636.62057800  28286534.00  
 18187  1636.89056471  28286520.60  
 18221  1639.95052543  28286132.80  
 18269  1644.27049786  28285608.10  
 18317  1648.59045929  28285076.70  
 18328  1649.58044457  28284950.10  
 18365  1652.91041757  28284531.20  
 18376  1653.90041100  28284395.40  
 18413  1657.23038029  28283969.50  
 18424  1658.22036843  28283852.80  
 18461  1661.55035914  28283392.20  
 18472  1662.54033857  28283277.60  
 18475  1662.81045057  28283232.70  
 18520  1666.86029243  28282702.50  
 18523  1667.13042286  28282681.20  
 18557  1670.19084857  28282248.70  
 18568  1671.18026286  28282114.40  
 18571  1671.45116014  28282081.60  
 18616  1675.50025357  28281509.70  
 18664  1679.82021571  28280913.50  
 18682  1681.44032314  28280679.30  
 18712  1684.14018757  28280294.80  
 18715  1684.41022971  28280245.60  
 18730  1685.76020243  28280057.70  
 18760  1688.46015786  28279668.00  
 18763  1688.73017343  28279641.40  
 18778  1690.08015657  28279437.80  
 18808  1692.78013471  28279041.90  
 18811  1693.05015729  28278981.90  
 18826  1694.40012529  28278802.60  
 18856  1697.10012114  28278396.60  
 18859  1697.37020871  28278346.20  
 18874  1698.72013600  28278159.90  
 18904  1701.42010900  28277754.30  
 18907  1701.69096514  28277733.60  
 18922  1703.04009214  28277507.80  
 18952  1705.74008443  28277099.20  
 18970  1707.36008343  28276859.50  
 19000  1710.06018571  28276429.30  
 19018  1711.68005957  28276196.50  
 19066  1716.00004629  28275532.70  
 19114  1720.32003429  28274852.60  
 19147  1723.29030100  28274388.30  
 19162  1724.64002671  28274174.70  
 19195  1727.61025571  28273712.60  
 19210  1728.96002714  28273503.50  
 19234  1731.12029657  28273161.80  
 19255  1733.01014529  28272841.40  
 19258  1733.28001757  28272813.60  
 19282  1735.44017271  28272478.70  
 19291  1736.25045471  28272353.30  
 19306  1737.60001929  28272128.10  
 19330  1739.76002300  28271787.40  
 19336  1740.30012743  28271702.90  
 19339  1740.57005614  28271657.20  
 19351  1741.65020514  28271501.10  
 19354  1741.92000700  28271457.00  
 19378  1744.08000457  28271117.00  
 19402  1746.24003086  28270771.90  
 19426  1748.40000229  28270426.50  
 19432  1748.94017629  28270350.10  
 19435  1749.21011700  28270299.60  
 19447  1750.29002271  28270114.90  
 19450  1750.56001814  28270083.30  
 19474  1752.71999671  28269741.80  
 19483  1753.53016729  28269605.40  
 19498  1754.88042129  28269404.30  
 19522  1757.04000529  28269061.90  
 19531  1757.85008143  28268917.70  
 19570  1761.36001043  28268381.10  
 19579  1762.17004214  28268261.00  
 19618  1765.68001771  28267700.60  
 19627  1766.49010814  28267594.00  
 19639  1767.57016729  28267416.80  
 19666  1770.00002757  28267027.40  
 19675  1770.81035814  28266911.20  
 19687  1771.89004186  28266727.70  
 19714  1774.32004771  28266357.40  
 19723  1775.13071257  28266235.40  
 19735  1776.21005900  28266063.80  
 19738  1776.48079657  28266020.90  
 19762  1778.64005914  28265685.90  
 19783  1780.53008329  28265385.50  
 19810  1782.96008457  28265017.80  
 19819  1783.77063986  28264913.30  
 19831  1784.85007014  28264738.80  
 19834  1785.12015500  28264693.50  
 19858  1787.28010171  28264369.80  
 19861  1787.55054357  28264324.70  
 19879  1789.17010257  28264089.10  
 19906  1791.60044786  28263720.40  
 19915  1792.41013886  28263597.70  
 19927  1793.49011429  28263441.40  
 19930  1793.76013771  28263411.00  
 19954  1795.92013300  28263078.30  
 19975  1797.81012886  28262798.90  
