    76  6.84431329  28249598.90  
   124  11.16436957  28249119.10  
   148  13.32629771  28287765.40  
   196  17.64628029  28287302.50  
   244  21.96634757  28286861.10  
   268  24.12465729  28247798.40  
   340  30.60612657  28286143.50  
   364  32.76466514  28246994.20  
   399  35.91597186  28285666.20  
   447  40.23593986  28285245.30  
   436  39.24610243  28285358.80  
   495  44.55591271  28284824.90  
   543  48.87619614  28284339.30  
   556  50.04492771  28245521.70  
   920  82.80545471  28243214.80  
  1052  94.68634029  28242519.20  
  4262  383.58297800  28279595.40  
  4270  384.30306571  28279425.80  
  4310  387.90292286  28278675.10  
  4318  388.62293171  28278514.70  
  4358  392.22289657  28277768.60  
  4366  392.94290814  28277622.30  
  4406  396.54288871  28276847.70  
  4393  395.37291043  28277088.90  
  4414  397.26295400  28276710.40  
  4454  400.86286343  28275918.70  
  4441  399.69289329  28276169.70  
  4462  401.58322371  28275757.50  
  4502  405.18285571  28274977.50  
  4489  404.01288257  28275222.00  
  4550  409.50285014  28274024.20  
  4537  408.33284900  28274288.60  
  4598  413.82283243  28273066.20  
  4585  412.65303129  28273325.00  
  4604  414.36335329  28272947.90  
  4618  415.62317900  28272676.60  
  4646  418.14283529  28272110.90  
  4633  416.97286857  28272373.00  
  4694  422.46282571  28271151.70  
  4697  422.73320271  28271076.70  
  4678  421.02368186  28271481.40  
  4700  423.00360029  28270986.20  
  4681  421.29284771  28271414.60  
  4702  423.18323171  28270977.80  
  4714  424.26315586  28270744.00  
  4742  426.78282800  28270181.80  
  4745  427.05286614  28270137.90  
  4726  425.34294529  28270516.00  
  4729  425.61291586  28270433.40  
  4790  431.10282514  28269223.90  
  4793  431.37285057  28269190.90  
  4774  429.66283900  28269544.10  
  4796  431.64285529  28269107.00  
  4777  429.93299657  28269465.80  
  4838  435.42283129  28268267.60  
  4841  435.69357086  28268227.70  
  4822  433.98283557  28268588.00  
  4844  435.96284243  28268149.50  
  4846  436.14310214  28268090.80  
  4886  439.74284286  28267312.90  
  4870  438.30283943  28267626.80  
  4892  440.28293543  28267211.20  
  4934  444.06285657  28266358.80  
  4918  442.62286800  28266677.80  
  4940  444.60288843  28266241.80  
  4982  448.38287129  28265429.10  
  4966  446.94287329  28265729.80  
  4985  448.65291771  28265371.10  
  4988  448.92288943  28265312.50  
  5030  452.70290300  28264508.00  
  5014  451.26289986  28264799.60  
  5033  452.97289800  28264439.90  
  5036  453.24290029  28264389.30  
  5050  454.50298000  28264107.40  
  5062  455.58290843  28263886.60  
  5078  457.02290714  28263578.40  
  5081  457.29290400  28263524.10  
  5084  457.56290357  28263467.70  
  5090  458.10299057  28263345.10  
  5098  458.82293057  28263188.60  
  5108  459.72820986  28293980.50  
  5110  459.90320786  28262978.10  
  5126  461.34293114  28262681.80  
  5129  461.61293157  28262627.40  
  5132  461.88292871  28262574.80  
  5146  463.14298714  28262290.00  
  5174  465.66295514  28261794.80  
  5177  465.93294514  28261722.30  
  5180  466.20294986  28261669.60  
  5222  469.98298157  28260907.10  
  5225  470.25297386  28260859.90  
  5228  470.52298086  28260802.80  
  5270  474.30299757  28260062.00  
  5273  474.57300114  28259998.50  
  5276  474.84300914  28259949.70  
  5318  478.62303900  28259209.70  
  5338  480.42306529  28258859.60  
  5321  478.89303200  28259159.00  
  5324  479.16303214  28259108.60  
  5356  482.04402371  28258563.60  
  5366  482.94307171  28258390.40  
  5386  484.74307614  28258054.60  
  5369  483.21306000  28258340.10  
  5372  483.48306557  28258291.90  
  5378  484.02323029  28258198.60  
  5434  489.06312471  28257259.20  
  5414  487.26333229  28257585.00  
  5417  487.53309357  28257540.90  
  5420  487.80311543  28257494.70  
  5482  493.38317614  28256487.70  
  5465  491.85390400  28256742.10  
  5468  492.12329900  28256719.60  
  5530  497.70318729  28255732.00  
  5510  495.90323929  28256040.20  
  5516  496.44374114  28255951.80  
  5578  502.02322471  28254996.00  
  5564  500.76326100  28255211.70  
  5626  506.34328157  28254280.40  
  5674  510.66331943  28253599.30  
  5660  509.40348500  28253779.20  
  5692  512.28373543  28253348.40  
  5722  514.98336343  28252923.40  
  5740  516.60347086  28252677.10  
  5764  518.76731986  28290412.00  
  5770  519.30341814  28252280.40  
  5812  523.08725257  28290132.20  
  5866  527.94406743  28251028.50  
  5884  529.56353900  28250822.80  
  5908  531.72722743  28289519.30  
  5914  532.26359343  28250440.60  
  5932  533.88360386  28250234.50  
  5956  536.04708086  28289207.30  
  5980  538.20365114  28249677.90  
  6004  540.36706829  28288885.00  
  6028  542.52369971  28249133.20  
  6052  544.68755371  28288554.50  
  6100  549.00693029  28287877.40  
  6124  551.16382657  28248103.40  
  6172  555.48388771  28247635.50  
  6220  559.80396686  28247151.70  
  6244  561.96700914  28287175.90  
  6268  564.12402557  28246711.70  
  6316  568.44406957  28246281.40  
  6344  570.96441071  28246036.00  
  6340  570.60672871  28286257.00  
  6388  574.92749329  28286045.20  
  6412  577.08423014  28245464.20  
  6440  579.60433614  28245254.10  
  6436  579.24663514  28285655.70  
  6508  585.72436500  28244717.60  
  6536  588.24452200  28244492.40  
  6532  587.88661200  28284545.10  
  6584  592.56447457  28244153.50  
  6580  592.20673029  28284265.00  
  6632  596.88454171  28243813.50  
  6680  601.20467457  28243490.00  
  6728  605.52471086  28243183.80  
  6776  609.84479614  28242893.20  
  6824  614.16482843  28242603.20  
  6920  622.80528271  28242068.20  
  6968  627.12527600  28241813.10  
  7016  631.44513857  28241554.40  
  7087  637.83525500  28241224.20  
  7135  642.15561214  28241002.60  
  7183  646.47544086  28240784.80  
  7231  650.79554814  28240578.50  
  7279  655.11577500  28240387.30  
  7309  657.81592414  28240283.50  
  7327  659.43564486  28240200.70  
  7357  662.13574743  28240084.10  
  7375  663.75572543  28240016.80  
  7405  666.45617714  28239931.60  
  7423  668.07584529  28239833.10  
  7471  672.39590014  28239674.40  
  7519  676.71603286  28239513.10  
  7615  685.35646986  28238961.00  
  7663  689.67687386  28239304.40  
  7711  693.99642457  28239000.30  
  7759  698.31640929  28238654.50  
  7807  702.63675657  28238514.90  
  7903  711.27681914  28238434.30  
  8945  805.05406414  28298910.10  
  8993  809.37410886  28298597.90  
  9137  822.33386714  28297459.00  
  9185  826.65369014  28297077.90  
 10358  932.22247029  28280014.40  
 10366  932.94244657  28279845.10  
 10406  936.54241800  28278991.70  
 10418  937.62248943  28278748.90  
 10414  937.26241571  28278826.60  
 10454  940.86240657  28277942.10  
 10466  941.94271214  28277688.70  
 10462  941.58240600  28277779.90  
 10502  945.18238057  28276906.40  
 10510  945.90239643  28276728.70  
 10550  949.50237329  28275836.10  
 10598  953.82236343  28274759.40  
 10610  954.90242086  28274495.00  
 10646  958.14234186  28273676.10  
 10633  956.97235471  28273967.80  
 10658  959.22236029  28273395.60  
 10694  962.46233900  28272576.10  
 10681  961.29241843  28272884.20  
 10706  963.54234043  28272314.00  
 10742  966.78233200  28271471.70  
 10748  967.32236343  28271356.00  
 10754  967.86233429  28271199.00  
 10750  967.50243357  28271297.00  
 10762  968.58236443  28271018.70  
 10790  971.10232743  28270372.60  
 10777  969.93249286  28270685.70  
 10796  971.64233129  28270237.30  
 10802  972.18237429  28270100.80  
 10798  971.82235243  28270196.90  
 10838  975.42232714  28269275.50  
 10822  973.98234929  28269630.20  
 10825  974.25235100  28269561.90  
 10844  975.96233429  28269142.80  
 10850  976.50235557  28269013.70  
 10846  976.14256143  28269096.70  
 10886  979.74234457  28268178.40  
 10870  978.30261600  28268535.30  
 10892  980.28234700  28268039.60  
 10898  980.82254114  28267891.30  
 10894  980.46234414  28268010.50  
 10934  984.06234043  28267090.20  
 10918  982.62297929  28267454.80  
 10940  984.60235471  28266955.80  
 10946  985.14302286  28266825.50  
 10966  986.94255729  28266383.50  
 10982  988.38235671  28266006.00  
 10988  988.92237157  28265869.50  
 10994  989.46270243  28265741.90  
 11014  991.26246014  28265285.50  
 11030  992.70238243  28264937.10  
 11020  991.80252186  28265165.80  
 11036  993.24237157  28264811.50  
 11042  993.78238529  28264660.60  
 11050  994.50240429  28264491.30  
 11062  995.58246800  28264244.30  
 11078  997.02240486  28263878.40  
 11068  996.12263814  28264114.70  
 11084  997.56239543  28263750.00  
 11098  998.82241814  28263446.00  
 11126  1001.34240957  28262850.20  
 11132  1001.88240629  28262717.90  
 11138  1002.42242243  28262588.10  
 11134  1002.06335571  28262689.70  
 11146  1003.14246114  28262418.40  
 11158  1004.22297729  28262152.70  
 11174  1005.66242614  28261829.60  
 11180  1006.20242714  28261704.40  
 11186  1006.74263257  28261577.60  
 11222  1009.98246000  28260833.70  
 11228  1010.52244843  28260708.30  
 11234  1011.06247829  28260581.60  
 11270  1014.30249043  28259856.70  
 11276  1014.84247986  28259728.30  
 11282  1015.38268843  28259607.50  
 11308  1017.72253457  28259096.50  
 11318  1018.62252614  28258886.40  
 11324  1019.16251457  28258782.00  
 11330  1019.70320529  28258669.40  
 11356  1022.04256014  28258136.60  
 11366  1022.94271557  28257966.40  
 11369  1023.21277629  28257898.60  
 11372  1023.48254543  28257851.40  
 11386  1024.74257843  28257574.80  
 11378  1024.02296200  28257744.00  
 11404  1026.36281571  28257254.90  
 11420  1027.80258671  28256949.40  
 11434  1029.06279257  28256698.10  
 11468  1032.12262571  28256077.10  
 11482  1033.38272043  28255821.60  
 11516  1036.44266271  28255222.30  
 11530  1037.70271100  28254976.80  
 11564  1040.76271457  28254410.50  
 11584  1042.56291214  28254052.70  
 11612  1045.08276314  28253614.60  
 11626  1046.34279200  28253382.70  
 11632  1046.88278357  28253286.80  
 11644  1047.96292729  28253098.90  
 11660  1049.40279957  28252842.60  
 11672  1050.48291929  28252645.40  
 11680  1051.20283000  28252530.20  
 11692  1052.28285986  28252351.40  
 11708  1053.72285029  28252110.70  
 11728  1055.52287171  28251804.90  
 11740  1056.60288443  28251626.00  
 11756  1058.04290057  28251397.40  
 11768  1059.12361371  28251241.40  
 11776  1059.84293200  28251104.50  
 11788  1060.92293800  28250934.80  
 11804  1062.36294943  28250705.40  
 11824  1064.16298129  28250428.20  
 11836  1065.24298843  28250263.60  
 11852  1066.68300600  28250037.30  
 11872  1068.48303843  28249783.30  
 11884  1069.56305586  28249622.90  
 11908  1071.72797100  28289420.00  
 11920  1072.80311186  28249177.60  
 11932  1073.88310400  28249011.10  
 11980  1078.20316943  28248415.90  
 12064  1085.76355386  28247422.50  
 12076  1086.84340714  28247304.10  
 12104  1089.36340171  28247004.60  
 12112  1090.08373543  28246902.70  
 12124  1091.16336686  28246792.10  
 12152  1093.68351286  28246502.50  
 12160  1094.40340700  28246419.10  
 12172  1095.48355600  28246298.20  
 12200  1098.00367371  28246007.30  
 12248  1102.32352871  28245541.60  
 12296  1106.64358114  28245097.50  
 12292  1106.28750257  28286966.00  
 12344  1110.96373357  28244690.60  
 12340  1110.60746486  28286676.50  
 12440  1119.60379929  28243877.90  
 12436  1119.24753186  28285973.20  
 12484  1123.56734171  28285644.50  
 12536  1128.24397543  28243151.00  
 12584  1132.56402057  28242808.90  
 12580  1132.20738586  28284951.00  
 12607  1134.63448929  28242611.10  
 12632  1136.88410329  28242486.50  
 12655  1138.95437371  28242321.80  
 12776  1149.84433514  28241591.50  
 12799  1151.91439686  28241439.50  
 12824  1154.16450314  28241314.10  
 12847  1156.23444471  28241189.80  
 12872  1158.48450114  28241035.90  
 12895  1160.55470571  28240931.80  
 12943  1164.87508886  28240689.30  
 12991  1169.19470757  28240453.00  
 13087  1177.83493357  28240014.40  
 13183  1186.47504386  28239619.60  
 13231  1190.79510757  28239417.10  
 13375  1203.75602757  28238929.80  
 13423  1208.07552643  28238735.30  
 13471  1212.39551800  28238598.50  
 13519  1216.71559343  28238461.60  
 13567  1221.03569114  28238310.30  
 13615  1225.35576614  28238188.70  
 13663  1229.67586100  28238050.80  
 13711  1233.99594614  28237934.10  
 13807  1242.63612714  28237729.30  
 13855  1246.95629586  28237480.50  
 14525  1307.25477400  28302897.20  
 14765  1328.85436100  28301866.90  
 14813  1333.17411543  28301655.60  
 14849  1336.41424243  28301461.30  
 14861  1337.49404171  28301378.80  
 14993  1349.37383657  28300638.90  
 15005  1350.45414600  28300559.80  
 15089  1358.01421343  28300032.50  
 15185  1366.65351657  28299340.80  
 15233  1370.97341543  28298984.30  
 15211  1368.99349871  28299137.10  
 15214  1369.26366757  28299140.50  
 15329  1379.61333314  28298195.50  
 15377  1383.93323157  28297754.70  
 15425  1388.25312229  28297317.60  
 15403  1386.27404914  28297507.70  
 15473  1392.57306114  28296855.50  
 15451  1390.59366543  28297074.10  
 15521  1396.89298986  28296356.50  
 15499  1394.91334929  28296572.30  
 15569  1401.21292429  28295837.00  
 15595  1403.55372929  28295544.70  
 15617  1405.53285814  28295283.90  
 15665  1409.85278257  28294724.70  
 15691  1412.19302100  28294386.90  
 15713  1414.17271929  28294115.80  
 15694  1412.46320614  28294366.40  
 15739  1416.51270886  28293783.50  
 15761  1418.49265786  28293482.20  
 15742  1416.78272486  28293742.30  
 15809  1422.81260714  28292811.30  
 15790  1421.10265043  28293088.90  
 15857  1427.13254343  28292131.70  
 15838  1425.42257300  28292407.30  
 15905  1431.45250757  28291398.10  
 15886  1429.74251971  28291695.80  
 15934  1434.06258414  28290947.40  
 16001  1440.09245414  28289831.90  
 15982  1438.38240229  28290163.80  
 16049  1444.41235186  28289021.90  
 16030  1442.70235743  28289342.50  
 16097  1448.73286243  28288134.10  
 16078  1447.02230671  28288490.60  
 16145  1453.05245100  28287245.30  
 16126  1451.34226643  28287606.90  
 16178  1456.02273814  28286616.80  
 16174  1455.66221657  28286684.40  
 16226  1460.34238486  28285636.30  
 16222  1459.98216971  28285732.50  
 16274  1464.66275814  28284619.60  
 16270  1464.30214300  28284736.70  
 16318  1468.62211286  28283711.30  
 16366  1472.94207571  28282649.50  
 16466  1481.94206057  28280354.10  
 16462  1481.58202443  28280459.30  
 16514  1486.26198443  28279201.40  
 16510  1485.90200571  28279303.40  
 16562  1490.58197157  28278033.00  
 16558  1490.22219200  28278123.10  
 16610  1494.90194971  28276838.50  
 16658  1499.22193414  28275628.30  
 16706  1503.54191814  28274391.20  
 16754  1507.86191900  28273157.60  
 16802  1512.18191629  28271902.20  
 16798  1511.82253786  28272002.20  
 16850  1516.50196686  28270648.20  
 16883  1519.47212414  28269820.30  
 16892  1520.28191857  28269559.50  
 16898  1520.82190714  28269399.30  
 16894  1520.46200086  28269521.20  
 16931  1523.79199843  28268546.30  
 16940  1524.60191429  28268314.00  
 16946  1525.14190914  28268165.40  
 16961  1526.49222714  28267773.90  
 16979  1528.11194314  28267309.50  
 16988  1528.92192986  28267087.30  
 16994  1529.46191914  28266921.70  
 17027  1532.43195043  28266072.20  
 17036  1533.24199143  28265844.60  
 17042  1533.78192243  28265695.50  
 17075  1536.75202029  28264881.40  
 17084  1537.56197043  28264633.70  
 17090  1538.10195800  28264493.50  
 17123  1541.07236486  28263702.90  
 17132  1541.88197614  28263444.70  
 17138  1542.42198129  28263298.60  
 17180  1546.20200414  28262282.40  
 17186  1546.74244043  28262124.00  
 17219  1549.71218714  28261366.30  
 17225  1550.25221229  28261217.70  
 17248  1552.32209529  28260651.40  
 17228  1550.52201229  28261139.80  
 17267  1554.03204929  28260220.10  
 17296  1556.64234629  28259568.90  
 17276  1554.84203886  28260021.40  
 17315  1558.35208543  28259133.60  
 17344  1560.96209086  28258484.80  
 17321  1558.89296129  28258985.20  
 17324  1559.16207900  28258929.50  
 17392  1565.28229014  28257436.40  
 17363  1562.67211614  28258079.70  
 17372  1563.48211029  28257868.80  
 17434  1569.06218243  28256546.00  
 17411  1566.99217029  28257045.70  
 17420  1567.80214629  28256855.80  
 17482  1573.38221843  28255590.60  
 17459  1571.31279057  28256031.90  
 17468  1572.12218614  28255865.10  
 17530  1577.70242900  28254632.70  
 17507  1575.63274329  28255099.60  
 17516  1576.44222314  28254911.30  
 17584  1582.56228971  28253615.60  
 17555  1579.95238229  28254176.50  
 17564  1580.76226743  28253995.60  
 17576  1581.84241829  28253768.10  
 17612  1585.08233057  28253103.60  
 17674  1590.66240271  28252000.30  
 17680  1591.20238229  28251917.80  
 17651  1588.59241271  28252408.60  
 17660  1589.40236100  28252261.10  
 17663  1589.67296543  28252209.50  
 17672  1590.48287357  28252059.10  
 17728  1595.52243157  28251118.30  
 17699  1592.91252057  28251584.90  
 17708  1593.72241871  28251454.40  
 17770  1599.30287914  28250455.80  
 17776  1599.84248243  28250351.80  
 17747  1597.23247586  28250814.80  
 17756  1598.04257514  28250659.80  
 17824  1604.16255157  28249614.20  
 17795  1601.55254514  28250061.40  
 17804  1602.36327086  28249914.00  
 17807  1602.63264057  28249866.90  
 17872  1608.48259186  28248920.80  
 17887  1609.83305243  28248729.00  
 17843  1605.87274743  28249358.90  
 17855  1606.95299443  28249146.20  
 17920  1612.80265386  28248251.50  
 17891  1610.19283414  28248631.30  
 17903  1611.27267171  28248491.00  
 17968  1617.12284229  28247616.70  
 17980  1618.20305600  28247465.80  
 18016  1621.44277100  28247012.80  
 18028  1622.52280657  28246855.00  
 17987  1618.83297557  28247370.80  
 17999  1619.91278371  28247212.20  
 18008  1620.72278229  28247110.10  
 18064  1625.76284014  28246437.70  
 18076  1626.84286486  28246292.20  
 18035  1623.15291957  28246790.50  
 18047  1624.23326386  28246642.40  
 18056  1625.04285071  28246529.80  
 18112  1630.08291114  28245887.00  
 18124  1631.16294257  28245761.10  
 18104  1629.36289743  28245980.10  
 18160  1634.40297286  28245365.20  
 18172  1635.48301500  28245243.20  
 18175  1635.75345643  28245213.50  
 18152  1633.68316314  28245454.50  
 18208  1638.72305257  28244869.20  
 18220  1639.80321029  28244750.40  
 18223  1640.07307329  28244726.40  
 18191  1637.19303971  28245054.00  
 18200  1638.00303543  28244940.20  
 18256  1643.04311814  28244393.70  
 18271  1644.39314714  28244245.60  
 18239  1641.51310743  28244563.50  
 18248  1642.32310743  28244473.90  
 18304  1647.36320271  28243944.10  
 18319  1648.71322114  28243809.40  
 18287  1645.83331957  28244089.50  
 18340  1650.60882014  28286848.20  
 18296  1646.64318514  28244030.90  
 18352  1651.68380486  28243519.60  
 18367  1653.03329443  28243384.60  
 18388  1654.92847857  28286537.90  
 18400  1656.00335329  28243102.30  
 18415  1657.35335414  28242987.80  
 18392  1655.28399400  28243203.60  
 18463  1661.67344100  28242599.30  
 18496  1664.64350286  28242352.40  
 18511  1665.99349814  28242247.10  
 18532  1667.88840300  28285632.60  
 18544  1668.96357586  28242014.80  
 18559  1670.31357529  28241898.30  
 18592  1673.28389129  28241667.40  
 18607  1674.63365129  28241575.10  
 18640  1677.60373386  28241359.00  
 18655  1678.95374271  28241257.00  
 18703  1683.27382257  28240960.30  
 18751  1687.59389329  28240688.40  
 18799  1691.91397857  28240415.10  
 18847  1696.23411843  28240161.00  
 18895  1700.55414686  28239923.10  
 18925  1703.25434200  28239764.10  
 18943  1704.87446529  28239678.30  
 18976  1707.84441443  28239558.00  
 18991  1709.19430771  28239471.40  
 19021  1711.89439086  28239328.80  
 19039  1713.51438314  28239247.30  
 19069  1716.21450557  28239137.30  
 19087  1717.83449443  28239064.00  
 19135  1722.15455686  28238863.40  
 19183  1726.47464886  28238682.80  
 19231  1730.79474129  28238528.10  
 19327  1739.43490429  28238167.50  
 19597  1763.73563043  28237410.60  
 19741  1776.69580257  28237080.40  
 19789  1781.01582271  28236966.90  
 19997  1799.73560600  28305283.50  
