    7630 686.716811430000010 2020  9  2 09:39:29.547812640667 28273309.2 2476.2 8.758851e-005
    7838 705.436807859999930 2020  9  2 09:39:48.267807662487 28269438.4 -1394.6 -4.932999e-005
    8095 728.567372859999980 2020  9  2 09:40:11.398360133171 28264728.6 -6104.4 -2.159257e-004
    8270 744.316919999999870 2020  9  2 09:40:27.147902548313 28261668.0 -9165.0 -3.241857e-004
    8321 748.906970000000000 2020  9  2 09:40:31.737980246544 28260806.5 -10026.5 -3.546588e-004
    8555 769.967244999999820 2020  9  2 09:40:52.798256278038 28257083.7 -13749.3 -4.863422e-004
    8869 798.227399570000100 2020  9  2 09:41:21.058412790298 28252733.9 -18099.1 -6.402040e-004
    9073 816.587604570000050 2020  9  2 09:41:39.418602883816 28250311.4 -20521.6 -7.258930e-004
    9281 835.308102859999960 2020  9  2 09:41:58.139120936394 28248155.2 -22677.8 -8.021624e-004
    9965 896.868812289999940 2020  9  2 09:42:59.699800908566 28243042.6 -27790.4 -9.830061e-004
