       3 0.329115290000000 2020  9  4 10:48:22.992099523544 28288540.6 17707.6 6.263558e-004
      14 1.318887430000000 2020  9  4 10:48:23.981874883175 28288381.5 17548.5 6.207281e-004
      25 2.308831430000000 2020  9  4 10:48:24.971851408482 28288216.2 17383.2 6.148811e-004
      29 2.668824570000000 2020  9  4 10:48:25.331817269325 28288155.3 17322.3 6.127269e-004
      43 3.928822140000000 2020  9  4 10:48:26.591838598251 28287936.4 17103.4 6.049839e-004
      45 4.109044569999999 2020  9  4 10:48:26.772042810917 28287917.5 17084.5 6.043154e-004
      62 5.639092290000001 2020  9  4 10:48:28.302108943462 28287667.9 16834.9 5.954865e-004
      73 6.628778430000000 2020  9  4 10:48:29.291763603687 28287498.7 16665.7 5.895016e-004
      77 6.988774290000000 2020  9  4 10:48:29.651769697666 28287435.4 16602.4 5.872625e-004
      91 8.248775859999997 2020  9  4 10:48:30.911791026592 28287216.4 16383.4 5.795160e-004
     118 10.679133000000000 2020  9  4 10:48:33.342113792896 28286770.5 15937.5 5.637436e-004
     121 10.948734710000000 2020  9  4 10:48:33.611716032028 28286755.5 15922.5 5.632130e-004
     125 11.308735710000001 2020  9  4 10:48:33.971722126007 28286688.5 15855.5 5.608430e-004
     139 12.568766860000000 2020  9  4 10:48:35.231783688068 28286494.3 15661.3 5.539738e-004
     155 14.008722859999999 2020  9  4 10:48:36.671727597713 28286227.9 15394.9 5.445506e-004
     158 14.278725569999999 2020  9  4 10:48:36.941732168198 28286172.3 15339.3 5.425839e-004
     169 15.268697139999999 2020  9  4 10:48:37.931708693504 28285984.8 15151.8 5.359517e-004
     173 15.628688429999999 2020  9  4 10:48:38.291674554348 28285925.8 15092.8 5.338647e-004
     187 16.888724139999997 2020  9  4 10:48:39.551736116409 28285700.4 14867.4 5.258918e-004
     203 18.328992289999999 2020  9  4 10:48:40.992001891136 28285439.7 14606.7 5.166703e-004
     206 18.598831430000001 2020  9  4 10:48:41.261845529079 28285368.2 14535.2 5.141412e-004
     217 19.588667569999995 2020  9  4 10:48:42.251661121845 28285206.6 14373.6 5.084251e-004
     221 19.948664709999999 2020  9  4 10:48:42.611667215824 28285147.8 14314.8 5.063452e-004
     235 21.208696859999996 2020  9  4 10:48:43.871688544750 28284902.1 14069.1 4.976542e-004
     237 21.388662289999996 2020  9  4 10:48:44.051651358604 28284877.2 14044.2 4.967735e-004
     251 22.649142569999995 2020  9  4 10:48:45.312155485153 28284626.5 13793.5 4.879057e-004
     265 23.908610999999997 2020  9  4 10:48:46.571613550186 28284399.4 13566.4 4.798727e-004
     269 24.268618429999997 2020  9  4 10:48:46.931619644165 28284331.8 13498.8 4.774815e-004
     283 25.528687289999997 2020  9  4 10:48:48.191681206226 28284090.4 13257.4 4.689427e-004
     285 25.708629289999994 2020  9  4 10:48:48.371644020081 28284045.2 13212.2 4.673439e-004
     299 26.968619999999994 2020  9  4 10:48:49.631625115871 28283798.7 12965.7 4.586246e-004
     313 28.228583569999994 2020  9  4 10:48:50.891565978527 28283558.9 12725.9 4.501424e-004
     317 28.588591569999995 2020  9  4 10:48:51.251572072506 28283506.9 12673.9 4.483030e-004
     331 29.848610999999998 2020  9  4 10:48:52.511593401432 28283254.3 12421.3 4.393680e-004
     347 31.288758429999998 2020  9  4 10:48:53.951738476753 28282972.5 12139.5 4.294002e-004
     361 32.548546999999999 2020  9  4 10:48:55.211558640003 28282709.3 11876.3 4.200902e-004
     365 32.908571430000002 2020  9  4 10:48:55.571564733982 28282643.2 11810.2 4.177521e-004
     376 33.898548710000007 2020  9  4 10:48:56.561541259289 28282439.3 11606.3 4.105397e-004
     379 34.168548290000011 2020  9  4 10:48:56.831545829773 28282394.0 11561.0 4.089374e-004
     381 34.348554000000000 2020  9  4 10:48:57.011548876762 28282366.2 11533.2 4.079540e-004
     395 35.608556430000007 2020  9  4 10:48:58.271570205688 28282095.7 11262.7 3.983859e-004
     403 36.329010290000006 2020  9  4 10:48:58.992024958134 28281968.4 11135.4 3.938830e-004
     409 36.868513570000005 2020  9  4 10:48:59.531511068344 28281832.9 10999.9 3.890901e-004
     424 38.218533000000008 2020  9  4 10:49:00.881533920765 28281557.9 10724.9 3.793627e-004
     427 38.488507429999999 2020  9  4 10:49:01.151498258114 28281504.4 10671.4 3.774703e-004
     443 39.928683569999997 2020  9  4 10:49:02.591683566570 28281195.9 10362.9 3.665580e-004
     457 41.188493569999999 2020  9  4 10:49:03.851503729820 28280935.7 10102.7 3.573542e-004
     461 41.548952000000007 2020  9  4 10:49:04.211952388287 28280887.1 10054.1 3.556351e-004
     472 42.538487859999996 2020  9  4 10:49:05.201486349106 28280657.3 9824.3 3.475066e-004
     475 42.808482290000001 2020  9  4 10:49:05.471490919590 28280605.0 9772.0 3.456566e-004
     491 44.248504860000004 2020  9  4 10:49:06.911515295506 28280282.8 9449.8 3.342597e-004
     505 45.508465430000001 2020  9  4 10:49:08.171456158161 28280025.2 9192.2 3.251478e-004
     509 45.868760860000002 2020  9  4 10:49:08.531743884087 28279963.5 9130.5 3.229654e-004
     520 46.858471859999995 2020  9  4 10:49:09.521479010582 28279741.1 8908.1 3.150986e-004
     523 47.128456290000010 2020  9  4 10:49:09.791443347931 28279677.0 8844.0 3.128312e-004
     539 48.568459860000004 2020  9  4 10:49:11.231467723846 28279372.9 8539.9 3.020746e-004
     550 49.559143569999996 2020  9  4 10:49:12.222128212452 28279128.6 8295.6 2.934332e-004
     553 49.828445570000000 2020  9  4 10:49:12.491448819637 28279097.7 8264.7 2.923402e-004
     557 50.188468710000002 2020  9  4 10:49:12.851454913616 28279012.7 8179.7 2.893335e-004
     568 51.178449140000005 2020  9  4 10:49:13.841431438923 28278798.6 7965.6 2.817604e-004
     571 51.448431429999999 2020  9  4 10:49:14.111436009407 28278744.2 7911.2 2.798361e-004
     587 52.888448999999994 2020  9  4 10:49:15.551460385323 28278422.4 7589.4 2.684534e-004
     601 54.148422290000006 2020  9  4 10:49:16.811441481113 28278148.8 7315.8 2.587755e-004
     605 54.508444140000002 2020  9  4 10:49:17.171447575092 28278080.3 7247.3 2.563525e-004
     616 55.498430860000006 2020  9  4 10:49:18.161424100399 28277845.7 7012.7 2.480542e-004
     619 55.768414430000007 2020  9  4 10:49:18.431428670883 28277793.6 6960.6 2.462114e-004
     621 55.948784709999998 2020  9  4 10:49:18.611793816090 28277756.5 6923.5 2.448990e-004
     635 57.208447430000000 2020  9  4 10:49:19.871453046799 28277465.2 6632.2 2.345951e-004
     649 58.468405430000004 2020  9  4 10:49:21.131393909454 28277188.2 6355.2 2.247971e-004
     653 58.828444709999999 2020  9  4 10:49:21.491440236568 28277107.1 6274.1 2.219284e-004
     664 59.818548290000003 2020  9  4 10:49:22.481537461281 28276878.4 6045.4 2.138388e-004
     667 60.088397569999998 2020  9  4 10:49:22.751381099224 28276827.4 5994.4 2.120348e-004
     683 61.528639860000006 2020  9  4 10:49:24.191646873951 28276497.8 5664.8 2.003761e-004
     697 62.788392430000009 2020  9  4 10:49:25.451386570930 28276214.2 5381.2 1.903446e-004
     701 63.148648710000003 2020  9  4 10:49:25.811634063721 28276134.1 5301.1 1.875113e-004
     715 64.408381289999994 2020  9  4 10:49:27.071373760700 28275845.1 5012.1 1.772887e-004
     745 67.108379999999983 2020  9  4 10:49:29.771379232407 28275233.6 4400.6 1.556587e-004
     763 68.728366569999991 2020  9  4 10:49:31.391366422176 28274855.4 4022.4 1.422809e-004
     790 71.158457709999979 2020  9  4 10:49:33.821447789669 28274289.9 3456.9 1.222780e-004
     793 71.428367569999992 2020  9  4 10:49:34.091371893883 28274232.8 3399.8 1.202582e-004
     811 73.048369290000011 2020  9  4 10:49:35.711359083652 28273856.5 3023.5 1.069477e-004
     841 75.748458860000000 2020  9  4 10:49:38.411445021629 28273226.6 2393.6 8.466677e-005
     853 76.828941709999981 2020  9  4 10:49:39.491946101189 28272965.0 2132.0 7.541341e-005
     859 77.368356709999986 2020  9  4 10:49:40.031351745129 28272858.0 2025.0 7.162859e-005
     875 78.808823000000004 2020  9  4 10:49:41.471818685532 28272500.8 1667.8 5.899366e-005
     886 79.798372429999986 2020  9  4 10:49:42.461352646351 28272286.8 1453.8 5.142402e-005
     889 80.068482289999992 2020  9  4 10:49:42.731477916241 28272230.3 1397.3 4.942550e-005
     907 81.688356569999982 2020  9  4 10:49:44.351344406605 28271843.2 1010.2 3.573294e-005
     923 83.128364139999988 2020  9  4 10:49:45.791368782520 28271496.7  663.7 2.347649e-005
     934 84.118534999999994 2020  9  4 10:49:46.781546473503 28271267.4  434.4 1.536566e-005
     941 84.748441000000000 2020  9  4 10:49:47.411436438560 28271156.1  323.1 1.142874e-005
     955 86.008349429999996 2020  9  4 10:49:48.671337068081 28270832.9   -0.1 -3.537215e-009
     971 87.448819140000012 2020  9  4 10:49:50.111804008484 28270491.3 -341.7 -1.208666e-005
     982 88.438843000000006 2020  9  4 10:49:51.101861000061 28270286.6 -546.4 -1.932734e-005
    1003 90.328346139999979 2020  9  4 10:49:52.991329729557 28269827.8 -1005.2 -3.555608e-005
    1019 91.768556709999999 2020  9  4 10:49:54.431555271149 28269485.3 -1347.7 -4.767104e-005
    1051 94.648355569999993 2020  9  4 10:49:57.311362624168 28268818.9 -2014.1 -7.124304e-005
    1067 96.088552709999988 2020  9  4 10:49:58.751547932625 28268480.2 -2352.8 -8.322358e-005
    1081 97.348975569999993 2020  9  4 10:50:00.011971592903 28268199.5 -2633.5 -9.315254e-005
    1099 98.968354290000008 2020  9  4 10:50:01.631355285645 28267813.2 -3019.8 -1.068168e-004
    1115 100.408501710000000 2020  9  4 10:50:03.071500360966 28267475.0 -3358.0 -1.187797e-004
    1123 101.128421709999980 2020  9  4 10:50:03.791432082653 28267331.6 -3501.4 -1.238520e-004
    1126 101.398399000000000 2020  9  4 10:50:04.061396420002 28267238.0 -3595.0 -1.271629e-004
    1129 101.668569430000010 2020  9  4 10:50:04.331561923027 28267216.7 -3616.3 -1.279163e-004
    1147 103.288373709999990 2020  9  4 10:50:05.951388180256 28266819.3 -4013.7 -1.419732e-004
    1171 105.448632430000000 2020  9  4 10:50:08.111625909805 28266332.6 -4500.4 -1.591888e-004
    1174 105.718384000000000 2020  9  4 10:50:08.381389081478 28266269.2 -4563.8 -1.614314e-004
    1195 107.608377139999970 2020  9  4 10:50:10.271380841732 28265828.0 -5005.0 -1.770376e-004
    1207 108.688400709999980 2020  9  4 10:50:11.351399123669 28265584.2 -5248.8 -1.856613e-004
    1219 109.768404430000000 2020  9  4 10:50:12.431417405605 28265344.5 -5488.5 -1.941400e-004
    1222 110.038401859999990 2020  9  4 10:50:12.701421976089 28265284.3 -5548.7 -1.962694e-004
    1225 110.308758289999990 2020  9  4 10:50:12.971748411655 28265210.5 -5622.5 -1.988799e-004
    1243 111.928401139999990 2020  9  4 10:50:14.591413736343 28264851.4 -5981.6 -2.115820e-004
    1255 113.008462569999990 2020  9  4 10:50:15.671472251415 28264602.2 -6230.8 -2.203968e-004
    1270 114.358418859999990 2020  9  4 10:50:17.021414637566 28264310.3 -6522.7 -2.307219e-004
    1291 116.248426710000000 2020  9  4 10:50:18.911446630955 28263891.1 -6941.9 -2.455499e-004
    1303 117.328479709999980 2020  9  4 10:50:19.991464912891 28263648.4 -7184.6 -2.541347e-004
    1318 118.678427289999990 2020  9  4 10:50:21.341407299042 28263346.7 -7486.3 -2.648065e-004
    1339 120.568438429999990 2020  9  4 10:50:23.231439292431 28262937.8 -7895.2 -2.792702e-004
    1351 121.648457429999990 2020  9  4 10:50:24.311457574368 28262719.1 -8113.9 -2.870060e-004
    1355 122.008468709999990 2020  9  4 10:50:24.671463668346 28262628.7 -8204.3 -2.902037e-004
    1366 122.998444140000000 2020  9  4 10:50:25.661440193653 28262413.7 -8419.3 -2.978087e-004
    1387 124.888449569999990 2020  9  4 10:50:27.551431953907 28261999.0 -8834.0 -3.124775e-004
    1399 125.968475860000000 2020  9  4 10:50:28.631490468979 28261763.6 -9069.4 -3.208041e-004
    1403 126.328493569999990 2020  9  4 10:50:28.991496562958 28261687.5 -9145.5 -3.234960e-004
    1414 127.318469999999990 2020  9  4 10:50:29.981473088264 28261480.4 -9352.6 -3.308215e-004
    1435 129.208483140000000 2020  9  4 10:50:31.871464848518 28261079.8 -9753.2 -3.449916e-004
    1447 130.288534289999970 2020  9  4 10:50:32.951523363590 28260866.9 -9966.1 -3.525223e-004
    1451 130.648656139999990 2020  9  4 10:50:33.311650156975 28260786.7 -10046.3 -3.553592e-004
    1459 131.368529710000020 2020  9  4 10:50:34.031541645527 28260649.9 -10183.1 -3.601981e-004
    1462 131.638504139999980 2020  9  4 10:50:34.301505982876 28260576.8 -10256.2 -3.627838e-004
    1477 132.988930430000040 2020  9  4 10:50:35.651931166649 28260298.2 -10534.8 -3.726385e-004
    1483 133.528571140000000 2020  9  4 10:50:36.191578209400 28260177.7 -10655.3 -3.769008e-004
    1495 134.608533139999990 2020  9  4 10:50:37.271516025066 28259958.2 -10874.8 -3.846650e-004
    1507 135.688806290000000 2020  9  4 10:50:38.351815938950 28259723.0 -11110.0 -3.929845e-004
    1510 135.958543140000020 2020  9  4 10:50:38.621538877487 28259684.6 -11148.4 -3.943428e-004
    1555 140.008869000000000 2020  9  4 10:50:42.671889066696 28258873.1 -11959.9 -4.230473e-004
    1558 140.278586139999990 2020  9  4 10:50:42.941571772099 28258821.4 -12011.6 -4.248761e-004
    1573 141.628632289999980 2020  9  4 10:50:44.291634857655 28258542.2 -12290.8 -4.347520e-004
    1603 144.328670000000020 2020  9  4 10:50:46.991680562496 28258002.0 -12831.0 -4.538600e-004
    1606 144.598599140000000 2020  9  4 10:50:47.261604666710 28257968.7 -12864.3 -4.550379e-004
    1621 145.948821289999980 2020  9  4 10:50:48.611828684807 28257700.4 -13132.6 -4.645282e-004
    1654 148.918687289999980 2020  9  4 10:50:51.581677794456 28257139.4 -13693.6 -4.843720e-004
    1669 150.268641140000000 2020  9  4 10:50:52.931660413742 28256889.0 -13944.0 -4.932292e-004
    1702 153.238687570000000 2020  9  4 10:50:55.901670455933 28256349.1 -14483.9 -5.123266e-004
    1717 154.588697140000020 2020  9  4 10:50:57.251693308353 28256084.2 -14748.8 -5.216967e-004
    1750 157.558699140000020 2020  9  4 10:51:00.221703350544 28255557.3 -15275.7 -5.403343e-004
    1765 158.908731289999990 2020  9  4 10:51:01.571726202965 28255316.1 -15516.9 -5.488660e-004
    1771 159.448749000000020 2020  9  4 10:51:02.111735343933 28255225.0 -15608.0 -5.520884e-004
    1795 161.608761709999980 2020  9  4 10:51:04.271771907806 28254853.7 -15979.3 -5.652221e-004
    1798 161.878746290000010 2020  9  4 10:51:04.541736245155 28254798.4 -16034.6 -5.671782e-004
    1813 163.228769140000000 2020  9  4 10:51:05.891759097576 28254567.8 -16265.2 -5.753350e-004
    1846 166.198804139999990 2020  9  4 10:51:08.861809372902 28254063.4 -16769.6 -5.931767e-004
    1861 167.548818570000010 2020  9  4 10:51:10.211832225323 28253841.8 -16991.2 -6.010152e-004
    1867 168.088888570000020 2020  9  4 10:51:10.751881599426 28253750.0 -17083.0 -6.042624e-004
    1888 169.979422000000000 2020  9  4 10:51:12.642436623573 28253451.0 -17382.0 -6.148386e-004
    1891 170.248842569999990 2020  9  4 10:51:12.911837697029 28253401.4 -17431.6 -6.165931e-004
    1894 170.518838570000010 2020  9  4 10:51:13.181842267513 28253358.4 -17474.6 -6.181141e-004
    1909 171.868856570000020 2020  9  4 10:51:14.531865119934 28253143.6 -17689.4 -6.257120e-004
    1915 172.408879570000010 2020  9  4 10:51:15.071874260902 28253044.1 -17788.9 -6.292315e-004
    1936 174.298896430000010 2020  9  4 10:51:16.961906254292 28252757.4 -18075.6 -6.393727e-004
    1939 174.568875709999990 2020  9  4 10:51:17.231870591640 28252706.4 -18126.6 -6.411767e-004
    1942 174.838882289999990 2020  9  4 10:51:17.501875162125 28252664.3 -18168.7 -6.426659e-004
    1957 176.188916570000030 2020  9  4 10:51:18.851898014545 28252468.7 -18364.3 -6.495847e-004
    1963 176.728932860000010 2020  9  4 10:51:19.391947388649 28252359.5 -18473.5 -6.534473e-004
    1984 178.618926430000020 2020  9  4 10:51:21.281939148903 28252090.9 -18742.1 -6.629483e-004
    1987 178.888920290000020 2020  9  4 10:51:21.551903486252 28252050.0 -18783.0 -6.643950e-004
    1990 179.158934570000010 2020  9  4 10:51:21.821948289871 28252013.0 -18820.0 -6.657038e-004
    2005 180.508961570000000 2020  9  4 10:51:23.171971142292 28251805.1 -19027.9 -6.730576e-004
    2032 182.938979289999990 2020  9  4 10:51:25.601972043514 28251436.1 -19396.9 -6.861100e-004
    2035 183.208973709999980 2020  9  4 10:51:25.871976613998 28251401.5 -19431.5 -6.873338e-004
    2038 183.478992289999980 2020  9  4 10:51:26.141981184483 28251360.4 -19472.6 -6.887876e-004
    2080 187.259047570000010 2020  9  4 10:51:29.922045171261 28250824.3 -20008.7 -7.077506e-004
    2083 187.529031140000000 2020  9  4 10:51:30.192049741745 28250788.2 -20044.8 -7.090276e-004
    2086 187.799047710000000 2020  9  4 10:51:30.462054312229 28250729.9 -20103.1 -7.110898e-004
    2128 191.579093709999970 2020  9  4 10:51:34.242078065872 28250237.8 -20595.2 -7.284964e-004
    2131 191.849084139999970 2020  9  4 10:51:34.512082636356 28250183.7 -20649.3 -7.304100e-004
    2134 192.119380999999980 2020  9  4 10:51:34.782368838787 28250154.0 -20679.0 -7.314606e-004
    2161 194.549175999999990 2020  9  4 10:51:37.212168574333 28249835.4 -20997.6 -7.427301e-004
    2176 195.899145289999980 2020  9  4 10:51:38.562151193619 28249646.7 -21186.3 -7.494049e-004
    2179 196.169138140000000 2020  9  4 10:51:38.832155764103 28249617.1 -21215.9 -7.504519e-004
    2182 196.439321430000010 2020  9  4 10:51:39.102321267128 28249564.3 -21268.7 -7.523195e-004
    2209 198.869187289999990 2020  9  4 10:51:41.532201468945 28249276.0 -21557.0 -7.625173e-004
    2224 200.219184569999950 2020  9  4 10:51:42.882184088230 28249091.0 -21742.0 -7.690612e-004
    2227 200.489193430000000 2020  9  4 10:51:43.152188658714 28249060.8 -21772.2 -7.701294e-004
    2230 200.759250429999980 2020  9  4 10:51:43.422233462334 28249014.1 -21818.9 -7.717813e-004
    2257 203.189262999999980 2020  9  4 10:51:45.852274596691 28248726.6 -22106.4 -7.819508e-004
    2272 204.539257289999970 2020  9  4 10:51:47.202257215977 28248569.6 -22263.4 -7.875042e-004
    2275 204.809256289999980 2020  9  4 10:51:47.472261786461 28248533.7 -22299.3 -7.887741e-004
    2305 207.509359709999980 2020  9  4 10:51:50.172347724438 28248198.6 -22634.4 -8.006273e-004
    2320 208.859328140000030 2020  9  4 10:51:51.522330343723 28248050.7 -22782.3 -8.058588e-004
    2323 209.129318140000010 2020  9  4 10:51:51.792334914207 28248011.1 -22821.9 -8.072596e-004
    2353 211.829364289999970 2020  9  4 10:51:54.492380619049 28247699.6 -23133.4 -8.182780e-004
    2368 213.178361709999990 2020  9  4 10:51:55.841357409954 28247506.0 -23327.0 -8.251260e-004
    2371 213.449397570000000 2020  9  4 10:51:56.112408041954 28247528.7 -23304.3 -8.243231e-004
    2401 216.149429430000000 2020  9  4 10:51:58.812413513660 28247229.4 -23603.6 -8.349100e-004
    2416 217.499458140000000 2020  9  4 10:52:00.162476599216 28247094.1 -23738.9 -8.396958e-004
    2419 217.769447430000010 2020  9  4 10:52:00.432440936565 28247070.4 -23762.6 -8.405341e-004
    2449 220.469478570000010 2020  9  4 10:52:03.132486641407 28246762.9 -24070.1 -8.514111e-004
    2464 221.819500569999970 2020  9  4 10:52:04.482509493828 28246622.9 -24210.1 -8.563632e-004
    2467 222.089522999999990 2020  9  4 10:52:04.752514064312 28246599.6 -24233.4 -8.571873e-004
    2497 224.789538429999990 2020  9  4 10:52:07.452519536018 28246323.8 -24509.2 -8.669430e-004
    2512 226.139659289999940 2020  9  4 10:52:08.802663087845 28246182.8 -24650.2 -8.719304e-004
    2515 226.409709289999970 2020  9  4 10:52:09.072707891464 28246150.4 -24682.6 -8.730765e-004
    2545 229.109615289999940 2020  9  4 10:52:11.772632896900 28245896.6 -24936.4 -8.820540e-004
    2560 230.459949999999990 2020  9  4 10:52:13.122937381268 28245762.3 -25070.7 -8.868044e-004
    2563 230.729734429999980 2020  9  4 10:52:13.392740786076 28245729.2 -25103.8 -8.879752e-004
    2593 233.429676289999970 2020  9  4 10:52:16.092665791512 28245487.5 -25345.5 -8.965247e-004
    2608 234.779931859999980 2020  9  4 10:52:17.442930042744 28245364.3 -25468.7 -9.008825e-004
    2641 237.749769289999930 2020  9  4 10:52:20.412779152393 28245103.5 -25729.5 -9.101076e-004
    2689 242.069814709999970 2020  9  4 10:52:24.732812047005 28244724.8 -26108.2 -9.235030e-004
    2704 243.419992429999980 2020  9  4 10:52:26.082995831966 28244609.5 -26223.5 -9.275814e-004
    2737 246.389884000000000 2020  9  4 10:52:29.052885174751 28244356.9 -26476.1 -9.365164e-004
    2785 250.709959289999940 2020  9  4 10:52:33.372958302498 28244021.4 -26811.6 -9.483838e-004
    2788 250.979981709999980 2020  9  4 10:52:33.642962872982 28243999.2 -26833.8 -9.491691e-004
    2833 255.030026000000020 2020  9  4 10:52:37.693031430244 28243682.2 -27150.8 -9.603820e-004
    2836 255.300134710000010 2020  9  4 10:52:37.963116466999 28243662.8 -27170.2 -9.610683e-004
    2881 259.350098140000000 2020  9  4 10:52:42.013104557991 28243370.9 -27462.1 -9.713934e-004
    2884 259.620108859999960 2020  9  4 10:52:42.283109128475 28243348.7 -27484.3 -9.721786e-004
    2929 263.670168289999990 2020  9  4 10:52:46.333177685738 28243065.8 -27767.2 -9.821854e-004
    2932 263.940181860000000 2020  9  4 10:52:46.603182256222 28243041.3 -27791.7 -9.830520e-004
    2977 267.990241289999970 2020  9  4 10:52:50.653250813484 28242767.1 -28065.9 -9.927511e-004
    2980 268.260260710000010 2020  9  4 10:52:50.923255383968 28242764.8 -28068.2 -9.928324e-004
    3025 272.310324569999980 2020  9  4 10:52:54.973323941231 28242484.4 -28348.6 -1.002751e-003
    3028 272.580405999999980 2020  9  4 10:52:55.243408977985 28242479.1 -28353.9 -1.002938e-003
    3073 276.630428429999990 2020  9  4 10:52:59.293437302113 28242214.0 -28619.0 -1.012315e-003
    3076 276.900414709999950 2020  9  4 10:52:59.563401639462 28242203.6 -28629.4 -1.012683e-003
    3121 280.950478999999970 2020  9  4 10:53:03.613470196724 28241963.2 -28869.8 -1.021187e-003
    3124 281.220480000000010 2020  9  4 10:53:03.883474767208 28241951.6 -28881.4 -1.021597e-003
    3136 282.301247429999990 2020  9  4 10:53:04.964257478714 28241901.8 -28931.2 -1.023359e-003
    3217 289.590650139999980 2020  9  4 10:53:12.253656685352 28241476.0 -29357.0 -1.038420e-003
    3220 289.860629570000010 2020  9  4 10:53:12.523621022701 28241470.3 -29362.7 -1.038622e-003
    3265 293.910732859999940 2020  9  4 10:53:16.573729813099 28241255.8 -29577.2 -1.046209e-003
    3268 294.180709429999980 2020  9  4 10:53:16.843694150448 28241243.4 -29589.6 -1.046648e-003
    3313 298.231204709999930 2020  9  4 10:53:20.894205272198 28241034.9 -29798.1 -1.054023e-003
    3316 298.500940000000010 2020  9  4 10:53:21.163928210735 28241017.8 -29815.2 -1.054628e-003
    3361 302.550929709999990 2020  9  4 10:53:25.213916301727 28240833.8 -29999.2 -1.061136e-003
    3364 302.820874140000000 2020  9  4 10:53:25.483880639076 28240816.1 -30016.9 -1.061762e-003
    3412 307.140980140000070 2020  9  4 10:53:29.803993999958 28240611.1 -30221.9 -1.069013e-003
    3457 311.191655289999970 2020  9  4 10:53:33.854666054249 28240430.8 -30402.2 -1.075391e-003
    3460 311.461037289999920 2020  9  4 10:53:34.124026894569 28240426.7 -30406.3 -1.075536e-003
    3508 315.781116569999880 2020  9  4 10:53:38.444100022316 28240228.0 -30605.0 -1.082564e-003
    3556 320.101193139999960 2020  9  4 10:53:42.764173150063 28240054.3 -30778.7 -1.088709e-003
    3604 324.421275429999920 2020  9  4 10:53:47.084286510944 28239889.4 -30943.6 -1.094542e-003
    3652 328.741375859999950 2020  9  4 10:53:51.404359638691 28239715.8 -31117.2 -1.100682e-003
    3700 333.061568139999960 2020  9  4 10:53:55.724553465843 28239568.7 -31264.3 -1.105885e-003
    3748 337.381521289999970 2020  9  4 10:54:00.044505894184 28239422.4 -31410.6 -1.111060e-003
    3796 341.701618709999930 2020  9  4 10:54:04.364619255066 28239270.6 -31562.4 -1.116430e-003
    3844 346.021722999999950 2020  9  4 10:54:08.684732615948 28239133.3 -31699.7 -1.121286e-003
    3892 350.341798709999980 2020  9  4 10:54:13.004805743694 28238998.7 -31834.3 -1.126047e-003
    3940 354.662179429999980 2020  9  4 10:54:17.325160503387 28238874.3 -31958.7 -1.130448e-003
    4036 363.302101429999990 2020  9  4 10:54:25.965105593204 28238625.3 -32207.7 -1.139255e-003
    4132 371.942217859999970 2020  9  4 10:54:34.605211615562 28238420.3 -32412.7 -1.146507e-003
    4180 376.262304139999970 2020  9  4 10:54:38.925284743309 28238315.1 -32517.9 -1.150228e-003
    4276 384.902495859999990 2020  9  4 10:54:47.565511465073 28238103.0 -32730.0 -1.157730e-003
    9508 855.781208139999990 2020  9  4 11:02:38.444188535213 28242484.8 -28348.2 -1.002737e-003
    9553 859.831270289999910 2020  9  4 11:02:42.494257092476 28242270.7 -28562.3 -1.010310e-003
    9556 860.101287429999960 2020  9  4 11:02:42.764301896095 28242233.8 -28599.2 -1.011615e-003
    9601 864.151335860000020 2020  9  4 11:02:46.814330220222 28242049.7 -28783.3 -1.018127e-003
    9604 864.421353429999950 2020  9  4 11:02:47.084334790707 28242030.9 -28802.1 -1.018792e-003
    9649 868.471436290000040 2020  9  4 11:02:51.134443581104 28241840.1 -28992.9 -1.025541e-003
    9697 872.791635000000040 2020  9  4 11:02:55.454637408257 28241628.9 -29204.1 -1.033012e-003
    9700 873.061506289999900 2020  9  4 11:02:55.724521279335 28241608.5 -29224.5 -1.033733e-003
    9745 877.111573290000020 2020  9  4 11:02:59.774589836597 28241442.9 -29390.1 -1.039591e-003
    9748 877.381566570000020 2020  9  4 11:03:00.044554173946 28241429.2 -29403.8 -1.040075e-003
    9793 881.431653859999870 2020  9  4 11:03:04.094662964344 28241246.5 -29586.5 -1.046538e-003
    9796 881.701659570000060 2020  9  4 11:03:04.364667534828 28241244.6 -29588.4 -1.046605e-003
    9892 890.341829139999850 2020  9  4 11:03:13.004813790321 28240897.6 -29935.4 -1.058879e-003
    9937 894.391883000000010 2020  9  4 11:03:17.054882347584 28240722.6 -30110.4 -1.065069e-003
    9940 894.661883139999990 2020  9  4 11:03:17.324886918068 28240715.6 -30117.4 -1.065317e-003
    9985 898.712034430000020 2020  9  4 11:03:21.375035941601 28240569.6 -30263.4 -1.070481e-003
    9988 898.981972570000150 2020  9  4 11:03:21.644960045815 28240553.4 -30279.6 -1.071054e-003
   10033 903.032231429999910 2020  9  4 11:03:25.695229768753 28240416.1 -30416.9 -1.075911e-003
   10036 903.302055429999880 2020  9  4 11:03:25.965073406696 28240404.1 -30428.9 -1.076335e-003
   10084 907.622137859999950 2020  9  4 11:03:30.285146534443 28240252.1 -30580.9 -1.081712e-003
   10132 911.942233429999870 2020  9  4 11:03:34.605219662189 28240128.6 -30704.4 -1.086080e-003
   10180 916.262499429999930 2020  9  4 11:03:38.925493955612 28239957.0 -30876.0 -1.092150e-003
   10276 924.902747139999970 2020  9  4 11:03:47.565760910511 28239713.7 -31119.3 -1.100756e-003
   10468 942.182794000000060 2020  9  4 11:04:04.845812022686 28239241.6 -31591.4 -1.117456e-003
   10516 946.503266570000050 2020  9  4 11:04:09.166247248650 28239128.3 -31704.7 -1.121463e-003
