   16227 1460.493345569999700 2020  9  4 11:12:43.156338036060 28299365.5 28532.5 1.009256e-003
   16515 1486.412882140000200 2020  9  4 11:13:09.075891673565 28298278.7 27445.7 9.708133e-004
   16707 1503.692479999999700 2020  9  4 11:13:26.355459988117 28297418.3 26585.3 9.403791e-004
   16803 1512.332335569999700 2020  9  4 11:13:34.995324611664 28296965.6 26132.6 9.243661e-004
   16941 1524.752040859999900 2020  9  4 11:13:47.415052056313 28296250.7 25417.7 8.990786e-004
   17133 1542.031761570000100 2020  9  4 11:14:04.694781303406 28295166.4 24333.4 8.607245e-004
   17181 1546.351702859999900 2020  9  4 11:14:09.014693498611 28294858.6 24025.6 8.498370e-004
   17229 1550.671646709999800 2020  9  4 11:14:13.334645926952 28294561.5 23728.5 8.393279e-004
   17325 1559.312302569999700 2020  9  4 11:14:21.975315213203 28293951.9 23118.9 8.177651e-004
   17469 1572.271661710000200 2020  9  4 11:14:34.934649467468 28292904.8 22071.8 7.807269e-004
   17517 1576.591613569999900 2020  9  4 11:14:39.254601895809 28292555.8 21722.8 7.683820e-004
   17645 1588.111189710000000 2020  9  4 11:14:50.774193406105 28291580.1 20747.1 7.338694e-004
   17661 1589.551355999999900 2020  9  4 11:14:52.214338481426 28291432.3 20599.3 7.286414e-004
   17693 1592.431187000000100 2020  9  4 11:14:55.094186067581 28291196.0 20363.0 7.202830e-004
   17709 1593.871053570000000 2020  9  4 11:14:56.534049510956 28291030.7 20197.7 7.144360e-004
   17757 1598.191143289999700 2020  9  4 11:15:00.854162871838 28290623.4 19790.4 7.000289e-004
   17789 1601.070999569999900 2020  9  4 11:15:03.734010457993 28290334.6 19501.6 6.898134e-004
   17837 1605.390893569999900 2020  9  4 11:15:08.053882420063 28289925.8 19092.8 6.753533e-004
   17885 1609.710838710000000 2020  9  4 11:15:12.373834848404 28289487.9 18654.9 6.598638e-004
   17901 1611.151412709999700 2020  9  4 11:15:13.814422488213 28289328.5 18495.5 6.542255e-004
   17933 1614.030792430000000 2020  9  4 11:15:16.693787276745 28289039.4 18206.4 6.439994e-004
   17947 1615.291273289999900 2020  9  4 11:15:17.954291403294 28288934.2 18101.2 6.402783e-004
   17981 1618.350747999999800 2020  9  4 11:15:21.013739705086 28288578.7 17745.7 6.277035e-004
   18029 1622.670697999999900 2020  9  4 11:15:25.333692133427 28288115.0 17282.0 6.113014e-004
   18043 1623.930711710000200 2020  9  4 11:15:26.593713462353 28287973.8 17140.8 6.063069e-004
   18077 1626.990648710000000 2020  9  4 11:15:29.653644561768 28287635.6 16802.6 5.943440e-004
   18125 1631.310625570000000 2020  9  4 11:15:33.973637223244 28287146.2 16313.2 5.770329e-004
   18136 1632.301094140000000 2020  9  4 11:15:34.964096546173 28287043.4 16210.4 5.733966e-004
   18139 1632.571339709999800 2020  9  4 11:15:35.234342515469 28287000.2 16167.2 5.718685e-004
   18173 1635.630572140000100 2020  9  4 11:15:38.293589651585 28286645.2 15812.2 5.593114e-004
   18184 1636.620578000000000 2020  9  4 11:15:39.283566176891 28286534.0 15701.0 5.553780e-004
   18187 1636.890564710000000 2020  9  4 11:15:39.553570747375 28286520.6 15687.6 5.549041e-004
   18221 1639.950525430000200 2020  9  4 11:15:42.613542079926 28286132.8 15299.8 5.411867e-004
   18269 1644.270497860000000 2020  9  4 11:15:46.933494508266 28285608.1 14775.1 5.226270e-004
   18317 1648.590459289999900 2020  9  4 11:15:51.253446936607 28285076.7 14243.7 5.038302e-004
   18328 1649.580444569999600 2020  9  4 11:15:52.243463695049 28284950.1 14117.1 4.993521e-004
   18365 1652.910417569999900 2020  9  4 11:15:55.573399364948 28284531.2 13698.2 4.845347e-004
   18376 1653.900411000000100 2020  9  4 11:15:56.563416123390 28284395.4 13562.4 4.797312e-004
   18413 1657.230380289999900 2020  9  4 11:15:59.893392026424 28283969.5 13136.5 4.646662e-004
   18424 1658.220368430000000 2020  9  4 11:16:00.883368551731 28283852.8 13019.8 4.605383e-004
   18461 1661.550359140000200 2020  9  4 11:16:04.213344454765 28283392.2 12559.2 4.442458e-004
   18472 1662.540338569999700 2020  9  4 11:16:05.203320980072 28283277.6 12444.6 4.401922e-004
   18475 1662.810450569999800 2020  9  4 11:16:05.473446249962 28283232.7 12399.7 4.386040e-004
   18520 1666.860292429999800 2020  9  4 11:16:09.523273408413 28282702.5 11869.5 4.198497e-004
   18523 1667.130422859999700 2020  9  4 11:16:09.793438911438 28282681.2 11848.2 4.190962e-004
   18557 1670.190848569999600 2020  9  4 11:16:12.853852808475 28282248.7 11415.7 4.037978e-004
   18568 1671.180262859999900 2020  9  4 11:16:13.843266069889 28282114.4 11281.4 3.990473e-004
   18571 1671.451160140000200 2020  9  4 11:16:14.114155769348 28282081.6 11248.6 3.978871e-004
   18616 1675.500253570000000 2020  9  4 11:16:18.163258731365 28281509.7 10676.7 3.776578e-004
   18664 1679.820215710000000 2020  9  4 11:16:22.483211159706 28280913.5 10080.5 3.565689e-004
   18682 1681.440323140000100 2020  9  4 11:16:24.103319048882 28280679.3 9846.3 3.482847e-004
   18712 1684.140187569999900 2020  9  4 11:16:26.803203821182 28280294.8 9461.8 3.346842e-004
   18715 1684.410229710000100 2020  9  4 11:16:27.073248624802 28280245.6 9412.6 3.329439e-004
   18730 1685.760202429999900 2020  9  4 11:16:28.423191010952 28280057.7 9224.7 3.262974e-004
   18760 1688.460157860000200 2020  9  4 11:16:31.123156249523 28279668.0 8835.0 3.125129e-004
   18763 1688.730173430000100 2020  9  4 11:16:31.393160820007 28279641.4 8808.4 3.115720e-004
   18778 1690.080156569999900 2020  9  4 11:16:32.743143439293 28279437.8 8604.8 3.043702e-004
   18808 1692.780134709999900 2020  9  4 11:16:35.443148910999 28279041.9 8208.9 2.903664e-004
   18811 1693.050157290000000 2020  9  4 11:16:35.713153481483 28278981.9 8148.9 2.882441e-004
   18826 1694.400125290000000 2020  9  4 11:16:37.063136100769 28278802.6 7969.6 2.819018e-004
   18856 1697.100121140000100 2020  9  4 11:16:39.763101339340 28278396.6 7563.6 2.675408e-004
   18859 1697.370208709999800 2020  9  4 11:16:40.033226609230 28278346.2 7513.2 2.657580e-004
   18874 1698.720135999999900 2020  9  4 11:16:41.383128762245 28278159.9 7326.9 2.591682e-004
   18904 1701.420109000000100 2020  9  4 11:16:44.083094000816 28277754.3 6921.3 2.448212e-004
   18907 1701.690965140000100 2020  9  4 11:16:44.353983700275 28277733.6 6900.6 2.440890e-004
   18922 1703.040092140000100 2020  9  4 11:16:45.703081190586 28277507.8 6674.8 2.361020e-004
   18952 1705.740084430000000 2020  9  4 11:16:48.403086662292 28277099.2 6266.2 2.216489e-004
   18970 1707.360083430000000 2020  9  4 11:16:50.023073852062 28276859.5 6026.5 2.131702e-004
   19000 1710.060185710000000 2020  9  4 11:16:52.723200023174 28276429.3 5596.3 1.979531e-004
   19018 1711.680059569999900 2020  9  4 11:16:54.343066513538 28276196.5 5363.5 1.897185e-004
   19066 1716.000046289999800 2020  9  4 11:16:58.663059175014 28275532.7 4699.7 1.662385e-004
   19114 1720.320034289999700 2020  9  4 11:17:02.983051836491 28274852.6 4019.6 1.421819e-004
   19147 1723.290301000000000 2020  9  4 11:17:05.953303277493 28274388.3 3555.3 1.257586e-004
   19162 1724.640026709999800 2020  9  4 11:17:07.303044497967 28274174.7 3341.7 1.182031e-004
   19195 1727.610255710000000 2020  9  4 11:17:10.273255705833 28273712.6 2879.6 1.018576e-004
   19210 1728.960027140000200 2020  9  4 11:17:11.623037159443 28273503.5 2670.5 9.446131e-005
   19234 1731.120296569999700 2020  9  4 11:17:13.783315122128 28273161.8 2328.8 8.237465e-005
   19255 1733.010145289999900 2020  9  4 11:17:15.673145949841 28272841.4 2008.4 7.104142e-005
   19258 1733.280017569999900 2020  9  4 11:17:15.943029820919 28272813.6 1980.6 7.005807e-005
   19282 1735.440172710000100 2020  9  4 11:17:18.103187084198 28272478.7 1645.7 5.821194e-005
   19291 1736.250454710000000 2020  9  4 11:17:18.913442194462 28272353.3 1520.3 5.377627e-005
   19306 1737.600019289999900 2020  9  4 11:17:20.263022482395 28272128.1 1295.1 4.581046e-005
   19330 1739.760023000000000 2020  9  4 11:17:22.423018813133 28271787.4  954.4 3.375918e-005
   19336 1740.300127430000000 2020  9  4 11:17:22.963108420372 28271702.9  869.9 3.077023e-005
   19339 1740.570056140000100 2020  9  4 11:17:23.233072757721 28271657.2  824.2 2.915372e-005
   19351 1741.650205140000000 2020  9  4 11:17:24.313211739063 28271501.1  668.1 2.363213e-005
   19354 1741.920007000000200 2020  9  4 11:17:24.583015143871 28271457.0  624.0 2.207222e-005
   19378 1744.080004569999800 2020  9  4 11:17:26.743011474609 28271117.0  284.0 1.004569e-005
   19402 1746.240030859999900 2020  9  4 11:17:28.903048038483 28270771.9  -61.1 -2.161238e-006
   19426 1748.400002290000000 2020  9  4 11:17:31.063004136086 28270426.5 -406.5 -1.437878e-005
   19432 1748.940176290000000 2020  9  4 11:17:31.603174209595 28270350.1 -482.9 -1.708121e-005
   19435 1749.210117000000100 2020  9  4 11:17:31.873098313808 28270299.6 -533.4 -1.886750e-005
   19447 1750.290022709999900 2020  9  4 11:17:32.953036129475 28270114.9 -718.1 -2.540074e-005
   19450 1750.560018140000000 2020  9  4 11:17:33.223000466824 28270083.3 -749.7 -2.651850e-005
   19474 1752.719996710000000 2020  9  4 11:17:35.382996797562 28269741.8 -1091.2 -3.859808e-005
   19483 1753.530167290000000 2020  9  4 11:17:36.193171441555 28269605.4 -1227.6 -4.342285e-005
   19498 1754.880421289999700 2020  9  4 11:17:37.543435692787 28269404.3 -1428.7 -5.053618e-005
   19522 1757.040005290000000 2020  9  4 11:17:39.702989459038 28269061.9 -1771.1 -6.264761e-005
   19531 1757.850081430000000 2020  9  4 11:17:40.513083636761 28268917.7 -1915.3 -6.774827e-005
   19570 1761.360010429999900 2020  9  4 11:17:44.023022353649 28268381.1 -2451.9 -8.672896e-005
   19579 1762.170042139999900 2020  9  4 11:17:44.833036065102 28268261.0 -2572.0 -9.097716e-005
   19618 1765.680017709999900 2020  9  4 11:17:48.343015015125 28267700.6 -3132.4 -1.107997e-004
   19627 1766.490108140000100 2020  9  4 11:17:49.153109192848 28267594.0 -3239.0 -1.145704e-004
   19639 1767.570167290000000 2020  9  4 11:17:50.233167707920 28267416.8 -3416.2 -1.208383e-004
   19666 1770.000027569999900 2020  9  4 11:17:52.663007676601 28267027.4 -3805.6 -1.346122e-004
   19675 1770.810358140000100 2020  9  4 11:17:53.473343253136 28266911.2 -3921.8 -1.387225e-004
   19687 1771.890041859999900 2020  9  4 11:17:54.553039669991 28266727.7 -4105.3 -1.452133e-004
   19714 1774.320047709999900 2020  9  4 11:17:56.983040571213 28266357.4 -4475.6 -1.583116e-004
   19723 1775.130712569999800 2020  9  4 11:17:57.793698012829 28266235.4 -4597.6 -1.626270e-004
   19735 1776.210059000000200 2020  9  4 11:17:58.873072564602 28266063.8 -4769.2 -1.686968e-004
   19738 1776.480796569999900 2020  9  4 11:17:59.143801331520 28266020.9 -4812.1 -1.702143e-004
   19762 1778.640059140000200 2020  9  4 11:18:01.303073465824 28265685.9 -5147.1 -1.820640e-004
   19783 1780.530083290000000 2020  9  4 11:18:03.193065226078 28265385.5 -5447.5 -1.926898e-004
   19810 1782.960084569999900 2020  9  4 11:18:05.623066127300 28265017.8 -5815.2 -2.056961e-004
   19819 1783.770639860000100 2020  9  4 11:18:06.433643102646 28264913.3 -5919.7 -2.093925e-004
   19831 1784.850070140000100 2020  9  4 11:18:07.513057887554 28264738.8 -6094.2 -2.155649e-004
   19834 1785.120155000000100 2020  9  4 11:18:07.783142924309 28264693.5 -6139.5 -2.171673e-004
   19858 1787.280101710000100 2020  9  4 11:18:09.943099021912 28264369.8 -6463.2 -2.286172e-004
   19861 1787.550543569999900 2020  9  4 11:18:10.213546156883 28264324.7 -6508.3 -2.302125e-004
   19879 1789.170102569999700 2020  9  4 11:18:11.833090782166 28264089.1 -6743.9 -2.385462e-004
   19906 1791.600447859999800 2020  9  4 11:18:14.263453781605 28263720.4 -7112.6 -2.515879e-004
   19915 1792.410138860000000 2020  9  4 11:18:15.073145627975 28263597.7 -7235.3 -2.559281e-004
   19927 1793.490114289999800 2020  9  4 11:18:16.153123676777 28263441.4 -7391.6 -2.614567e-004
   19930 1793.760137710000000 2020  9  4 11:18:16.423128247261 28263411.0 -7422.0 -2.625321e-004
   19954 1795.920133000000100 2020  9  4 11:18:18.583124577999 28263078.3 -7754.7 -2.743004e-004
   19975 1797.810128859999800 2020  9  4 11:18:20.473116338253 28262798.9 -8034.1 -2.841833e-004
