    3600 324.063153999999940 2020  9  4 10:53:46.726171374321 28302895.9 32062.9 1.134134e-003
    3792 341.342842140000070 2020  9  4 10:54:04.005860388279 28302463.0 31630.0 1.118821e-003
    3936 354.303058289999970 2020  9  4 10:54:16.966039538383 28302094.2 31261.2 1.105776e-003
    3987 358.892710999999960 2020  9  4 10:54:21.555714905262 28301924.8 31091.8 1.099784e-003
    4032 362.942562000000010 2020  9  4 10:54:25.605542063713 28301805.6 30972.6 1.095567e-003
    4080 367.262225290000000 2020  9  4 10:54:29.925212860107 28301679.5 30846.5 1.091107e-003
    4227 380.491964429999940 2020  9  4 10:54:43.154954016209 28301229.3 30396.3 1.075182e-003
    4272 384.541939709999950 2020  9  4 10:54:47.204942107201 28301063.4 30230.4 1.069314e-003
    4275 384.812013999999980 2020  9  4 10:54:47.475027143955 28301005.2 30172.2 1.067255e-003
    4323 389.131795999999950 2020  9  4 10:54:51.794778406620 28300871.6 30038.6 1.062530e-003
    4371 393.451906289999950 2020  9  4 10:54:56.114891767502 28300690.7 29857.7 1.056131e-003
    4563 410.731467289999960 2020  9  4 10:55:13.394460082054 28299881.1 29048.1 1.027494e-003
    4611 415.051320859999980 2020  9  4 10:55:17.714332044125 28299691.8 28858.8 1.020798e-003
    4659 419.371250859999980 2020  9  4 10:55:22.034244239330 28299463.5 28630.5 1.012722e-003
    4707 423.691163429999960 2020  9  4 10:55:26.354156434536 28299228.4 28395.4 1.004406e-003
    4755 428.011097139999950 2020  9  4 10:55:30.674108862877 28298985.3 28152.3 9.958072e-004
    4777 429.991462999999950 2020  9  4 10:55:32.654464244843 28298863.1 28030.1 9.914848e-004
    4803 432.331017999999910 2020  9  4 10:55:34.994021058083 28298732.5 27899.5 9.868652e-004
    4825 434.311006709999960 2020  9  4 10:55:36.974014341831 28298605.6 27772.6 9.823764e-004
    4845 436.111314139999930 2020  9  4 10:55:38.774326443672 28298525.5 27692.5 9.795431e-004
    4851 436.650941430000050 2020  9  4 10:55:39.313933253288 28298479.1 27646.1 9.779019e-004
    4899 440.970873709999980 2020  9  4 10:55:43.633885681629 28298212.6 27379.6 9.684752e-004
    4947 445.291403139999940 2020  9  4 10:55:47.954401373863 28297950.2 27117.2 9.591935e-004
    4989 449.071000429999970 2020  9  4 10:55:51.733982563019 28297697.2 26864.2 9.502444e-004
    4995 449.610755289999990 2020  9  4 10:55:52.273750305176 28297643.3 26810.3 9.483378e-004
    5037 453.390682290000030 2020  9  4 10:55:56.053693592548 28297388.0 26555.0 9.393073e-004
    5043 453.930741289999960 2020  9  4 10:55:56.593742966652 28297361.1 26528.1 9.383558e-004
    5091 458.250593999999980 2020  9  4 10:56:00.913574695587 28297037.0 26204.0 9.268917e-004
    5139 462.570543999999980 2020  9  4 10:56:05.233527123928 28296740.5 25907.5 9.164038e-004
    5187 466.890637569999970 2020  9  4 10:56:09.553640484810 28296393.3 25560.3 9.041226e-004
    5229 470.670399429999970 2020  9  4 10:56:13.333382606506 28296081.1 25248.1 8.930795e-004
    5235 471.210398709999940 2020  9  4 10:56:13.873391747475 28296044.9 25211.9 8.917990e-004
    5283 475.530371709999940 2020  9  4 10:56:18.193384408951 28295685.7 24852.7 8.790933e-004
    5325 479.310260430000030 2020  9  4 10:56:21.973247230053 28295362.7 24529.7 8.676681e-004
    5373 483.630290430000000 2020  9  4 10:56:26.293280124664 28294986.5 24153.5 8.543611e-004
    5421 487.950125289999960 2020  9  4 10:56:30.613111853600 28294577.9 23744.9 8.399080e-004
    5427 488.490462569999980 2020  9  4 10:56:31.153442859650 28294518.5 23685.5 8.378069e-004
    5438 489.480783289999980 2020  9  4 10:56:32.143781483173 28294460.2 23627.2 8.357447e-004
    5469 492.270066999999980 2020  9  4 10:56:34.933064281940 28294171.0 23338.0 8.255151e-004
    5517 496.590007999999950 2020  9  4 10:56:39.253016710281 28293748.6 22915.6 8.105739e-004
    5565 500.909947859999990 2020  9  4 10:56:43.572928905487 28293310.5 22477.5 7.950774e-004
    5582 502.440288140000010 2020  9  4 10:56:45.103276669979 28293147.5 22314.5 7.893117e-004
    5613 505.229877859999990 2020  9  4 10:56:47.892881333828 28292847.7 22014.7 7.787072e-004
    5630 506.759901000000010 2020  9  4 10:56:49.422907233238 28292669.8 21836.8 7.724145e-004
    5641 507.749874430000030 2020  9  4 10:56:50.412883758545 28292564.2 21731.2 7.686792e-004
    5645 508.109846000000060 2020  9  4 10:56:50.772849619389 28292527.5 21694.5 7.673810e-004
    5661 509.549817570000020 2020  9  4 10:56:52.212833762169 28292374.1 21541.1 7.619549e-004
    5678 511.079834570000000 2020  9  4 10:56:53.742819428444 28292193.7 21360.7 7.555738e-004
    5684 511.619901430000030 2020  9  4 10:56:54.282909035683 28292155.5 21322.5 7.542226e-004
    5689 512.069844429999990 2020  9  4 10:56:54.732836186886 28292097.9 21264.9 7.521851e-004
    5693 512.429787710000030 2020  9  4 10:56:55.092802047729 28292055.6 21222.6 7.506889e-004
    5726 515.399913429999970 2020  9  4 10:56:58.062932789326 28291706.4 20873.4 7.383369e-004
    5737 516.389778140000090 2020  9  4 10:56:59.052788615227 28291593.4 20760.4 7.343399e-004
    5741 516.749743290000080 2020  9  4 10:56:59.412754476070 28291551.9 20718.9 7.328719e-004
    5755 518.009743000000070 2020  9  4 10:57:00.672735571861 28291391.1 20558.1 7.271841e-004
    5757 518.189713140000090 2020  9  4 10:57:00.852698385715 28291378.0 20545.0 7.267207e-004
    5774 519.719971140000100 2020  9  4 10:57:02.382965683937 28291188.3 20355.3 7.200106e-004
    5789 521.069681289999950 2020  9  4 10:57:03.732666671276 28291037.0 20204.0 7.146588e-004
    5805 522.509657570000060 2020  9  4 10:57:05.172650814056 28290866.5 20033.5 7.086279e-004
    5828 524.579890140000090 2020  9  4 10:57:07.242887020111 28290586.6 19753.6 6.987272e-004
    5837 525.389623859999920 2020  9  4 10:57:08.052619099617 28290510.5 19677.5 6.960354e-004
    5853 526.829607709999890 2020  9  4 10:57:09.492603242397 28290318.6 19485.6 6.892475e-004
    5870 528.359641570000010 2020  9  4 10:57:11.022629141808 28290136.1 19303.1 6.827920e-004
    5876 528.900022999999920 2020  9  4 10:57:11.563040614128 28290061.7 19228.7 6.801604e-004
    5885 529.709569429999990 2020  9  4 10:57:12.372571527958 28289958.1 19125.1 6.764958e-004
    5899 530.969654999999880 2020  9  4 10:57:13.632673323154 28289791.5 18958.5 6.706028e-004
    5901 531.149564570000050 2020  9  4 10:57:13.812555670738 28289769.4 18936.4 6.698211e-004
    5918 532.679573290000120 2020  9  4 10:57:15.342581570148 28289565.2 18732.2 6.625981e-004
    5933 534.029521289999930 2020  9  4 10:57:16.692523956299 28289387.4 18554.4 6.563089e-004
    5947 535.289533570000230 2020  9  4 10:57:17.952545285225 28289214.2 18381.2 6.501825e-004
    5949 535.469515859999890 2020  9  4 10:57:18.132508099079 28289199.5 18366.5 6.496625e-004
    5981 538.349470709999990 2020  9  4 10:57:21.012476384640 28288799.0 17966.0 6.354960e-004
    5995 539.609482710000070 2020  9  4 10:57:22.272497713566 28288628.2 17795.2 6.294544e-004
    5997 539.789481430000140 2020  9  4 10:57:22.452500760555 28288608.4 17775.4 6.287540e-004
    6014 541.320375860000010 2020  9  4 10:57:23.983371555805 28288390.5 17557.5 6.210464e-004
    6029 542.669428429999930 2020  9  4 10:57:25.332428812981 28288202.8 17369.8 6.144071e-004
    6043 543.929425570000030 2020  9  4 10:57:26.592409908772 28288024.2 17191.2 6.080896e-004
    6045 544.110217999999920 2020  9  4 10:57:26.773217618465 28288018.0 17185.0 6.078703e-004
    6077 546.989378290000100 2020  9  4 10:57:29.652381241322 28287584.0 16751.0 5.925188e-004
    6091 548.249416139999990 2020  9  4 10:57:30.912402570248 28287400.1 16567.1 5.860139e-004
    6121 550.949358139999960 2020  9  4 10:57:33.612367808819 28286996.8 16163.8 5.717483e-004
    6125 551.309337290000030 2020  9  4 10:57:33.972333669662 28286942.1 16109.1 5.698134e-004
    6139 552.569325709999930 2020  9  4 10:57:35.232314765453 28286756.8 15923.8 5.632590e-004
    6169 555.269306860000030 2020  9  4 10:57:37.932320237160 28286336.9 15503.9 5.484062e-004
    6173 555.629288289999980 2020  9  4 10:57:38.292286098003 28286285.6 15452.6 5.465916e-004
    6184 556.619289429999980 2020  9  4 10:57:39.282302856445 28286137.2 15304.2 5.413424e-004
    6187 556.889304000000040 2020  9  4 10:57:39.552307426929 28286090.4 15257.4 5.396870e-004
    6203 558.329894570000080 2020  9  4 10:57:40.992895066738 28285853.4 15020.4 5.313038e-004
    6217 559.589987430000060 2020  9  4 10:57:42.252996861935 28285668.3 14835.3 5.247564e-004
    6221 559.949255709999870 2020  9  4 10:57:42.612238526344 28285614.0 14781.0 5.228357e-004
    6232 560.939244570000030 2020  9  4 10:57:43.602255284786 28285450.6 14617.6 5.170559e-004
    6235 561.209259709999970 2020  9  4 10:57:43.872259855270 28285408.5 14575.5 5.155667e-004
    6265 563.909258429999910 2020  9  4 10:57:46.572265326977 28284994.9 14161.9 5.009368e-004
    6269 564.269224570000010 2020  9  4 10:57:46.932231187820 28284921.8 14088.8 4.983511e-004
    6280 565.259215289999930 2020  9  4 10:57:47.922207713127 28284756.5 13923.5 4.925041e-004
    6283 565.529218709999900 2020  9  4 10:57:48.192212283611 28284709.7 13876.7 4.908486e-004
    6313 568.229201570000100 2020  9  4 10:57:50.892217755318 28284282.9 13449.9 4.757518e-004
    6317 568.589189570000140 2020  9  4 10:57:51.252183616161 28284219.9 13386.9 4.735234e-004
    6328 569.579171140000080 2020  9  4 10:57:52.242160141468 28284052.2 13219.2 4.675915e-004
    6331 569.849176999999940 2020  9  4 10:57:52.512164711952 28284002.0 13169.0 4.658158e-004
    6361 572.549170860000000 2020  9  4 10:57:55.212170183659 28283546.3 12713.3 4.496967e-004
    6365 572.909156139999940 2020  9  4 10:57:55.572136044502 28283487.5 12654.5 4.476168e-004
    6376 573.899141859999990 2020  9  4 10:57:56.562152802944 28283318.1 12485.1 4.416248e-004
    6379 574.169154139999930 2020  9  4 10:57:56.832157373428 28283276.8 12443.8 4.401639e-004
    6409 576.869156139999860 2020  9  4 10:57:59.532162845135 28282818.7 11985.7 4.239599e-004
    6413 577.229122709999960 2020  9  4 10:57:59.892128705978 28282751.5 11918.5 4.215829e-004
    6424 578.219100860000030 2020  9  4 10:58:00.882105231285 28282576.3 11743.3 4.153857e-004
    6427 578.489119289999960 2020  9  4 10:58:01.152109801769 28282533.5 11700.5 4.138718e-004
    6457 581.189145570000160 2020  9  4 10:58:03.852155506611 28282055.0 11222.0 3.969462e-004
    6472 582.539067859999930 2020  9  4 10:58:05.202057659626 28281817.0 10984.0 3.885276e-004
    6475 582.809078000000000 2020  9  4 10:58:05.472062230110 28281769.7 10936.7 3.868545e-004
    6491 584.249086860000030 2020  9  4 10:58:06.912086606026 28281497.8 10664.8 3.772369e-004
    6505 585.509095710000000 2020  9  4 10:58:08.172107934952 28281277.5 10444.5 3.694444e-004
    6520 586.859052709999900 2020  9  4 10:58:09.522050321102 28281043.6 10210.6 3.611708e-004
    6523 587.129061709999970 2020  9  4 10:58:09.792054891586 28280987.7 10154.7 3.591935e-004
    6553 589.829069709999890 2020  9  4 10:58:12.492060363293 28280501.4 9668.4 3.419920e-004
    6568 591.179011430000060 2020  9  4 10:58:13.842002749443 28280246.3 9413.3 3.329686e-004
    6571 591.449027709999880 2020  9  4 10:58:14.112047553062 28280201.5 9368.5 3.313839e-004
    6586 592.799031570000240 2020  9  4 10:58:15.462030172348 28279951.3 9118.3 3.225338e-004
    6587 592.889050000000000 2020  9  4 10:58:15.552031695843 28279920.2 9087.2 3.214338e-004
    6601 594.149016999999960 2020  9  4 10:58:16.812012791634 28279698.4 8865.4 3.135882e-004
    6616 595.498989290000050 2020  9  4 10:58:18.161995410919 28279444.4 8611.4 3.046037e-004
    6619 595.768998860000010 2020  9  4 10:58:18.431999981403 28279396.0 8563.0 3.028917e-004
    6634 597.118999710000030 2020  9  4 10:58:19.781982600689 28279135.5 8302.5 2.936772e-004
    6635 597.209356430000070 2020  9  4 10:58:19.872346222401 28279129.6 8296.6 2.934685e-004
    6649 598.468998859999940 2020  9  4 10:58:21.132005453110 28278878.3 8045.3 2.845795e-004
    6653 598.828997289999960 2020  9  4 10:58:21.492011547089 28278819.7 7986.7 2.825067e-004
    6658 599.279004570000210 2020  9  4 10:58:21.942019164562 28278757.3 7924.3 2.802995e-004
    6664 599.818973140000030 2020  9  4 10:58:22.481988072395 28278629.8 7796.8 2.757895e-004
    6667 600.088977290000120 2020  9  4 10:58:22.751992642879 28278574.1 7741.1 2.738193e-004
    6682 601.438982710000000 2020  9  4 10:58:24.101975262165 28278317.5 7484.5 2.647428e-004
    6697 602.788994290000120 2020  9  4 10:58:25.451998114586 28278053.3 7220.3 2.553975e-004
    6701 603.149085140000010 2020  9  4 10:58:25.812084674835 28277974.4 7141.4 2.526066e-004
    6712 604.138957430000000 2020  9  4 10:58:26.801940500736 28277797.5 6964.5 2.463493e-004
    6715 604.408959289999980 2020  9  4 10:58:27.071945071220 28277744.4 6911.4 2.444710e-004
    6730 605.758957710000000 2020  9  4 10:58:28.421967923641 28277487.0 6654.0 2.353663e-004
    6745 607.109532710000050 2020  9  4 10:58:29.772513806820 28277213.0 6380.0 2.256743e-004
    6749 607.469189999999910 2020  9  4 10:58:30.132198035717 28277141.0 6308.0 2.231275e-004
    6760 608.458955999999940 2020  9  4 10:58:31.121973395348 28276966.9 6133.9 2.169692e-004
    6763 608.728963710000020 2020  9  4 10:58:31.391977965832 28276904.8 6071.8 2.147726e-004
    6778 610.078946570000200 2020  9  4 10:58:32.741960585117 28276654.5 5821.5 2.059189e-004
    6808 612.779028290000040 2020  9  4 10:58:35.442046523094 28276108.8 5275.8 1.866164e-004
    6811 613.048924999999940 2020  9  4 10:58:35.711930394173 28276059.6 5226.6 1.848761e-004
    6826 614.398928429999960 2020  9  4 10:58:37.061913013458 28275789.3 4956.3 1.753150e-004
    6841 615.749008000000000 2020  9  4 10:58:38.412016332150 28275504.1 4671.1 1.652268e-004
    6859 617.368907139999920 2020  9  4 10:58:40.031923055649 28275201.5 4368.5 1.545232e-004
    6874 618.718907860000060 2020  9  4 10:58:41.381905674934 28274933.6 4100.6 1.450470e-004
    6907 621.688912290000080 2020  9  4 10:58:44.351915717125 28274334.6 3501.6 1.238591e-004
    6922 623.038900000000010 2020  9  4 10:58:45.701898336411 28274065.2 3232.2 1.143298e-004
    6946 625.199227139999950 2020  9  4 10:58:47.862216532230 28273619.6 2786.6 9.856802e-005
    6955 626.008888710000060 2020  9  4 10:58:48.671908378601 28273467.8 2634.8 9.319853e-005
    6970 627.358895289999960 2020  9  4 10:58:50.021890997887 28273191.8 2358.8 8.343582e-005
    6994 629.518909710000000 2020  9  4 10:58:52.181927561760 28272742.9 1909.9 6.755726e-005
    7003 630.328887570000120 2020  9  4 10:58:52.991901040077 28272589.8 1756.8 6.214178e-005
    7015 631.409085570000120 2020  9  4 10:58:54.072080254555 28272388.1 1555.1 5.500722e-005
    7018 631.678884570000260 2020  9  4 10:58:54.341883659363 28272317.4 1484.4 5.250641e-005
    7030 632.759551709999980 2020  9  4 10:58:55.422545671463 28272104.1 1271.1 4.496153e-005
    7042 633.838882000000010 2020  9  4 10:58:56.501879990101 28271879.4 1046.4 3.701341e-005
    7045 634.109146710000000 2020  9  4 10:58:56.772166192532 28271822.5  989.5 3.500074e-005
    7048 634.378900710000040 2020  9  4 10:58:57.041889131069 28271757.3  924.3 3.269447e-005
    7051 634.648888860000060 2020  9  4 10:58:57.311893701553 28271709.9  876.9 3.101783e-005
    7063 635.729576430000070 2020  9  4 10:58:58.392595946789 28271516.1  683.1 2.416271e-005
    7066 635.999188570000110 2020  9  4 10:58:58.662198185921 28271439.9  606.9 2.146735e-005
    7090 638.158883000000060 2020  9  4 10:59:00.821872651577 28271001.8  168.8 5.970818e-006
    7096 638.699089000000070 2020  9  4 10:59:01.362082958221 28270889.5   56.5 1.998526e-006
    7099 638.968886140000000 2020  9  4 10:59:01.631886363029 28270835.3    2.3 8.135593e-008
    7111 640.049304860000010 2020  9  4 10:59:02.712306976318 28270608.6 -224.4 -7.937509e-006
    7114 640.318881860000030 2020  9  4 10:59:02.981868982315 28270551.2 -281.8 -9.967870e-006
    7138 642.478884570000220 2020  9  4 10:59:05.141865313053 28270113.1 -719.9 -2.546441e-005
    7144 643.018915139999990 2020  9  4 10:59:05.681914687157 28270016.6 -816.4 -2.887782e-005
    7147 643.288882430000170 2020  9  4 10:59:05.951879024506 28269957.3 -875.7 -3.097539e-005
    7162 644.639636709999990 2020  9  4 10:59:07.302626073360 28269705.3 -1127.7 -3.988917e-005
    7186 646.798893860000130 2020  9  4 10:59:09.461898207664 28269249.7 -1583.3 -5.600472e-005
    7195 647.608887860000100 2020  9  4 10:59:10.271871685982 28269081.7 -1751.3 -6.194724e-005
    7234 651.118893140000070 2020  9  4 10:59:13.781890869141 28268371.4 -2461.6 -8.707207e-005
    7243 651.928889430000030 2020  9  4 10:59:14.591904580593 28268206.6 -2626.4 -9.290140e-005
    7255 653.009707710000040 2020  9  4 10:59:15.672727525234 28267976.3 -2856.7 -1.010476e-004
    7282 655.438899999999990 2020  9  4 10:59:18.101883530617 28267496.9 -3336.1 -1.180050e-004
    7291 656.248904290000040 2020  9  4 10:59:18.911897242069 28267344.5 -3488.5 -1.233957e-004
    7303 657.329112429999900 2020  9  4 10:59:19.992116689682 28267132.0 -3701.0 -1.309123e-004
    7330 659.758915860000000 2020  9  4 10:59:22.421916425228 28266640.8 -4192.2 -1.482871e-004
    7339 660.568927139999910 2020  9  4 10:59:23.231930136681 28266469.6 -4363.4 -1.543428e-004
    7351 661.648933290000060 2020  9  4 10:59:24.311948418617 28266248.9 -4584.1 -1.621494e-004
    7378 664.078942710000090 2020  9  4 10:59:26.741949319839 28265786.2 -5046.8 -1.785161e-004
    7381 664.349016859999890 2020  9  4 10:59:27.012034356594 28265718.4 -5114.6 -1.809144e-004
    7387 664.888928709999960 2020  9  4 10:59:27.551922798157 28265607.3 -5225.7 -1.848442e-004
    7399 665.968930140000000 2020  9  4 10:59:28.631941080093 28265402.4 -5430.6 -1.920920e-004
    7402 666.239314570000150 2020  9  4 10:59:28.902307748795 28265357.8 -5475.2 -1.936696e-004
    7414 667.319695139999910 2020  9  4 10:59:29.982688128948 28265138.3 -5694.7 -2.014338e-004
    7426 668.398946570000130 2020  9  4 10:59:31.061941981316 28264931.3 -5901.7 -2.087558e-004
    7429 668.668952999999990 2020  9  4 10:59:31.331946551800 28264868.6 -5964.4 -2.109736e-004
    7432 668.939379000000030 2020  9  4 10:59:31.602393686771 28264820.8 -6012.2 -2.126644e-004
    7435 669.208942860000090 2020  9  4 10:59:31.871955692768 28264776.5 -6056.5 -2.142314e-004
    7447 670.288955710000100 2020  9  4 10:59:32.951973974705 28264560.6 -6272.4 -2.218682e-004
    7474 672.718972140000120 2020  9  4 10:59:35.381974875927 28264094.9 -6738.1 -2.383410e-004
    7483 673.528966429999970 2020  9  4 10:59:36.191948354244 28263929.1 -6903.9 -2.442058e-004
    7495 674.608971000000110 2020  9  4 10:59:37.271966636181 28263721.7 -7111.3 -2.515419e-004
    7510 675.958990139999970 2020  9  4 10:59:38.621989488602 28263453.9 -7379.1 -2.610146e-004
    7525 677.309208429999900 2020  9  4 10:59:39.972213506699 28263203.2 -7629.8 -2.698824e-004
    7531 677.848980709999980 2020  9  4 10:59:40.511981248856 28263112.1 -7720.9 -2.731048e-004
    7543 678.928981000000020 2020  9  4 10:59:41.591999530792 28262896.6 -7936.4 -2.807275e-004
    7558 680.278987710000140 2020  9  4 10:59:42.941982150078 28262645.6 -8187.4 -2.896059e-004
    7579 682.169001429999980 2020  9  4 10:59:44.832014143467 28262281.3 -8551.7 -3.024920e-004
    7591 683.249000860000020 2020  9  4 10:59:45.911992192268 28262085.8 -8747.2 -3.094072e-004
    7595 683.609237860000010 2020  9  4 10:59:46.272239685059 28262015.3 -8817.7 -3.119010e-004
    7606 684.599025709999980 2020  9  4 10:59:47.262015044689 28261836.4 -8996.6 -3.182290e-004
    7627 686.489035000000060 2020  9  4 10:59:49.152047038078 28261480.3 -9352.7 -3.308251e-004
    7639 687.569030290000000 2020  9  4 10:59:50.232025086880 28261283.3 -9549.7 -3.377934e-004
    7654 688.919047709999970 2020  9  4 10:59:51.582047939301 28261038.8 -9794.2 -3.464419e-004
    7669 690.269422570000070 2020  9  4 10:59:52.932432889938 28260784.2 -10048.8 -3.554476e-004
    7675 690.809058429999940 2020  9  4 10:59:53.472039699554 28260688.6 -10144.4 -3.588292e-004
    7687 691.889047570000120 2020  9  4 10:59:54.552057981491 28260496.0 -10337.0 -3.656419e-004
    7699 692.969176999999950 2020  9  4 10:59:55.632196962833 28260295.5 -10537.5 -3.727340e-004
    7702 693.239086290000050 2020  9  4 10:59:55.902080833912 28260259.0 -10574.0 -3.740251e-004
    7717 694.589096430000040 2020  9  4 10:59:57.252103686333 28260017.1 -10815.9 -3.825816e-004
    7723 695.129429859999960 2020  9  4 10:59:57.792434692383 28259915.3 -10917.7 -3.861825e-004
    7735 696.209140140000040 2020  9  4 10:59:58.872131109238 28259714.8 -11118.2 -3.932746e-004
    7747 697.289446430000110 2020  9  4 10:59:59.952431023121 28259545.2 -11287.8 -3.992737e-004
    7750 697.559114429999910 2020  9  4 11:00:00.222113728523 28259480.5 -11352.5 -4.015623e-004
    7765 698.909130710000000 2020  9  4 11:00:01.572136580944 28259244.0 -11589.0 -4.099278e-004
    7783 700.529135290000000 2020  9  4 11:00:03.192123770714 28258974.3 -11858.7 -4.194677e-004
    7798 701.879147289999990 2020  9  4 11:00:04.542146623135 28258748.1 -12084.9 -4.274688e-004
    7813 703.229194570000120 2020  9  4 11:00:05.892209708691 28258514.6 -12318.4 -4.357282e-004
    7861 707.549319570000080 2020  9  4 11:00:10.212323069572 28257770.6 -13062.4 -4.620451e-004
    7909 711.869194139999880 2020  9  4 11:00:14.532195031643 28257071.9 -13761.1 -4.867596e-004
    7942 714.839307859999960 2020  9  4 11:00:17.502325773239 28256574.2 -14258.8 -5.043643e-004
    7957 716.189239290000050 2020  9  4 11:00:18.852227926254 28256374.1 -14458.9 -5.114423e-004
    7963 716.729407000000040 2020  9  4 11:00:19.392397999763 28256277.0 -14556.0 -5.148769e-004
    7990 719.159623999999890 2020  9  4 11:00:21.822640299797 28255899.6 -14933.4 -5.282264e-004
    8005 720.509360710000010 2020  9  4 11:00:23.172341287136 28255699.4 -15133.6 -5.353079e-004
    8038 723.479432290000090 2020  9  4 11:00:26.142431795597 28255222.9 -15610.1 -5.521627e-004
    8053 724.829317709999940 2020  9  4 11:00:27.492333948612 28255027.6 -15805.4 -5.590709e-004
    8059 725.369585139999910 2020  9  4 11:00:28.032584488392 28254922.7 -15910.3 -5.627814e-004
    8101 729.149366859999990 2020  9  4 11:00:31.812366843224 28254390.2 -16442.8 -5.816171e-004
    8107 729.689444570000210 2020  9  4 11:00:32.352456450462 28254321.5 -16511.5 -5.840472e-004
    8134 732.119904430000020 2020  9  4 11:00:34.782899916172 28253967.0 -16866.0 -5.965866e-004
    8149 733.469410999999920 2020  9  4 11:00:36.132399737835 28253769.5 -17063.5 -6.035726e-004
    8155 734.009433000000060 2020  9  4 11:00:36.672449111938 28253683.1 -17149.9 -6.066287e-004
    8179 736.169459429999960 2020  9  4 11:00:38.832445442677 28253386.6 -17446.4 -6.171166e-004
    8182 736.439462999999930 2020  9  4 11:00:39.102450013161 28253335.7 -17497.3 -6.189170e-004
    8197 737.789464290000070 2020  9  4 11:00:40.452472865582 28253157.6 -17675.4 -6.252168e-004
    8203 738.329476140000000 2020  9  4 11:00:40.992482006550 28253077.6 -17755.4 -6.280466e-004
    8227 740.489505860000010 2020  9  4 11:00:43.152518570423 28252780.4 -18052.6 -6.385592e-004
    8230 740.759582000000020 2020  9  4 11:00:43.422563374043 28252746.2 -18086.8 -6.397689e-004
    8245 742.109504140000010 2020  9  4 11:00:44.772505760193 28252563.3 -18269.7 -6.462385e-004
    8272 744.539825859999950 2020  9  4 11:00:47.202828526497 28252230.4 -18602.6 -6.580139e-004
    8275 744.809540139999970 2020  9  4 11:00:47.472551465034 28252202.3 -18630.7 -6.590078e-004
    8278 745.079762860000070 2020  9  4 11:00:47.742757201195 28252166.1 -18666.9 -6.602883e-004
    8293 746.429557139999930 2020  9  4 11:00:49.092538654804 28251996.6 -18836.4 -6.662839e-004
    8320 748.859601289999890 2020  9  4 11:00:51.522620022297 28251673.8 -19159.2 -6.777020e-004
    8323 749.129578710000030 2020  9  4 11:00:51.792584359646 28251642.8 -19190.2 -6.787985e-004
    8326 749.399600570000080 2020  9  4 11:00:52.062588930130 28251614.1 -19218.9 -6.798137e-004
    8341 750.749609429999960 2020  9  4 11:00:53.412611782551 28251441.9 -19391.1 -6.859048e-004
    8368 753.179643710000050 2020  9  4 11:00:55.842652916908 28251124.9 -19708.1 -6.971178e-004
    8371 753.449630999999950 2020  9  4 11:00:56.112617254257 28251104.1 -19728.9 -6.978535e-004
    8374 753.719640570000140 2020  9  4 11:00:56.382621824741 28251069.8 -19763.2 -6.990668e-004
    8389 755.069711999999980 2020  9  4 11:00:57.732725143433 28250898.3 -19934.7 -7.051331e-004
    8419 757.769686289999980 2020  9  4 11:01:00.432690382004 28250570.9 -20262.1 -7.167139e-004
    8467 762.089782570000240 2020  9  4 11:01:04.752763509750 28250072.1 -20760.9 -7.343576e-004
    8515 766.409822859999960 2020  9  4 11:01:09.072836637497 28249565.7 -21267.3 -7.522700e-004
    8563 770.729875430000110 2020  9  4 11:01:13.392869532108 28249095.2 -21737.8 -7.689126e-004
    8608 774.779934570000250 2020  9  4 11:01:17.442938089371 28248652.6 -22180.4 -7.845683e-004
    8611 775.049915429999940 2020  9  4 11:01:17.712902426720 28248640.6 -22192.4 -7.849928e-004
    8641 777.750245289999950 2020  9  4 11:01:20.413229763508 28248365.9 -22467.1 -7.947095e-004
    8656 779.099989860000050 2020  9  4 11:01:21.762970983982 28248211.3 -22621.7 -8.001780e-004
    8659 779.369975139999950 2020  9  4 11:01:22.032975554466 28248198.9 -22634.1 -8.006167e-004
    8707 783.690056860000030 2020  9  4 11:01:26.353048682213 28247763.9 -23069.1 -8.160035e-004
    8737 786.390098139999960 2020  9  4 11:01:29.053094387054 28247505.9 -23327.1 -8.251296e-004
    8752 787.740116570000050 2020  9  4 11:01:30.403117239475 28247360.2 -23472.8 -8.302833e-004
    8755 788.010104289999960 2020  9  4 11:01:30.673121809959 28247350.1 -23482.9 -8.306405e-004
    8785 790.710176860000050 2020  9  4 11:01:33.373167514801 28247095.5 -23737.5 -8.396463e-004
    8800 792.060178709999950 2020  9  4 11:01:34.723190367222 28246957.6 -23875.4 -8.445241e-004
    8803 792.330157139999870 2020  9  4 11:01:34.993154704571 28246954.2 -23878.8 -8.446444e-004
    8833 795.030206139999900 2020  9  4 11:01:37.693200409412 28246709.4 -24123.6 -8.533035e-004
    8851 796.650236859999950 2020  9  4 11:01:39.313227832317 28246568.6 -24264.4 -8.582839e-004
    8881 799.350277139999890 2020  9  4 11:01:42.013273537159 28246326.1 -24506.9 -8.668616e-004
    8899 800.970308140000040 2020  9  4 11:01:43.633300960064 28246193.5 -24639.5 -8.715520e-004
    8929 803.670329290000040 2020  9  4 11:01:46.333346664906 28245963.5 -24869.5 -8.796876e-004
    8944 805.021050859999950 2020  9  4 11:01:47.684053480625 28245875.4 -24957.6 -8.828038e-004
    8947 805.290361430000080 2020  9  4 11:01:47.953374087811 28245825.4 -25007.6 -8.845724e-004
    8977 807.990396000000030 2020  9  4 11:01:50.653379559517 28245613.2 -25219.8 -8.920784e-004
    8995 809.610526859999940 2020  9  4 11:01:52.273527681828 28245474.9 -25358.1 -8.969704e-004
    9025 812.310499570000050 2020  9  4 11:01:54.973492920399 28245280.5 -25552.5 -9.038467e-004
    9073 816.630543859999990 2020  9  4 11:01:59.293525815010 28244954.9 -25878.1 -9.153639e-004
    9121 820.950607139999870 2020  9  4 11:02:03.613598942757 28244632.3 -26200.7 -9.267750e-004
    9169 825.270673430000100 2020  9  4 11:02:07.933672070503 28244331.3 -26501.7 -9.374220e-004
    9217 829.590742290000090 2020  9  4 11:02:12.253745198250 28244042.0 -26791.0 -9.476551e-004
    9265 833.910823999999930 2020  9  4 11:02:16.573818325996 28243758.5 -27074.5 -9.576831e-004
    9313 838.230887140000050 2020  9  4 11:02:20.893891453743 28243481.2 -27351.8 -9.674918e-004
    9361 842.550959289999920 2020  9  4 11:02:25.213964581490 28243219.5 -27613.5 -9.767487e-004
    9409 846.871045709999980 2020  9  4 11:02:29.534037709236 28242976.7 -27856.3 -9.853371e-004
    9457 851.191268289999930 2020  9  4 11:02:33.854271769524 28242712.6 -28120.4 -9.946789e-004
    9505 855.511193139999930 2020  9  4 11:02:38.174183964729 28242484.8 -28348.2 -1.002737e-003
