    9493 854.392454570000040 2020  1  2 05:37:20.997447073460 28277998.9 7165.9 2.534733e-004
    9541 858.712417709999950 2020  1  2 05:37:25.317399501801 28277508.8 6675.8 2.361374e-004
    9589 863.032432289999970 2020  1  2 05:37:29.637432396412 28277023.2 6190.2 2.189607e-004
    9637 867.352385429999910 2020  1  2 05:37:33.957384824753 28276531.2 5698.2 2.015576e-004
    9685 871.672363140000020 2020  1  2 05:37:38.277377486229 28276033.0 5200.0 1.839352e-004
    9733 875.991515999999930 2020  1  2 05:37:42.596525251865 28275520.3 4687.3 1.657999e-004
    9781 880.312340289999950 2020  1  2 05:37:46.917322576046 28275029.9 4196.9 1.484534e-004
    9829 884.632323429999930 2020  1  2 05:37:51.237315237522 28274511.3 3678.3 1.301094e-004
    9877 888.952309999999900 2020  1  2 05:37:55.557307898998 28274007.1 3174.1 1.122747e-004
    9925 893.272310140000060 2020  1  2 05:37:59.877300560474 28273498.0 2665.0 9.426677e-005
    9973 897.592293709999920 2020  1  2 05:38:04.197293221951 28272988.5 2155.5 7.624466e-005
   10021 901.911972429999990 2020  1  2 05:38:08.516964018345 28272450.7 1617.7 5.722152e-005
   10069 906.232302000000000 2020  1  2 05:38:12.837318778038 28271967.6 1134.6 4.013324e-005
   10114 910.282493000000040 2020  1  2 05:38:16.887508034706 28271453.5  620.5 2.194842e-005
   10117 910.552293709999840 2020  1  2 05:38:17.157311439514 28271438.4  605.4 2.141430e-005
   10162 914.602305430000000 2020  1  2 05:38:21.207299530506 28270963.3  130.3 4.608990e-006
   10165 914.872293289999900 2020  1  2 05:38:21.477304100990 28270922.9   89.9 3.179956e-006
   10210 918.922298709999840 2020  1  2 05:38:25.527292191982 28270432.6 -400.4 -1.416301e-005
   10213 919.192282570000090 2020  1  2 05:38:25.797296762466 28270408.2 -424.8 -1.502609e-005
   10306 927.562305999999920 2020  1  2 05:38:34.167317748070 28269405.4 -1427.6 -5.049727e-005
   10354 931.882313289999960 2020  1  2 05:38:38.487310409546 28268901.4 -1931.6 -6.832483e-005
   10402 936.202311710000000 2020  1  2 05:38:42.807303071022 28268380.8 -2452.2 -8.673957e-005
   10450 940.522312709999940 2020  1  2 05:38:47.127295732498 28267867.7 -2965.3 -1.048890e-004
   10498 944.842328999999840 2020  1  2 05:38:51.447328627110 28267358.3 -3474.7 -1.229076e-004
   10546 949.162348999999950 2020  1  2 05:38:55.767361521721 28266841.0 -3992.0 -1.412056e-004
   10594 953.482343710000010 2020  1  2 05:39:00.087354183197 28266336.2 -4496.8 -1.590615e-004
   10642 957.802352139999930 2020  1  2 05:39:04.407346844673 28265823.3 -5009.7 -1.772038e-004
   10690 962.122367709999930 2020  1  2 05:39:08.727379739285 28265319.4 -5513.6 -1.950279e-004
   10786 970.762441709999960 2020  1  2 05:39:17.367445528507 28264322.0 -6511.0 -2.303080e-004
   10805 972.472421289999940 2020  1  2 05:39:19.077434241772 28264144.0 -6689.0 -2.366043e-004
   10834 975.082430430000040 2020  1  2 05:39:21.687438189983 28263840.5 -6992.5 -2.473397e-004
   10882 979.402441429999950 2020  1  2 05:39:26.007430851460 28263348.4 -7484.6 -2.647464e-004
   10901 981.111556289999950 2020  1  2 05:39:27.716574668884 28263014.9 -7818.1 -2.765430e-004
   10930 983.722465570000050 2020  1  2 05:39:30.327463746071 28262878.6 -7954.4 -2.813642e-004
