    3515 316.408045569999960 2020  9  4 10:53:39.071052968502 28258080.3 -12752.7 -4.510904e-004
    3563 320.728101859999920 2020  9  4 10:53:43.391085863113 28257101.3 -13731.7 -4.857197e-004
    3611 325.048206290000000 2020  9  4 10:53:47.711199223995 28256178.4 -14654.6 -5.183646e-004
    3724 335.218206999999950 2020  9  4 10:53:57.881210446358 28254066.3 -16766.7 -5.930741e-004
    3772 339.538275709999940 2020  9  4 10:54:02.201283574104 28253256.2 -17576.8 -6.217291e-004
    3820 343.858315429999950 2020  9  4 10:54:06.521316468716 28252426.1 -18406.9 -6.510915e-004
    3849 346.468834139999960 2020  9  4 10:54:09.131843447685 28251960.8 -18872.2 -6.675502e-004
    3868 348.178370709999970 2020  9  4 10:54:10.841389596462 28251654.7 -19178.3 -6.783776e-004
    3916 352.498662709999960 2020  9  4 10:54:15.161663889885 28250944.3 -19888.7 -7.035060e-004
    3964 356.818466430000000 2020  9  4 10:54:19.481455385685 28250210.3 -20622.7 -7.294691e-004
    4012 361.138532139999940 2020  9  4 10:54:23.801528513432 28249531.9 -21301.1 -7.534656e-004
    4060 365.458687430000000 2020  9  4 10:54:28.121682107449 28248892.4 -21940.6 -7.760861e-004
    4104 369.418673289999960 2020  9  4 10:54:32.081668674946 28248312.3 -22520.7 -7.966055e-004
    4108 369.778644709999980 2020  9  4 10:54:32.441634535789 28248266.5 -22566.5 -7.982255e-004
    4152 373.738708709999910 2020  9  4 10:54:36.401701569557 28247711.9 -23121.1 -8.178429e-004
    4200 378.058765859999990 2020  9  4 10:54:40.721774697304 28247145.3 -23687.7 -8.378848e-004
    4248 382.378845430000010 2020  9  4 10:54:45.041847825050 28246590.5 -24242.5 -8.575092e-004
    4296 386.698904859999970 2020  9  4 10:54:49.361920952797 28246084.7 -24748.3 -8.754005e-004
    4344 391.018957709999940 2020  9  4 10:54:53.681953847408 28245586.4 -25246.6 -8.930264e-004
    4392 395.339247710000000 2020  9  4 10:54:58.002228140831 28245116.6 -25716.4 -9.096442e-004
    4639 417.569396289999990 2020  9  4 10:55:20.232403278351 28243011.6 -27821.4 -9.841026e-004
