    8771 789.414421139999940 2020  1  2 05:36:16.019404828548 28304436.6 33603.6 1.188631e-003
    9059 815.333869429999940 2020  1  2 05:36:41.938877999783 28304048.8 33215.8 1.174914e-003
    9107 819.653522859999950 2020  1  2 05:36:46.258508563042 28303974.5 33141.5 1.172286e-003
    9155 823.973480430000110 2020  1  2 05:36:50.578460991383 28303890.8 33057.8 1.169325e-003
    9203 828.293445570000240 2020  1  2 05:36:54.898453652859 28303817.7 32984.7 1.166740e-003
    9251 832.613286570000130 2020  1  2 05:36:59.218285381794 28303730.2 32897.2 1.163645e-003
    9347 841.253445860000060 2020  1  2 05:37:07.858431637287 28303565.1 32732.1 1.157805e-003
    9491 854.212934430000020 2020  1  2 05:37:20.817926824093 28303251.1 32418.1 1.146698e-003
    9683 871.492499570000060 2020  1  2 05:37:38.097495138645 28302809.1 31976.1 1.131063e-003
    9971 897.411985139999960 2020  1  2 05:38:04.016968309879 28301954.3 31121.3 1.100827e-003
   10067 906.051964859999880 2020  1  2 05:38:12.656953632832 28301646.4 30813.4 1.089936e-003
   10115 910.371885570000130 2020  1  2 05:38:16.976865828037 28301436.6 30603.6 1.082515e-003
   10118 910.641856709999960 2020  1  2 05:38:17.246870398521 28301446.3 30613.3 1.082858e-003
   10211 919.011584570000080 2020  1  2 05:38:25.616569519043 28301104.7 30271.7 1.070775e-003
   10259 923.331482999999930 2020  1  2 05:38:29.936481714249 28300909.8 30076.8 1.063881e-003
   10262 923.601489290000020 2020  1  2 05:38:30.206486284733 28300886.6 30053.6 1.063060e-003
   10355 931.971337570000170 2020  1  2 05:38:38.576346337795 28300483.4 29650.4 1.048798e-003
   10358 932.241318570000090 2020  1  2 05:38:38.846310675144 28300480.8 29647.8 1.048706e-003
   10403 936.291428139999990 2020  1  2 05:38:42.896419465542 28300284.3 29451.3 1.041756e-003
   10406 936.561259139999830 2020  1  2 05:38:43.166263103485 28300259.2 29426.2 1.040868e-003
   10499 944.931121569999960 2020  1  2 05:38:51.536123156548 28299819.0 28986.0 1.025297e-003
   10502 945.201086140000030 2020  1  2 05:38:51.806087493896 28299795.6 28962.6 1.024469e-003
   10547 949.251031430000010 2020  1  2 05:38:55.856035351753 28299566.8 28733.8 1.016376e-003
   10550 949.521035139999980 2020  1  2 05:38:56.126039922237 28299556.7 28723.7 1.016019e-003
   10561 950.511187289999950 2020  1  2 05:38:57.116177380085 28299462.4 28629.4 1.012683e-003
   10572 951.501195289999940 2020  1  2 05:38:58.106194138527 28299448.3 28615.3 1.012185e-003
   10595 953.570947000000050 2020  1  2 05:39:00.175947546959 28299301.9 28468.9 1.007006e-003
   10598 953.840916999999880 2020  1  2 05:39:00.445911884308 28299289.6 28456.6 1.006571e-003
   10609 954.831104289999870 2020  1  2 05:39:01.436089575291 28299241.8 28408.8 1.004880e-003
   10643 957.890877430000050 2020  1  2 05:39:04.495859742165 28299033.8 28200.8 9.975228e-004
   10646 958.160847999999990 2020  1  2 05:39:04.765864312649 28299025.3 28192.3 9.972221e-004
   10668 960.140886570000130 2020  1  2 05:39:06.745897829533 28298898.9 28065.9 9.927511e-004
   10691 962.210811140000030 2020  1  2 05:39:08.815812170506 28298764.8 27931.8 9.880077e-004
   10694 962.480762860000030 2020  1  2 05:39:09.085776507854 28298746.4 27913.4 9.873568e-004
   10705 963.470780710000100 2020  1  2 05:39:10.075793266296 28298687.2 27854.2 9.852628e-004
   10716 964.461052709999880 2020  1  2 05:39:11.066051423550 28298620.0 27787.0 9.828858e-004
   10736 966.260734860000070 2020  1  2 05:39:12.865719795227 28298486.5 27653.5 9.781636e-004
   10739 966.530716570000100 2020  1  2 05:39:13.135724365711 28298467.3 27634.3 9.774845e-004
   10742 966.800699429999900 2020  1  2 05:39:13.405688703060 28298460.4 27627.4 9.772404e-004
   10764 968.780684860000060 2020  1  2 05:39:15.385681986809 28298312.3 27479.3 9.720018e-004
   10790 971.120632710000000 2020  1  2 05:39:17.725641131401 28298152.0 27319.0 9.663316e-004
   10801 972.110647709999970 2020  1  2 05:39:18.715657889843 28298095.2 27262.2 9.643225e-004
   10812 973.100682000000010 2020  1  2 05:39:19.705674648285 28298013.8 27180.8 9.614432e-004
   10832 974.900578570000110 2020  1  2 05:39:21.505584418774 28297869.0 27036.0 9.563213e-004
   10835 975.170676710000070 2020  1  2 05:39:21.775669455528 28297851.0 27018.0 9.556846e-004
   10838 975.440557999999900 2020  1  2 05:39:22.045553326607 28297841.8 27008.8 9.553592e-004
   10855 976.970730430000120 2020  1  2 05:39:23.575740158558 28297739.3 26906.3 9.517335e-004
   10860 977.420530999999980 2020  1  2 05:39:24.025546610355 28297688.7 26855.7 9.499437e-004
   10861 977.510581290000000 2020  1  2 05:39:24.115588366985 28297715.6 26882.6 9.508952e-004
   10880 979.220508290000000 2020  1  2 05:39:25.825496613979 28297558.2 26725.2 9.453276e-004
   10886 979.760489430000010 2020  1  2 05:39:26.365505754948 28297516.6 26683.6 9.438562e-004
   10897 980.750489710000010 2020  1  2 05:39:27.355482280254 28297448.9 26615.9 9.414615e-004
   10903 981.290631000000080 2020  1  2 05:39:27.895612120628 28297394.3 26561.3 9.395302e-004
   10928 983.540437430000000 2020  1  2 05:39:30.145449042320 28297212.6 26379.6 9.331030e-004
   10934 984.080410140000030 2020  1  2 05:39:30.685417950153 28297174.9 26341.9 9.317695e-004
   10945 985.070733140000130 2020  1  2 05:39:31.675716340542 28297111.3 26278.3 9.295198e-004
   10951 985.610559999999960 2020  1  2 05:39:32.215564548969 28297056.4 26223.4 9.275779e-004
   10956 986.060401709999950 2020  1  2 05:39:32.665411233902 28297011.7 26178.7 9.259968e-004
   10976 987.860389139999940 2020  1  2 05:39:34.465401470661 28296867.5 26034.5 9.208961e-004
   10982 988.400341290000030 2020  1  2 05:39:35.005330145359 28296822.6 25989.6 9.193079e-004
   10993 989.390349860000010 2020  1  2 05:39:35.995346903801 28296757.4 25924.4 9.170016e-004
   10999 989.930422139999910 2020  1  2 05:39:36.535436511040 28296702.8 25869.8 9.150703e-004
   11004 990.380330000000070 2020  1  2 05:39:36.985323429108 28296667.8 25834.8 9.138323e-004
   11024 992.180288140000020 2020  1  2 05:39:38.785273432732 28296494.8 25661.8 9.077129e-004
   11030 992.720273140000020 2020  1  2 05:39:39.325282573700 28296453.4 25620.4 9.062485e-004
   11041 993.710290999999980 2020  1  2 05:39:40.315299332142 28296356.7 25523.7 9.028280e-004
   11047 994.250626429999900 2020  1  2 05:39:40.855630338192 28296330.0 25497.0 9.018836e-004
   11052 994.700267570000050 2020  1  2 05:39:41.305275857449 28296285.0 25452.0 9.002918e-004
   11072 996.500226859999880 2020  1  2 05:39:43.105225861073 28296124.9 25291.9 8.946288e-004
   11078 997.040209709999890 2020  1  2 05:39:43.645194768906 28296075.1 25242.1 8.928672e-004
   11089 998.030214289999890 2020  1  2 05:39:44.635211527348 28295977.1 25144.1 8.894007e-004
   11095 998.570374290000130 2020  1  2 05:39:45.175381600857 28295953.1 25120.1 8.885518e-004
   11100 999.020218570000000 2020  1  2 05:39:45.625228285789 28295909.2 25076.2 8.869990e-004
   11120 1000.820154709999900 2020  1  2 05:39:47.425138056278 28295732.7 24899.7 8.807558e-004
   11126 1001.360151139999900 2020  1  2 05:39:47.965147197247 28295673.2 24840.2 8.786512e-004
   11137 1002.350147289999900 2020  1  2 05:39:48.955163955688 28295576.4 24743.4 8.752271e-004
   11143 1002.890564139999900 2020  1  2 05:39:49.495575428009 28295535.8 24702.8 8.737910e-004
   11148 1003.340232709999900 2020  1  2 05:39:49.945220947266 28295490.7 24657.7 8.721957e-004
   11168 1005.140088290000000 2020  1  2 05:39:51.745090484619 28295309.2 24476.2 8.657757e-004
   11174 1005.680081140000100 2020  1  2 05:39:52.285099625587 28295262.9 24429.9 8.641380e-004
   11185 1006.670077860000100 2020  1  2 05:39:53.275076150894 28295162.4 24329.4 8.605831e-004
   11191 1007.210080430000100 2020  1  2 05:39:53.815085291862 28295123.8 24290.8 8.592177e-004
   11196 1007.660149709999900 2020  1  2 05:39:54.265133142471 28295068.2 24235.2 8.572510e-004
   11216 1009.460017570000000 2020  1  2 05:39:56.065002679825 28294886.9 24053.9 8.508380e-004
   11222 1010.000025429999900 2020  1  2 05:39:56.605011820793 28294833.5 24000.5 8.489492e-004
   11233 1010.990012710000000 2020  1  2 05:39:57.595028579235 28294733.3 23900.3 8.454049e-004
   11244 1011.980002140000000 2020  1  2 05:39:58.585005104542 28294632.5 23799.5 8.418394e-004
   11264 1013.779952140000100 2020  1  2 05:40:00.384955108166 28294444.2 23611.2 8.351788e-004
   11270 1014.319957570000000 2020  1  2 05:40:00.924964249134 28294381.1 23548.1 8.329468e-004
   11281 1015.309941860000000 2020  1  2 05:40:01.914940774441 28294274.9 23441.9 8.291903e-004
   11292 1016.300002429999900 2020  1  2 05:40:02.904997766018 28294172.0 23339.0 8.255505e-004
   11312 1018.099885860000100 2020  1  2 05:40:04.704867303371 28293979.1 23146.1 8.187272e-004
   11318 1018.639895710000000 2020  1  2 05:40:05.244876444340 28293920.1 23087.1 8.166402e-004
   11329 1019.629881140000100 2020  1  2 05:40:06.234893202782 28293813.0 22980.0 8.128519e-004
   11335 1020.170108430000000 2020  1  2 05:40:06.775103509426 28293767.1 22934.1 8.112283e-004
   11340 1020.619938570000200 2020  1  2 05:40:07.224950194359 28293697.4 22864.4 8.087629e-004
   11360 1022.419834290000000 2020  1  2 05:40:09.024819731712 28293499.8 22666.8 8.017733e-004
   11366 1022.959851430000000 2020  1  2 05:40:09.564869105816 28293443.7 22610.7 7.997890e-004
   11377 1023.949771430000100 2020  1  2 05:40:10.554765164852 28293328.9 22495.9 7.957282e-004
   11383 1024.490351710000100 2020  1  2 05:40:11.095337569714 28293254.3 22421.3 7.930895e-004
   11388 1024.939914289999900 2020  1  2 05:40:11.544902622700 28293217.4 22384.4 7.917842e-004
   11408 1026.739778710000100 2020  1  2 05:40:13.344772160053 28293001.7 22168.7 7.841545e-004
   11414 1027.279793290000000 2020  1  2 05:40:13.884781301022 28292933.3 22100.3 7.817350e-004
   11425 1028.269759000000200 2020  1  2 05:40:14.874757826328 28292810.0 21977.0 7.773736e-004
   11436 1029.259875000000200 2020  1  2 05:40:15.864855051041 28292694.5 21861.5 7.732881e-004
   11440 1029.620019430000000 2020  1  2 05:40:16.225022077560 28292686.8 21853.8 7.730158e-004
   11456 1031.059715570000000 2020  1  2 05:40:17.664724588394 28292486.8 21653.8 7.659414e-004
   11473 1032.589705140000200 2020  1  2 05:40:19.194710254669 28292301.9 21468.9 7.594010e-004
   11479 1033.129808140000000 2020  1  2 05:40:19.734799861908 28292232.7 21399.7 7.569533e-004
   11484 1033.579702710000000 2020  1  2 05:40:20.184686779976 28292172.6 21339.6 7.548274e-004
   11488 1033.939936000000000 2020  1  2 05:40:20.544934272766 28292134.8 21301.8 7.534904e-004
   11504 1035.379658860000100 2020  1  2 05:40:21.984677016735 28291946.2 21113.2 7.468192e-004
   11521 1036.909656570000200 2020  1  2 05:40:23.514662683010 28291751.6 20918.6 7.399357e-004
   11532 1037.899647140000100 2020  1  2 05:40:24.504639208317 28291625.6 20792.6 7.354789e-004
   11536 1038.259647000000100 2020  1  2 05:40:24.864645302296 28291579.4 20746.4 7.338447e-004
   11552 1039.699598709999900 2020  1  2 05:40:26.304589211941 28291392.8 20559.8 7.272442e-004
   11569 1041.229602140000200 2020  1  2 05:40:27.834615111351 28291200.7 20367.7 7.204492e-004
   11580 1042.219590860000200 2020  1  2 05:40:28.824591636658 28291056.5 20223.5 7.153486e-004
   11584 1042.579575430000200 2020  1  2 05:40:29.184557497501 28291015.9 20182.9 7.139125e-004
   11600 1044.019565140000400 2020  1  2 05:40:30.624581873417 28290809.9 19976.9 7.066258e-004
   11617 1045.549559000000300 2020  1  2 05:40:32.154567539692 28290614.7 19781.7 6.997212e-004
   11628 1046.539716289999900 2020  1  2 05:40:33.144704997540 28290478.8 19645.8 6.949141e-004
   11632 1046.899521289999900 2020  1  2 05:40:33.504509925842 28290424.6 19591.6 6.929969e-004
   11648 1048.339504569999900 2020  1  2 05:40:34.944494068623 28290214.2 19381.2 6.855546e-004
   11665 1049.869506710000000 2020  1  2 05:40:36.474519968033 28290000.0 19167.0 6.779779e-004
   11676 1050.859491140000000 2020  1  2 05:40:37.464496493340 28289862.6 19029.6 6.731178e-004
   11680 1051.219473140000200 2020  1  2 05:40:37.824462354183 28289807.8 18974.8 6.711794e-004
   11694 1052.479866290000000 2020  1  2 05:40:39.084886014462 28289626.2 18793.2 6.647558e-004
   11696 1052.659472859999800 2020  1  2 05:40:39.264486730099 28289601.1 18768.1 6.638680e-004
   11724 1055.179443859999800 2020  1  2 05:40:41.784448921680 28289214.5 18381.5 6.501931e-004
   11728 1055.539424999999900 2020  1  2 05:40:42.144414782524 28289175.8 18342.8 6.488242e-004
   11742 1056.799430139999900 2020  1  2 05:40:43.404436111450 28288991.6 18158.6 6.423086e-004
   11744 1056.979414569999800 2020  1  2 05:40:43.584398925304 28288955.7 18122.7 6.410388e-004
   11772 1059.499390289999800 2020  1  2 05:40:46.104401350021 28288570.3 17737.3 6.274063e-004
   11776 1059.859365860000000 2020  1  2 05:40:46.464367210865 28288514.8 17681.8 6.254432e-004
   11790 1061.119363710000000 2020  1  2 05:40:47.724348306656 28288310.8 17477.8 6.182273e-004
   11792 1061.299375000000100 2020  1  2 05:40:47.904391586781 28288307.6 17474.6 6.181141e-004
   11809 1062.829560000000100 2020  1  2 05:40:49.434578418732 28288049.6 17216.6 6.089881e-004
   11820 1063.819349569999800 2020  1  2 05:40:50.424353778362 28287895.3 17062.3 6.035301e-004
   11824 1064.179327709999800 2020  1  2 05:40:50.784319639206 28287838.9 17005.9 6.015352e-004
   11838 1065.439430429999900 2020  1  2 05:40:52.044421434402 28287648.4 16815.4 5.947968e-004
   11868 1068.139297140000100 2020  1  2 05:40:54.744306206703 28287199.6 16366.6 5.789217e-004
   11872 1068.499278000000000 2020  1  2 05:40:55.104272067547 28287141.1 16308.1 5.768525e-004
   11886 1069.759323430000000 2020  1  2 05:40:56.364333629608 28286927.0 16094.0 5.692793e-004
   11905 1071.469331430000000 2020  1  2 05:40:58.074322342873 28286619.9 15786.9 5.584165e-004
   11916 1072.459246140000000 2020  1  2 05:40:59.064258635044 28286482.3 15649.3 5.535493e-004
   11920 1072.819239289999800 2020  1  2 05:40:59.424224495888 28286420.4 15587.4 5.513598e-004
   11934 1074.079267430000100 2020  1  2 05:41:00.684286057949 28286184.7 15351.7 5.430226e-004
   11964 1076.779200859999900 2020  1  2 05:41:03.384211063385 28285736.9 14903.9 5.271829e-004
   11968 1077.139200709999800 2020  1  2 05:41:03.744217157364 28285686.0 14853.0 5.253825e-004
   11982 1078.399196709999800 2020  1  2 05:41:05.004198253155 28285457.2 14624.2 5.172893e-004
   12012 1081.099163140000200 2020  1  2 05:41:07.704163491726 28284979.4 14146.4 5.003885e-004
   12016 1081.459163140000300 2020  1  2 05:41:08.064169585705 28284924.0 14091.0 4.984289e-004
   12027 1082.449177860000200 2020  1  2 05:41:09.054186344147 28284757.4 13924.4 4.925359e-004
   12030 1082.719162000000100 2020  1  2 05:41:09.324150681496 28284694.5 13861.5 4.903110e-004
   12032 1082.899175710000000 2020  1  2 05:41:09.504193961620 28284672.7 13839.7 4.895399e-004
   12046 1084.159368140000000 2020  1  2 05:41:10.764376223087 28284408.1 13575.1 4.801804e-004
   12049 1084.429158290000000 2020  1  2 05:41:11.034139394760 28284390.6 13557.6 4.795614e-004
   12060 1085.419119290000000 2020  1  2 05:41:12.024115920067 28284200.9 13367.9 4.728513e-004
   12064 1085.779124429999900 2020  1  2 05:41:12.384122014046 28284134.6 13301.6 4.705061e-004
   12075 1086.769135569999900 2020  1  2 05:41:13.374138772488 28283961.1 13128.1 4.643691e-004
   12078 1087.039126709999900 2020  1  2 05:41:13.644143342972 28283909.6 13076.6 4.625474e-004
   12080 1087.219143999999900 2020  1  2 05:41:13.824146389961 28283870.7 13037.7 4.611714e-004
   12108 1089.739095710000100 2020  1  2 05:41:16.344108581543 28283396.3 12563.3 4.443909e-004
   12112 1090.099091710000000 2020  1  2 05:41:16.704074442387 28283335.6 12502.6 4.422438e-004
   12123 1091.089091569999900 2020  1  2 05:41:17.694091200829 28283133.1 12300.1 4.350809e-004
   12126 1091.359203000000000 2020  1  2 05:41:17.964216470718 28283094.1 12261.1 4.337014e-004
   12156 1094.059067570000000 2020  1  2 05:41:20.664061009884 28282578.3 11745.3 4.154565e-004
   12171 1095.409055140000400 2020  1  2 05:41:22.014043629169 28282331.6 11498.6 4.067301e-004
   12174 1095.679064140000000 2020  1  2 05:41:22.284048199654 28282270.7 11437.7 4.045760e-004
   12190 1097.119164000000000 2020  1  2 05:41:23.724153041840 28281989.1 11156.1 3.946152e-004
   12204 1098.379032289999700 2020  1  2 05:41:24.984013438225 28281738.4 10905.4 3.857474e-004
   12219 1099.729034860000000 2020  1  2 05:41:26.334036290646 28281477.8 10644.8 3.765294e-004
   12222 1099.999030709999900 2020  1  2 05:41:26.604040861130 28281415.0 10582.0 3.743080e-004
   12238 1101.439091290000100 2020  1  2 05:41:28.044105470181 28281120.1 10287.1 3.638768e-004
   12252 1102.699004999999900 2020  1  2 05:41:29.304006099701 28280875.8 10042.8 3.552354e-004
   12267 1104.049003860000100 2020  1  2 05:41:30.653988718987 28280614.3 9781.3 3.459856e-004
   12270 1104.319014429999900 2020  1  2 05:41:30.924033522606 28280548.6 9715.6 3.436616e-004
   12286 1105.759126859999900 2020  1  2 05:41:32.364138364792 28280270.3 9437.3 3.338175e-004
   12294 1106.479102140000100 2020  1  2 05:41:33.084110319614 28280116.3 9283.3 3.283702e-004
   12300 1107.018976000000100 2020  1  2 05:41:33.623958528042 28280010.4 9177.4 3.246243e-004
   12304 1107.378992289999800 2020  1  2 05:41:33.984004855156 28279943.1 9110.1 3.222438e-004
   12315 1108.368976710000000 2020  1  2 05:41:34.973981380463 28279734.7 8901.7 3.148722e-004
   12318 1108.638960710000000 2020  1  2 05:41:35.243945717812 28279671.2 8838.2 3.126261e-004
   12334 1110.078984860000000 2020  1  2 05:41:36.683970093727 28279370.3 8537.3 3.019826e-004
   12348 1111.338958289999900 2020  1  2 05:41:37.943951189518 28279112.2 8279.2 2.928531e-004
   12352 1111.698955430000100 2020  1  2 05:41:38.303957283497 28279045.5 8212.5 2.904937e-004
   12363 1112.688949859999900 2020  1  2 05:41:39.293933808804 28278828.1 7995.1 2.828038e-004
   12366 1112.958948569999800 2020  1  2 05:41:39.563938379288 28278775.4 7942.4 2.809397e-004
   12382 1114.398952860000000 2020  1  2 05:41:41.003962755203 28278479.7 7646.7 2.704802e-004
   12396 1115.658927289999800 2020  1  2 05:41:42.263943850994 28278200.7 7367.7 2.606114e-004
   12400 1116.018942289999800 2020  1  2 05:41:42.623949944973 28278123.1 7290.1 2.578665e-004
   12411 1117.008930710000000 2020  1  2 05:41:43.613926470280 28277920.6 7087.6 2.507036e-004
   12414 1117.278920569999900 2020  1  2 05:41:43.883931040764 28277864.7 7031.7 2.487263e-004
   12429 1118.629040429999800 2020  1  2 05:41:45.234034359455 28277598.2 6765.2 2.392996e-004
   12430 1118.718930289999900 2020  1  2 05:41:45.323915183544 28277544.3 6711.3 2.373931e-004
   12444 1119.978916289999900 2020  1  2 05:41:46.583896279335 28277279.7 6446.7 2.280336e-004
   12448 1120.338933000000000 2020  1  2 05:41:46.943942606449 28277215.4 6382.4 2.257592e-004
   12459 1121.328919289999900 2020  1  2 05:41:47.933919131756 28277007.7 6174.7 2.184124e-004
   12462 1121.598909430000000 2020  1  2 05:41:48.203923702240 28276940.5 6107.5 2.160354e-004
   12477 1122.949136140000100 2020  1  2 05:41:49.554147720337 28276642.5 5809.5 2.054945e-004
   12492 1124.298928569999800 2020  1  2 05:41:50.903929173946 28276339.3 5506.3 1.947696e-004
   12496 1124.658989000000000 2020  1  2 05:41:51.263975501060 28276283.1 5450.1 1.927817e-004
   12507 1125.649047859999900 2020  1  2 05:41:52.254032492638 28276063.0 5230.0 1.849963e-004
   12510 1125.918894430000100 2020  1  2 05:41:52.523876130581 28276000.1 5167.1 1.827714e-004
   12512 1126.098947140000100 2020  1  2 05:41:52.703959643841 28275953.0 5120.0 1.811054e-004
   12525 1127.268917140000200 2020  1  2 05:41:53.873898983002 28275697.9 4864.9 1.720819e-004
   12540 1128.618888860000000 2020  1  2 05:41:55.223881602287 28275408.9 4575.9 1.618594e-004
   12544 1128.979084569999900 2020  1  2 05:41:55.584088861942 28275313.8 4480.8 1.584955e-004
   12558 1130.238876000000100 2020  1  2 05:41:56.843868792057 28275052.0 4219.0 1.492351e-004
   12573 1131.588900710000000 2020  1  2 05:41:58.193891644478 28274744.0 3911.0 1.383405e-004
   12582 1132.399191000000000 2020  1  2 05:41:59.004186987877 28274547.3 3714.3 1.313828e-004
   12588 1132.938885570000100 2020  1  2 05:41:59.543874263763 28274461.7 3628.7 1.283549e-004
   12606 1134.558862710000100 2020  1  2 05:42:01.163861453533 28274095.2 3262.2 1.153910e-004
   12621 1135.908889430000300 2020  1  2 05:42:02.513884305954 28273800.5 2967.5 1.049668e-004
   12630 1136.718976860000100 2020  1  2 05:42:03.323978483677 28273613.4 2780.4 9.834871e-005
   12636 1137.258872000000100 2020  1  2 05:42:03.863866925240 28273499.7 2666.7 9.432690e-005
   12648 1138.339217430000000 2020  1  2 05:42:04.944207072258 28273259.9 2426.9 8.584466e-005
   12651 1138.609277860000000 2020  1  2 05:42:05.214292109013 28273203.1 2370.1 8.383552e-005
   12654 1138.878860710000000 2020  1  2 05:42:05.483854115009 28273130.9 2297.9 8.128165e-005
   12669 1140.228884570000000 2020  1  2 05:42:06.833876967430 28272845.0 2012.0 7.116876e-005
   12678 1141.038927140000200 2020  1  2 05:42:07.643930912018 28272651.5 1818.5 6.432425e-005
   12681 1141.308875860000200 2020  1  2 05:42:07.913895249367 28272587.5 1754.5 6.206043e-005
   12684 1141.578885000000100 2020  1  2 05:42:08.183899819851 28272546.7 1713.7 6.061724e-005
   12699 1142.928893430000200 2020  1  2 05:42:09.533882439137 28272233.8 1400.8 4.954930e-005
   12702 1143.198855710000100 2020  1  2 05:42:09.803846776485 28272174.4 1341.4 4.744820e-005
   12714 1144.278960570000000 2020  1  2 05:42:10.883945524693 28271915.4 1082.4 3.828681e-005
   12717 1144.548886140000100 2020  1  2 05:42:11.153869628906 28271866.6 1033.6 3.656065e-005
   12729 1145.628948569999700 2020  1  2 05:42:12.233968377113 28271625.4  792.4 2.802889e-005
   12732 1145.899083140000100 2020  1  2 05:42:12.504093647003 28271544.4  711.4 2.516374e-005
   12736 1146.258975430000200 2020  1  2 05:42:12.863979041576 28271483.7  650.7 2.301665e-005
   12741 1146.708952430000200 2020  1  2 05:42:13.313946425915 28271386.2  553.2 1.956787e-005
   12744 1146.978861290000200 2020  1  2 05:42:13.583870530128 28271310.3  477.3 1.688312e-005
   12747 1147.248873000000200 2020  1  2 05:42:13.853875100613 28271259.6  426.6 1.508976e-005
   12750 1147.518851000000300 2020  1  2 05:42:14.123839437962 28271195.5  362.5 1.282240e-005
   12762 1148.598914429999900 2020  1  2 05:42:15.203897953033 28270938.3  105.3 3.724687e-006
   12777 1149.948879290000100 2020  1  2 05:42:16.553880572319 28270655.9 -177.1 -6.264407e-006
   12780 1150.218905000000200 2020  1  2 05:42:16.823885142803 28270587.9 -245.1 -8.669713e-006
   12784 1150.578885860000100 2020  1  2 05:42:17.183891236782 28270519.1 -313.9 -1.110332e-005
   12789 1151.028954430000100 2020  1  2 05:42:17.633939087391 28270397.0 -436.0 -1.542226e-005
   12795 1151.568860430000100 2020  1  2 05:42:18.173867762089 28270289.0 -544.0 -1.924245e-005
   12798 1151.838847860000000 2020  1  2 05:42:18.443832099438 28270231.6 -601.4 -2.127281e-005
   12828 1154.538922000000000 2020  1  2 05:42:21.143918037415 28269627.6 -1205.4 -4.263758e-005
   12837 1155.348880430000000 2020  1  2 05:42:21.953891515732 28269446.4 -1386.6 -4.904702e-005
   12843 1155.889056430000000 2020  1  2 05:42:22.494061589241 28269324.2 -1508.8 -5.336949e-005
   12846 1156.158853140000200 2020  1  2 05:42:22.763864994049 28269262.7 -1570.3 -5.554488e-005
   12862 1157.599073570000000 2020  1  2 05:42:24.204090535641 28268951.8 -1881.2 -6.654208e-005
   12870 1158.319235709999900 2020  1  2 05:42:24.924223423004 28268768.2 -2064.8 -7.303640e-005
   12876 1158.859035140000100 2020  1  2 05:42:25.464031398296 28268670.4 -2162.6 -7.649580e-005
   12885 1159.668882859999900 2020  1  2 05:42:26.273884177208 28268475.5 -2357.5 -8.338983e-005
   12894 1160.478868140000300 2020  1  2 05:42:27.083857655525 28268287.7 -2545.3 -9.003272e-005
   12918 1162.638910859999900 2020  1  2 05:42:29.243894219398 28267814.1 -3018.9 -1.067850e-004
   12924 1163.178950569999900 2020  1  2 05:42:29.783943593502 28267680.7 -3152.3 -1.115036e-004
   12942 1164.798872860000100 2020  1  2 05:42:31.403890550137 28267338.5 -3494.5 -1.236080e-004
   12954 1165.878912429999900 2020  1  2 05:42:32.483908832073 28267086.6 -3746.4 -1.325182e-004
   12966 1166.958900570000000 2020  1  2 05:42:33.563886880875 28266862.2 -3970.8 -1.404557e-004
   12969 1167.228895710000200 2020  1  2 05:42:33.833891451359 28266797.7 -4035.3 -1.427372e-004
   12972 1167.498981710000200 2020  1  2 05:42:34.103976488113 28266721.1 -4111.9 -1.454467e-004
   12981 1168.308913000000100 2020  1  2 05:42:34.913909733295 28266566.2 -4266.8 -1.509259e-004
   12984 1168.578939569999900 2020  1  2 05:42:35.183954536915 28266497.9 -4335.1 -1.533418e-004
   12990 1169.118875000000100 2020  1  2 05:42:35.723883211613 28266379.6 -4453.4 -1.575263e-004
   13002 1170.198893710000000 2020  1  2 05:42:36.803901493549 28266140.3 -4692.7 -1.659909e-004
   13005 1170.469209710000100 2020  1  2 05:42:37.074227929115 28266090.9 -4742.1 -1.677382e-004
   13014 1171.278906430000000 2020  1  2 05:42:37.883919775486 28265917.0 -4916.0 -1.738895e-004
   13017 1171.548896569999900 2020  1  2 05:42:38.153884112835 28265851.3 -4981.7 -1.762134e-004
   13020 1171.818931140000100 2020  1  2 05:42:38.423928916454 28265798.6 -5034.4 -1.780775e-004
   13029 1172.628906859999900 2020  1  2 05:42:39.233902394772 28265616.5 -5216.5 -1.845188e-004
   13032 1172.898918429999900 2020  1  2 05:42:39.503906965256 28265543.0 -5290.0 -1.871186e-004
   13038 1173.438894710000100 2020  1  2 05:42:40.043875873089 28265438.7 -5394.3 -1.908080e-004
   13050 1174.518902000000000 2020  1  2 05:42:41.123894155025 28265197.8 -5635.2 -1.993291e-004
   13053 1174.789001710000100 2020  1  2 05:42:41.394019424915 28265159.2 -5673.8 -2.006945e-004
   13062 1175.599020859999900 2020  1  2 05:42:42.204033136368 28264966.2 -5866.8 -2.075213e-004
   13065 1175.868907999999900 2020  1  2 05:42:42.473917007446 28264907.1 -5925.9 -2.096118e-004
   13068 1176.139024139999900 2020  1  2 05:42:42.744042277336 28264863.8 -5969.2 -2.111434e-004
   13072 1176.498995860000200 2020  1  2 05:42:43.104008138180 28264781.0 -6052.0 -2.140722e-004
   13080 1177.218914860000000 2020  1  2 05:42:43.823899626732 28264623.8 -6209.2 -2.196327e-004
   13083 1177.488936860000000 2020  1  2 05:42:44.093944430351 28264540.2 -6292.8 -2.225898e-004
   13086 1177.758914140000100 2020  1  2 05:42:44.363908767700 28264505.0 -6328.0 -2.238349e-004
   13098 1178.838921999999900 2020  1  2 05:42:45.443927049637 28264273.7 -6559.3 -2.320165e-004
   13102 1179.199320709999700 2020  1  2 05:42:45.804335474968 28264181.1 -6651.9 -2.352920e-004
   13110 1179.919945570000000 2020  1  2 05:42:46.524951159954 28264064.0 -6769.0 -2.394340e-004
   13113 1180.188915140000100 2020  1  2 05:42:46.793909668922 28263984.0 -6849.0 -2.422638e-004
   13128 1181.539033710000000 2020  1  2 05:42:48.144053220749 28263703.6 -7129.4 -2.521822e-004
   13134 1182.078932859999900 2020  1  2 05:42:48.683941662312 28263582.3 -7250.7 -2.564728e-004
   13146 1183.158936289999700 2020  1  2 05:42:49.763919711113 28263353.6 -7479.4 -2.645624e-004
   13150 1183.518965710000200 2020  1  2 05:42:50.123966038227 28263262.4 -7570.6 -2.677884e-004
   13161 1184.508939000000100 2020  1  2 05:42:51.113942563534 28263066.9 -7766.1 -2.747036e-004
   13176 1185.859431999999700 2020  1  2 05:42:52.464448213577 28262792.6 -8040.4 -2.844062e-004
   13179 1186.129060569999900 2020  1  2 05:42:52.734050452709 28262723.9 -8109.1 -2.868363e-004
   13182 1186.398948859999800 2020  1  2 05:42:53.003934323788 28262672.4 -8160.6 -2.886579e-004
   13194 1187.478953570000200 2020  1  2 05:42:54.083952605724 28262453.3 -8379.7 -2.964080e-004
   13198 1187.838979000000100 2020  1  2 05:42:54.443998932838 28262391.6 -8441.4 -2.985904e-004
   13209 1188.828959860000200 2020  1  2 05:42:55.433975458145 28262171.7 -8661.3 -3.063688e-004
   13230 1190.718974570000000 2020  1  2 05:42:57.323967218399 28261778.9 -9054.1 -3.202629e-004
   13242 1191.798984000000000 2020  1  2 05:42:58.403985500336 28261560.5 -9272.5 -3.279882e-004
   13246 1192.159012709999800 2020  1  2 05:42:58.764031827450 28261507.3 -9325.7 -3.298700e-004
   13254 1192.879008140000000 2020  1  2 05:42:59.484003782272 28261345.5 -9487.5 -3.355932e-004
   13257 1193.148981999999900 2020  1  2 05:42:59.753968119621 28261288.0 -9545.0 -3.376271e-004
   13272 1194.499264140000200 2020  1  2 05:43:01.104272603989 28261010.1 -9822.9 -3.474570e-004
   13278 1195.039004430000000 2020  1  2 05:43:01.644000113010 28260897.0 -9936.0 -3.514576e-004
   13290 1196.119007430000000 2020  1  2 05:43:02.724018394947 28260688.0 -10145.0 -3.588504e-004
   13294 1196.479024569999900 2020  1  2 05:43:03.084024488926 28260632.3 -10200.7 -3.608206e-004
   13302 1197.199152289999800 2020  1  2 05:43:03.804157376289 28260458.2 -10374.8 -3.669789e-004
   13305 1197.469009570000000 2020  1  2 05:43:04.074001014233 28260416.1 -10416.9 -3.684681e-004
   13320 1198.819025999999900 2020  1  2 05:43:05.424023866653 28260149.3 -10683.7 -3.779054e-004
   13326 1199.359035859999900 2020  1  2 05:43:05.964033007622 28260043.1 -10789.9 -3.816619e-004
   13338 1200.439031570000000 2020  1  2 05:43:07.044051289558 28259828.4 -11004.6 -3.892563e-004
   13342 1200.799149289999800 2020  1  2 05:43:07.404137849808 28259761.3 -11071.7 -3.916298e-004
   13350 1201.519056290000000 2020  1  2 05:43:08.124069571495 28259622.0 -11211.0 -3.965571e-004
   13353 1201.789033140000100 2020  1  2 05:43:08.394033908844 28259568.4 -11264.6 -3.984531e-004
   13359 1202.329142709999800 2020  1  2 05:43:08.934123516083 28259473.5 -11359.5 -4.018099e-004
   13360 1202.419104290000000 2020  1  2 05:43:09.024084806442 28259430.1 -11402.9 -4.033450e-004
   13368 1203.139053430000100 2020  1  2 05:43:09.744056761265 28259307.1 -11525.9 -4.076958e-004
   13374 1203.678215289999800 2020  1  2 05:43:10.283221006393 28259238.9 -11594.1 -4.101082e-004
   13386 1204.759076430000100 2020  1  2 05:43:11.364084184170 28258995.5 -11837.5 -4.187178e-004
   13398 1205.839092140000000 2020  1  2 05:43:12.444102466106 28258789.1 -12043.9 -4.260186e-004
   13401 1206.109079710000100 2020  1  2 05:43:12.714066803455 28258735.7 -12097.3 -4.279074e-004
   13407 1206.649228859999800 2020  1  2 05:43:13.254236876965 28258630.4 -12202.6 -4.316321e-004
   13416 1207.459083000000200 2020  1  2 05:43:14.064089655876 28258476.3 -12356.7 -4.370830e-004
   13422 1207.999119860000100 2020  1  2 05:43:14.604139029980 28258384.4 -12448.6 -4.403337e-004
   13434 1209.079110569999800 2020  1  2 05:43:15.684117078781 28258180.5 -12652.5 -4.475461e-004
   13446 1210.158911999999900 2020  1  2 05:43:16.763893961906 28257961.6 -12871.4 -4.552890e-004
   13449 1210.429114430000000 2020  1  2 05:43:17.034099698067 28257920.1 -12912.9 -4.567570e-004
   13464 1211.779120569999800 2020  1  2 05:43:18.384122550488 28257670.9 -13162.1 -4.655717e-004
   13470 1212.319220859999900 2020  1  2 05:43:18.924212157726 28257561.1 -13271.9 -4.694556e-004
   13482 1213.399226709999800 2020  1  2 05:43:20.004230439663 28257374.3 -13458.7 -4.760631e-004
   13494 1214.479145569999900 2020  1  2 05:43:21.084128022194 28257169.9 -13663.1 -4.832932e-004
   13497 1214.749144859999900 2020  1  2 05:43:21.354132592678 28257130.9 -13702.1 -4.846727e-004
   13503 1215.289175290000000 2020  1  2 05:43:21.894181966782 28257060.2 -13772.8 -4.871735e-004
   13504 1215.379180859999900 2020  1  2 05:43:21.984183490276 28257014.6 -13818.4 -4.887864e-004
   13512 1216.099149140000000 2020  1  2 05:43:22.704155445099 28256889.2 -13943.8 -4.932221e-004
   13518 1216.639175430000000 2020  1  2 05:43:23.244164586067 28256803.6 -14029.4 -4.962500e-004
   13542 1218.799219000000000 2020  1  2 05:43:25.404201149940 28256421.5 -14411.5 -5.097657e-004
   13545 1219.069182000000000 2020  1  2 05:43:25.674165487289 28256363.5 -14469.5 -5.118172e-004
   13551 1219.609290289999800 2020  1  2 05:43:26.214295327663 28256242.6 -14590.4 -5.160937e-004
   13560 1220.419194860000100 2020  1  2 05:43:27.024188339710 28256119.4 -14713.6 -5.204516e-004
   13566 1220.959215290000000 2020  1  2 05:43:27.564197480679 28256033.5 -14799.5 -5.234901e-004
   13593 1223.389227569999800 2020  1  2 05:43:29.994238615036 28255604.5 -15228.5 -5.386647e-004
   13608 1224.739230429999900 2020  1  2 05:43:31.344221234322 28255375.3 -15457.7 -5.467720e-004
   13614 1225.279321860000000 2020  1  2 05:43:31.884310841560 28255272.1 -15560.9 -5.504224e-004
   13641 1227.709265000000200 2020  1  2 05:43:34.314271509647 28254883.4 -15949.6 -5.641716e-004
   13656 1229.059277710000100 2020  1  2 05:43:35.664294362068 28254657.3 -16175.7 -5.721692e-004
   13662 1229.599299569999900 2020  1  2 05:43:36.204303503036 28254568.3 -16264.7 -5.753173e-004
   13686 1231.759391569999900 2020  1  2 05:43:38.364380300045 28254235.9 -16597.1 -5.870750e-004
   13689 1232.029310429999900 2020  1  2 05:43:38.634304404259 28254163.6 -16669.4 -5.896324e-004
   13704 1233.379316139999900 2020  1  2 05:43:39.984327256680 28253956.6 -16876.4 -5.969545e-004
   13710 1233.919696140000300 2020  1  2 05:43:40.524698495865 28253884.4 -16948.6 -5.995083e-004
   13734 1236.079587860000200 2020  1  2 05:43:42.684574127197 28253520.8 -17312.2 -6.123696e-004
   13737 1236.349369000000000 2020  1  2 05:43:42.954377532005 28253494.6 -17338.4 -6.132964e-004
   13752 1237.699370709999800 2020  1  2 05:43:44.304360151291 28253277.5 -17555.5 -6.209757e-004
   13758 1238.239411999999900 2020  1  2 05:43:44.844409525394 28253193.6 -17639.4 -6.239434e-004
   13779 1240.129555430000200 2020  1  2 05:43:46.734562218189 28252914.2 -17918.8 -6.338264e-004
   13782 1240.399400999999900 2020  1  2 05:43:47.004405856133 28252860.7 -17972.3 -6.357188e-004
   13785 1240.669396289999700 2020  1  2 05:43:47.274410426617 28252831.3 -18001.7 -6.367587e-004
   13800 1242.019403289999900 2020  1  2 05:43:48.624393045902 28252626.0 -18207.0 -6.440206e-004
   13806 1242.559603430000200 2020  1  2 05:43:49.164603352547 28252535.5 -18297.5 -6.472218e-004
   13827 1244.449444429999900 2020  1  2 05:43:51.054434180260 28252260.2 -18572.8 -6.569598e-004
   13830 1244.719445430000000 2020  1  2 05:43:51.324438750744 28252225.3 -18607.7 -6.581943e-004
   13833 1244.989468289999900 2020  1  2 05:43:51.594483554363 28252179.0 -18654.0 -6.598320e-004
   13878 1249.039669000000200 2020  1  2 05:43:55.644672811031 28251616.7 -19216.3 -6.797217e-004
   13881 1249.309810860000000 2020  1  2 05:43:55.914798080921 28251570.5 -19262.5 -6.813559e-004
   13896 1250.659789710000000 2020  1  2 05:43:57.264780700207 28251376.5 -19456.5 -6.882181e-004
   13923 1253.089645710000000 2020  1  2 05:43:59.694660902023 28251017.6 -19815.4 -7.009132e-004
   13926 1253.359549289999900 2020  1  2 05:43:59.964544773102 28250999.2 -19833.8 -7.015640e-004
   13929 1253.629630859999900 2020  1  2 05:44:00.234629809856 28250960.4 -19872.6 -7.029365e-004
   13971 1257.409603430000300 2020  1  2 05:44:04.014613330364 28250451.4 -20381.6 -7.209409e-004
   13974 1257.679596859999900 2020  1  2 05:44:04.284577667713 28250417.7 -20415.3 -7.221329e-004
   13977 1257.949631290000100 2020  1  2 05:44:04.554622471333 28250385.5 -20447.5 -7.232719e-004
   14019 1261.729674860000200 2020  1  2 05:44:08.334686458111 28249898.8 -20934.2 -7.404876e-004
   14022 1261.999031710000100 2020  1  2 05:44:08.604047298431 28249895.5 -20937.5 -7.406043e-004
   14067 1266.049910430000000 2020  1  2 05:44:12.654920518398 28249342.3 -21490.7 -7.601722e-004
   14070 1266.319732429999900 2020  1  2 05:44:12.924723923206 28249316.4 -21516.6 -7.610883e-004
   14100 1269.019864710000100 2020  1  2 05:44:15.624850094318 28249000.7 -21832.3 -7.722553e-004
   14115 1270.369796140000100 2020  1  2 05:44:16.974792480469 28248845.3 -21987.7 -7.777521e-004
   14118 1270.639772569999900 2020  1  2 05:44:17.244756817818 28248795.3 -22037.7 -7.795207e-004
   14148 1273.339829000000000 2020  1  2 05:44:19.944842755795 28248477.3 -22355.7 -7.907691e-004
   14211 1279.009917000000100 2020  1  2 05:44:25.614898502827 28247833.8 -22999.2 -8.135310e-004
   14214 1279.280032859999900 2020  1  2 05:44:25.885023772717 28247800.3 -23032.7 -8.147160e-004
   14262 1283.600296289999700 2020  1  2 05:44:30.205298066139 28247349.8 -23483.2 -8.306512e-004
   14355 1291.970211290000000 2020  1  2 05:44:38.575198352337 28246508.6 -24324.4 -8.604062e-004
   14388 1294.940125140000200 2020  1  2 05:44:41.545127928257 28246220.1 -24612.9 -8.706111e-004
   14406 1296.560155710000100 2020  1  2 05:44:43.165155351162 28246052.2 -24780.8 -8.765500e-004
   14436 1299.260216140000000 2020  1  2 05:44:45.865201056004 28245825.0 -25008.0 -8.845866e-004
   14484 1303.580253570000000 2020  1  2 05:44:50.185233950615 28245420.1 -25412.9 -8.989088e-004
   14502 1305.200591860000300 2020  1  2 05:44:51.805583238602 28245282.9 -25550.1 -9.037618e-004
   14580 1312.220411860000000 2020  1  2 05:44:58.825420439243 28244702.9 -26130.1 -9.242777e-004
   14628 1316.540473289999900 2020  1  2 05:45:03.145453333855 28244348.8 -26484.2 -9.368030e-004
   14676 1320.860521430000100 2020  1  2 05:45:07.465526461601 28244022.7 -26810.3 -9.483378e-004
   14724 1325.180985860000000 2020  1  2 05:45:11.786001920700 28243739.1 -27093.9 -9.583694e-004
   14820 1333.820777570000000 2020  1  2 05:45:20.425786077976 28243103.0 -27730.0 -9.808696e-004
   14868 1338.141039429999900 2020  1  2 05:45:24.746020138264 28242826.7 -28006.3 -9.906429e-004
   14916 1342.460938429999900 2020  1  2 05:45:29.065932333469 28242561.1 -28271.9 -1.000038e-003
   15012 1351.101073289999900 2020  1  2 05:45:37.706078588963 28242047.9 -28785.1 -1.018191e-003
   15015 1351.371105709999900 2020  1  2 05:45:37.976123392582 28242056.0 -28777.0 -1.017904e-003
   15060 1355.421457710000100 2020  1  2 05:45:42.026473581791 28241828.2 -29004.8 -1.025962e-003
   15063 1355.691204569999600 2020  1  2 05:45:42.296196520329 28241809.9 -29023.1 -1.026609e-003
   15159 1364.331302859999800 2020  1  2 05:45:50.936302542686 28241352.5 -29480.5 -1.042789e-003
   15255 1372.971469290000000 2020  1  2 05:45:59.576489031315 28240930.0 -29903.0 -1.057733e-003
   15303 1377.291595000000100 2020  1  2 05:46:03.896602392197 28240733.0 -30100.0 -1.064702e-003
   15399 1385.931715570000100 2020  1  2 05:46:12.536708414555 28240362.2 -30470.8 -1.077818e-003
   15447 1390.251874289999900 2020  1  2 05:46:16.856862008572 28240185.4 -30647.6 -1.084071e-003
   15495 1394.572023429999900 2020  1  2 05:46:21.177015602589 28240053.4 -30779.6 -1.088740e-003
   15591 1403.212040569999800 2020  1  2 05:46:29.817041158676 28239730.7 -31102.3 -1.100155e-003
   15639 1407.532187860000000 2020  1  2 05:46:34.137194752693 28239576.3 -31256.7 -1.105617e-003
   15783 1420.492458569999800 2020  1  2 05:46:47.097454369068 28239179.0 -31654.0 -1.119670e-003
   15975 1437.772761000000200 2020  1  2 05:47:04.377746880054 28238667.8 -32165.2 -1.137752e-003
   16215 1459.373124569999600 2020  1  2 05:47:25.978112518787 28238161.7 -32671.3 -1.155654e-003
   16263 1463.693224859999600 2020  1  2 05:47:30.298225879669 28238101.1 -32731.9 -1.157798e-003
