    6497 584.760038000000010 2020 10  5 04:36:53.504026830196 28305379.9 34546.9 1.221998e-003
    7051 634.618490710000060 2020 10  5 04:37:43.362497091293 28304716.9 33883.9 1.198546e-003
    7457 671.157750139999960 2020 10  5 04:38:19.901747703552 28304011.0 33178.0 1.173577e-003
    8405 756.476119429999930 2020 10  5 04:39:45.220134258270 28300936.4 30103.4 1.064822e-003
    8914 802.285416000000050 2020 10  5 04:40:31.029421091080 28297800.1 26967.1 9.538842e-004
    9317 838.554679570000080 2020 10  5 04:41:07.298667132854 28294137.2 23304.2 8.243195e-004
    9557 860.154382290000060 2020 10  5 04:41:28.898389041424 28291236.8 20403.8 7.217262e-004
    9756 878.065025569999990 2020 10  5 04:41:46.809014081955 28288406.7 17573.7 6.216195e-004
    9962 896.603996570000160 2020 10  5 04:42:05.348000228405 28284951.7 14118.7 4.994087e-004
   10162 914.603855140000060 2020 10  5 04:42:23.347862362862 28281204.3 10371.3 3.668551e-004
   10358 932.243360860000050 2020 10  5 04:42:40.987356305122 28277183.3 6350.3 2.246237e-004
   10496 944.664156709999930 2020 10  5 04:42:53.408170044422 28274175.3 3342.3 1.182243e-004
   10634 957.083707000000120 2020 10  5 04:43:05.827696323395 28271139.7  306.7 1.084864e-005
   10742 966.803738000000070 2020 10  5 04:43:15.547740161419 28268732.5 -2100.5 -7.429919e-005
   10970 987.323773860000070 2020 10  5 04:43:36.067765653133 28263807.0 -7026.0 -2.485247e-004
   11114 1000.283840290000200 2020 10  5 04:43:49.027824103832 28260848.3 -9984.7 -3.531803e-004
   11264 1013.783942710000100 2020 10  5 04:44:02.527931928635 28257961.0 -12872.0 -4.553102e-004
   11422 1028.004071000000100 2020 10  5 04:44:16.748051941395 28255175.0 -15658.0 -5.538570e-004
   11584 1042.584231709999800 2020 10  5 04:44:31.328218281269 28252604.7 -18228.3 -6.447741e-004
   11812 1063.104471859999900 2020 10  5 04:44:51.848485171795 28249456.7 -21376.3 -7.561256e-004
   12004 1080.384714289999700 2020 10  5 04:45:09.128697216511 28247247.0 -23586.0 -8.342874e-004
   12208 1098.745008140000200 2020 10  5 04:45:27.489008009434 28245247.6 -25585.4 -9.050105e-004
   12451 1120.615601290000100 2020 10  5 04:45:49.359619617462 28243311.4 -27521.6 -9.734980e-004
   12716 1144.465757570000300 2020 10  5 04:46:13.209741711617 28241623.0 -29210.0 -1.033220e-003
   13004 1170.386279710000100 2020 10  5 04:46:39.130260944366 28240197.0 -30636.0 -1.083661e-003
