    2117 190.557093570000010 2020 10  5 04:30:19.301095604897 28300516.4 29683.4 1.049966e-003
    3586 322.764741140000010 2020 10  5 04:32:31.508747041225 28288229.8 17396.8 6.153621e-004
    4285 385.674277710000010 2020 10  5 04:33:34.418283104897 28276728.1 5895.1 2.085223e-004
    4558 410.244340860000020 2020 10  5 04:33:58.988336920738 28271488.1  655.1 2.317229e-005
    4970 447.324286430000030 2020 10  5 04:34:36.068280637264 28263589.7 -7243.3 -2.562111e-004
    5504 495.384662000000050 2020 10  5 04:35:24.128651618958 28254724.3 -16108.7 -5.697993e-004
    6148 553.345414570000000 2020 10  5 04:36:22.089431583881 28247143.4 -23689.6 -8.379520e-004
    6332 569.904892860000020 2020 10  5 04:36:38.648907244205 28245586.0 -25247.0 -8.930405e-004
    7244 651.987038859999980 2020 10  5 04:38:00.731020867825 28240376.9 -30456.1 -1.077298e-003
    8419 757.739469570000100 2020 10  5 04:39:46.483454704285 28237415.5 -33417.5 -1.182049e-003
