2020-09-16 17:01:00 (12) 0.00000000 0.00000000 0.00000000 0.00000000 0.00000000 0.00000000 0
2020-09-16 17:01:00 (13) 0.00000000 0.00000000 0.00000000 0.00000000 0.00000000 0.00000000 0
2020-09-16 17:01:01 (14) 0.00000000 0.00000000 0.00000000 0.00000000 0.00000000 0.00000000 0
2020-09-16 17:01:02 (15) 0.00000000 0.00000000 0.00000000 0.00000000 0.00000000 0.00000000 0
2020-09-16 17:01:03 (16) 0.00000000 0.00000000 0.00000000 0.00000000 0.00000000 0.00000000 0
2020-09-16 17:01:04 (17) 0.00000000 0.00000000 0.00000000 0.00000000 0.00000000 0.00000000 0
2020-09-16 17:01:05 (18) 0.00000000 0.00000000 0.00000000 0.00000000 0.00000000 0.00000000 0
2020-09-16 17:01:06 (19) 0.00000000 0.00000000 0.00000000 0.00000000 0.00000000 0.00000000 0
2020-09-16 17:01:07 (20) 0.00000000 0.00000000 0.00000000 0.00000000 0.00000000 0.00000000 0
2020-09-16 17:01:08 (21) 0.00000000 0.00000000 0.00000000 0.00000000 0.00000000 0.00000000 0
2020-09-16 17:01:09 (22) 0.00000000 0.00000000 0.00000000 0.00000000 0.00000000 0.00000000 0
2020-09-16 17:01:10 (23) 0.00000000 0.00000000 0.00000000 0.00000000 0.00000000 0.00000000 0
2020-09-16 17:01:11 (24) 0.00000000 0.00000000 0.00000000 0.00000000 0.00000000 0.00000000 0
2020-09-16 17:01:12 (25) 0.00000000 0.00000000 0.00000000 0.00000000 0.00000000 0.00000000 0
2020-09-16 17:01:13 (26) 0.00000000 0.00000000 0.00000000 0.00000000 0.00000000 0.00000000 0
2020-09-16 17:01:14 (27) 0.00000000 0.00000000 0.00000000 0.00000000 0.00000000 0.00000000 0
2020-09-16 17:01:15 (28) 0.00000000 0.00000000 0.00000000 0.00000000 0.00000000 0.00000000 0
2020-09-16 17:01:16 (29) 0.00000000 0.00000000 0.00000000 0.00000000 0.00000000 0.00000000 0
2020-09-16 17:01:17 (30) 0.00000000 0.00000000 0.00000000 0.00000000 0.00000000 0.00000000 0
2020-09-16 17:01:18 (31) 0.00000000 0.00000000 0.00000000 0.00000000 0.00000000 0.00000000 0
2020-09-16 17:01:19 (32) 0.00000000 0.00000000 0.00000000 0.00000000 0.00000000 0.00000000 0
2020-09-16 17:01:20 (33) 0.00000000 0.00000000 0.00000000 0.00000000 0.00000000 0.00000000 0
2020-09-16 17:01:21 (34) 0.00000000 0.00000000 0.00000000 0.00000000 0.00000000 0.00000000 0
2020-09-16 17:01:22 (35) 0.00000000 0.00000000 0.00000000 0.00000000 0.00000000 0.00000000 0
2020-09-16 17:01:23 (36) 0.00000000 0.00000000 0.00000000 0.00000000 0.00000000 0.00000000 0
2020-09-16 17:01:24 (37) 0.00000000 0.00000000 0.00000000 0.00000000 0.00000000 0.00000000 0
2020-09-16 17:01:25 (38) 0.00000000 0.00000000 0.00000000 0.00000000 0.00000000 0.00000000 0
2020-09-16 17:01:26 (39) 0.00000000 0.00000000 0.00000000 0.00000000 0.00000000 0.00000000 0
2020-09-16 17:01:27 (40) 0.00000000 0.00000000 0.00000000 0.00000000 0.00000000 0.00000000 0
2020-09-16 17:01:28 (41) 0.00000000 0.00000000 0.00000000 0.00000000 0.00000000 0.00000000 0
2020-09-16 17:01:29 (42) 0.00000000 0.00000000 0.00000000 0.00000000 0.00000000 0.00000000 0
2020-09-16 17:01:30 (43) 0.00000000 0.00000000 0.00000000 0.00000000 0.00000000 0.00000000 0
2020-09-16 17:01:31 (44) 0.00000000 0.00000000 0.00000000 0.00000000 0.00000000 0.00000000 0
2020-09-16 17:01:32 (45) 0.00000000 0.00000000 0.00000000 0.00000000 0.00000000 0.00000000 0
2020-09-16 17:01:33 (46) 0.00000000 0.00000000 0.00000000 0.00000000 0.00000000 0.00000000 0
2020-09-16 17:01:34 (47) 0.00000000 0.00000000 0.00000000 0.00000000 0.00000000 0.00000000 0
2020-09-16 17:01:35 (48) 0.00000000 0.00000000 0.00000000 0.00000000 0.00000000 0.00000000 0
2020-09-16 17:01:36 (49) 0.00000000 0.00000000 0.00000000 0.00000000 0.00000000 0.00000000 0
2020-09-16 17:01:37 (50) 0.00000000 0.00000000 0.00000000 0.00000000 0.00000000 0.00000000 0
2020-09-16 17:01:38 (51) 0.00000000 0.00000000 0.00000000 0.00000000 0.00000000 0.00000000 0
2020-09-16 17:01:39 (52) 0.00000000 0.00000000 0.00000000 0.00000000 0.00000000 0.00000000 0
2020-09-16 17:01:40 (53) 0.00000000 0.00000000 0.00000000 0.00000000 0.00000000 0.00000000 0
2020-09-16 17:01:41 (54) 0.00000000 0.00000000 0.00000000 0.00000000 0.00000000 0.00000000 0
2020-09-16 17:01:42 (55) 0.00000000 0.00000000 0.00000000 0.00000000 0.00000000 0.00000000 0
2020-09-16 17:01:43 (56) 0.00000000 0.00000000 0.00000000 0.00000000 0.00000000 0.00000000 0
2020-09-16 17:01:44 (57) 0.00000000 0.00000000 0.00000000 0.00000000 0.00000000 0.00000000 0
2020-09-16 17:01:45 (58) 0.00000000 0.00000000 0.00000000 0.00000000 0.00000000 0.00000000 0
2020-09-16 17:01:46 (59) 0.00000000 0.00000000 0.00000000 0.00000000 0.00000000 0.00000000 0
2020-09-16 17:01:47 (60) 0.00000000 0.00000000 0.00000000 0.00000000 0.00000000 0.00000000 0
2020-09-16 17:01:48 (61) 0.00000000 0.00000000 0.00000000 0.00000000 0.00000000 0.00000000 0
2020-09-16 17:01:49 (62) 0.00000000 0.00000000 0.00000000 0.00000000 0.00000000 0.00000000 0
2020-09-16 17:01:50 (63) 0.00000000 0.00000000 0.00000000 0.00000000 0.00000000 0.00000000 0
2020-09-16 17:01:51 (64) 0.00000000 0.00000000 0.00000000 0.00000000 0.00000000 0.00000000 0
2020-09-16 17:01:52 (65) 0.00000000 0.00000000 0.00000000 0.00000000 0.00000000 0.00000000 0
2020-09-16 17:01:53 (66) 0.00000000 0.00000000 0.00000000 0.00000000 0.00000000 0.00000000 0
2020-09-16 17:01:54 (67) 0.00000000 0.00000000 0.00000000 0.00000000 0.00000000 0.00000000 0
2020-09-16 17:01:55 (68) 0.00000000 0.00000000 0.00000000 0.00000000 0.00000000 0.00000000 0
2020-09-16 17:01:56 (69) 0.00000000 0.00000000 0.00000000 0.00000000 0.00000000 0.00000000 0
2020-09-16 17:01:57 (70) 0.00000000 0.00000000 0.00000000 0.00000000 0.00000000 0.00000000 0
2020-09-16 17:01:58 (71) 0.00000000 0.00000000 0.00000000 0.00000000 0.00000000 0.00000000 0
2020-09-16 17:01:59 (72) 0.00000000 0.00000000 0.00000000 0.00000000 0.00000000 0.00000000 0
2020-09-16 17:02:00 (73) 0.00000000 0.00000000 0.00000000 0.00000000 0.00000000 0.00000000 0
2020-09-16 17:02:01 (74) 0.00000000 0.00000000 0.00000000 0.00000000 0.00000000 0.00000000 0
2020-09-16 17:02:02 (75) 0.00000000 0.00000000 0.00000000 0.00000000 0.00000000 0.00000000 0
2020-09-16 17:02:03 (76) 0.00000000 0.00000000 0.00000000 0.00000000 0.00000000 0.00000000 0
2020-09-16 17:02:04 (77) 0.00000000 0.00000000 0.00000000 0.00000000 0.00000000 0.00000000 0
2020-09-16 17:02:05 (78) 0.00000000 0.00000000 0.00000000 0.00000000 0.00000000 0.00000000 0
2020-09-16 17:02:06 (79) 0.00000000 0.00000000 0.00000000 0.00000000 0.00000000 0.00000000 0
2020-09-16 17:02:07 (80) 0.00000000 0.00000000 0.00000000 0.00000000 0.00000000 0.00000000 0
2020-09-16 17:02:08 (81) 0.00000000 0.00000000 0.00000000 0.00000000 0.00000000 0.00000000 0
2020-09-16 17:02:09 (82) 0.00000000 0.00000000 0.00000000 0.00000000 0.00000000 0.00000000 0
2020-09-16 17:02:10 (83) 0.00000000 0.00000000 0.00000000 0.00000000 0.00000000 0.00000000 0
2020-09-16 17:02:11 (84) 0.00000000 0.00000000 0.00000000 0.00000000 0.00000000 0.00000000 0
2020-09-16 17:02:12 (85) 0.00000000 0.00000000 0.00000000 0.00000000 0.00000000 0.00000000 0
2020-09-16 17:02:13 (86) 0.00000000 0.00000000 0.00000000 0.00000000 0.00000000 0.00000000 0
2020-09-16 17:02:14 (87) 0.00000000 0.00000000 0.00000000 0.00000000 0.00000000 0.00000000 0
2020-09-16 17:02:15 (88) 0.00000000 0.00000000 0.00000000 0.00000000 0.00000000 0.00000000 0
2020-09-16 17:02:16 (89) 0.00000000 0.00000000 0.00000000 0.00000000 0.00000000 0.00000000 0
2020-09-16 17:02:17 (90) 0.00000000 0.00000000 0.00000000 0.00000000 0.00000000 0.00000000 0
2020-09-16 17:02:18 (91) 0.00000000 0.00000000 0.00000000 0.00000000 0.00000000 0.00000000 0
2020-09-16 17:02:19 (92) 0.00000000 0.00000000 0.00000000 0.00000000 0.00000000 0.00000000 0
2020-09-16 17:02:20 (93) 0.00000000 0.00000000 0.00000000 0.00000000 0.00000000 0.00000000 0
2020-09-16 17:02:21 (94) 0.00000000 0.00000000 0.00000000 0.00000000 0.00000000 0.00000000 0
2020-09-16 17:02:22 (95) 0.00000000 0.00000000 0.00000000 0.00000000 0.00000000 0.00000000 0
2020-09-16 17:02:23 (96) 0.00000000 0.00000000 0.00000000 0.00000000 0.00000000 0.00000000 0
2020-09-16 17:02:24 (97) 0.00000000 0.00000000 0.00000000 0.00000000 0.00000000 0.00000000 0
2020-09-16 17:02:25 (98) 0.00000000 0.00000000 0.00000000 0.00000000 0.00000000 0.00000000 0
2020-09-16 17:02:26 (99) 0.00000000 0.00000000 0.00000000 0.00000000 0.00000000 0.00000000 0
2020-09-16 17:02:27 (100) 0.00000000 0.00000000 0.00000000 0.00000000 0.00000000 0.00000000 0
2020-09-16 17:02:28 (101) 0.00000000 0.00000000 0.00000000 0.00000000 0.00000000 0.00000000 0
2020-09-16 17:02:29 (102) 0.00000000 0.00000000 0.00000000 0.00000000 0.00000000 0.00000000 0
2020-09-16 17:02:30 (103) 0.00000000 0.00000000 0.00000000 0.00000000 0.00000000 0.00000000 0
2020-09-16 17:02:31 (104) 0.00000000 0.00000000 0.00000000 0.00000000 0.00000000 0.00000000 0
2020-09-16 17:02:32 (105) 0.00000000 0.00000000 0.00000000 0.00000000 0.00000000 0.00000000 0
2020-09-16 17:02:33 (106) 0.00000000 0.00000000 0.00000000 0.00000000 0.00000000 0.00000000 0
2020-09-16 17:02:34 (107) 0.00000000 0.00000000 0.00000000 0.00000000 0.00000000 0.00000000 0
2020-09-16 17:02:35 (108) 0.00000000 0.00000000 0.00000000 0.00000000 0.00000000 0.00000000 0
2020-09-16 17:02:36 (109) 0.00000000 0.00000000 0.00000000 0.00000000 0.00000000 0.00000000 0
2020-09-16 17:02:37 (110) 0.00000000 0.00000000 0.00000000 0.00000000 0.00000000 0.00000000 0
2020-09-16 17:02:38 (111) 0.00000000 0.00000000 0.00000000 0.00000000 0.00000000 0.00000000 0
2020-09-16 17:02:39 (112) 0.00000000 0.00000000 0.00000000 0.00000000 0.00000000 0.00000000 0
2020-09-16 17:02:40 (113) 0.00000000 0.00000000 0.00000000 0.00000000 0.00000000 0.00000000 0
2020-09-16 17:02:41 (114) 0.00000000 0.00000000 0.00000000 0.00000000 0.00000000 0.00000000 0
2020-09-16 17:02:42 (115) 0.00000000 0.00000000 0.00000000 0.00000000 0.00000000 0.00000000 0
2020-09-16 17:02:43 (116) 0.00000000 0.00000000 0.00000000 0.00000000 0.00000000 0.00000000 0
2020-09-16 17:02:44 (117) 0.00000000 0.00000000 0.00000000 0.00000000 0.00000000 0.00000000 0
2020-09-16 17:02:45 (118) 0.00000000 0.00000000 0.00000000 0.00000000 0.00000000 0.00000000 0
2020-09-16 17:02:46 (119) 0.00000000 0.00000000 0.00000000 0.00000000 0.00000000 0.00000000 0
2020-09-16 17:02:47 (120) 0.00000000 0.00000000 0.00000000 0.00000000 0.00000000 0.00000000 0
2020-09-16 17:02:48 (121) 0.00000000 0.00000000 0.00000000 0.00000000 0.00000000 0.00000000 0
2020-09-16 17:02:49 (122) 0.00000000 0.00000000 0.00000000 0.00000000 0.00000000 0.00000000 0
2020-09-16 17:02:50 (123) 0.00000000 0.00000000 0.00000000 0.00000000 0.00000000 0.00000000 0
2020-09-16 17:02:51 (124) 0.00000000 0.00000000 0.00000000 0.00000000 0.00000000 0.00000000 0
2020-09-16 17:02:52 (125) 0.00000000 0.00000000 0.00000000 0.00000000 0.00000000 0.00000000 0
2020-09-16 17:02:53 (126) 0.00000000 0.00000000 0.00000000 0.00000000 0.00000000 0.00000000 0
2020-09-16 17:02:54 (127) 0.00000000 0.00000000 0.00000000 0.00000000 0.00000000 0.00000000 0
2020-09-16 17:02:55 (128) 0.00000000 0.00000000 0.00000000 0.00000000 0.00000000 0.00000000 0
2020-09-16 17:02:56 (129) 0.00000000 0.00000000 0.00000000 0.00000000 0.00000000 0.00000000 0
2020-09-16 17:02:57 (130) 0.00000000 0.00000000 0.00000000 0.00000000 0.00000000 0.00000000 0
2020-09-16 17:02:58 (131) 0.00000000 0.00000000 0.00000000 0.00000000 0.00000000 0.00000000 0
2020-09-16 17:02:59 (132) 0.00000000 0.00000000 0.00000000 0.00000000 0.00000000 0.00000000 0
2020-09-16 17:03:00 (133) 0.00000000 0.00000000 0.00000000 0.00000000 0.00000000 0.00000000 0
2020-09-16 17:03:01 (134) 0.00000000 0.00000000 0.00000000 0.00000000 0.00000000 0.00000000 0
2020-09-16 17:03:02 (135) 0.00000000 0.00000000 0.00000000 0.00000000 0.00000000 0.00000000 0
2020-09-16 17:03:03 (136) 0.00000000 0.00000000 0.00000000 0.00000000 0.00000000 0.00000000 0
2020-09-16 17:03:04 (137) 0.00000000 0.00000000 0.00000000 0.00000000 0.00000000 0.00000000 0
2020-09-16 17:03:05 (138) 0.00000000 0.00000000 0.00000000 0.00000000 0.00000000 0.00000000 0
2020-09-16 17:03:06 (139) 0.00000000 0.00000000 0.00000000 0.00000000 0.00000000 0.00000000 0
2020-09-16 17:03:07 (140) 0.00000000 0.00000000 0.00000000 0.00000000 0.00000000 0.00000000 0
2020-09-16 17:03:08 (141) 0.00000000 0.00000000 0.00000000 0.00000000 0.00000000 0.00000000 0
2020-09-16 17:03:09 (142) 0.00000000 0.00000000 0.00000000 0.00000000 0.00000000 0.00000000 0
2020-09-16 17:03:10 (143) 0.00000000 0.00000000 0.00000000 0.00000000 0.00000000 0.00000000 0
2020-09-16 17:03:11 (144) 0.00000000 0.00000000 0.00000000 0.00000000 0.00000000 0.00000000 0
2020-09-16 17:03:12 (145) 0.00000000 0.00000000 0.00000000 0.00000000 0.00000000 0.00000000 0
2020-09-16 17:03:13 (146) 0.00000000 0.00000000 0.00000000 0.00000000 0.00000000 0.00000000 0
2020-09-16 17:03:14 (147) 0.00000000 0.00000000 0.00000000 0.00000000 0.00000000 0.00000000 0
2020-09-16 17:03:15 (148) 0.00000000 0.00000000 0.00000000 0.00000000 0.00000000 0.00000000 0
2020-09-16 17:03:16 (149) 0.00000000 0.00000000 0.00000000 0.00000000 0.00000000 0.00000000 0
2020-09-16 17:03:17 (150) 0.00000000 0.00000000 0.00000000 0.00000000 0.00000000 0.00000000 0
2020-09-16 17:03:18 (151) 0.00000000 0.00000000 0.00000000 0.00000000 0.00000000 0.00000000 0
2020-09-16 17:03:19 (152) 0.00000000 0.00000000 0.00000000 0.00000000 0.00000000 0.00000000 0
2020-09-16 17:03:20 (153) 0.00000000 0.00000000 0.00000000 0.00000000 0.00000000 0.00000000 0
2020-09-16 17:03:21 (154) 0.00000000 0.00000000 0.00000000 0.00000000 0.00000000 0.00000000 0
2020-09-16 17:03:22 (155) 0.00000000 0.00000000 0.00000000 0.00000000 0.00000000 0.00000000 0
2020-09-16 17:03:23 (156) 0.00000000 0.00000000 0.00000000 0.00000000 0.00000000 0.00000000 0
2020-09-16 17:03:25 (157) 0.00000000 0.00000000 0.00000000 0.00000000 0.00000000 0.00000000 0
2020-09-16 17:03:25 (158) 0.00000000 0.00000000 0.00000000 0.00000000 0.00000000 0.00000000 0
2020-09-16 17:03:26 (159) 0.00000000 0.00000000 0.00000000 0.00000000 0.00000000 0.00000000 0
2020-09-16 17:03:27 (160) 0.00000000 0.00000000 0.00000000 0.00000000 0.00000000 0.00000000 0
2020-09-16 17:03:28 (161) 0.00000000 0.00000000 0.00000000 0.00000000 0.00000000 0.00000000 0
2020-09-16 17:03:29 (162) 0.00000000 0.00000000 0.00000000 0.00000000 0.00000000 0.00000000 0
2020-09-16 17:03:30 (163) 0.00000000 0.00000000 0.00000000 0.00000000 0.00000000 0.00000000 0
2020-09-16 17:03:31 (164) 0.00000000 0.00000000 0.00000000 0.00000000 0.00000000 0.00000000 0
2020-09-16 17:03:32 (165) 0.00000000 0.00000000 0.00000000 0.00000000 0.00000000 0.00000000 0
2020-09-16 17:03:33 (166) 0.00000000 0.00000000 0.00000000 0.00000000 0.00000000 0.00000000 0
2020-09-16 17:03:34 (167) 0.00000000 0.00000000 0.00000000 0.00000000 0.00000000 0.00000000 0
2020-09-16 17:03:35 (168) 0.00000000 0.00000000 0.00000000 0.00000000 0.00000000 0.00000000 0
2020-09-16 17:03:36 (169) 0.00000000 0.00000000 0.00000000 0.00000000 0.00000000 0.00000000 0
2020-09-16 17:03:37 (170) 0.00000000 0.00000000 0.00000000 0.00000000 0.00000000 0.00000000 0
2020-09-16 17:03:38 (171) 0.00000000 0.00000000 0.00000000 0.00000000 0.00000000 0.00000000 0
2020-09-16 17:03:39 (172) 0.00000000 0.00000000 0.00000000 0.00000000 0.00000000 0.00000000 0
2020-09-16 17:03:40 (173) 0.00000000 0.00000000 0.00000000 0.00000000 0.00000000 0.00000000 0
2020-09-16 17:03:41 (174) 0.00000000 0.00000000 0.00000000 0.00000000 0.00000000 0.00000000 0
2020-09-16 17:03:42 (175) 0.00000000 0.00000000 0.00000000 0.00000000 0.00000000 0.00000000 0
2020-09-16 17:03:43 (176) 0.00000000 0.00000000 0.00000000 0.00000000 0.00000000 0.00000000 0
2020-09-16 17:03:44 (177) 0.00000000 0.00000000 0.00000000 0.00000000 0.00000000 0.00000000 0
2020-09-16 17:03:45 (178) 0.00000000 0.00000000 0.00000000 0.00000000 0.00000000 0.00000000 0
2020-09-16 17:03:46 (179) 0.00000000 0.00000000 0.00000000 0.00000000 0.00000000 0.00000000 0
2020-09-16 17:03:47 (180) 0.00000000 0.00000000 0.00000000 0.00000000 0.00000000 0.00000000 0
2020-09-16 17:03:48 (181) 0.00000000 0.00000000 0.00000000 0.00000000 0.00000000 0.00000000 0
2020-09-16 17:03:49 (182) 0.00000000 0.00000000 0.00000000 0.00000000 0.00000000 0.00000000 0
2020-09-16 17:03:50 (183) 0.00000000 0.00000000 0.00000000 0.00000000 0.00000000 0.00000000 0
2020-09-16 17:03:51 (184) 0.00000000 0.00000000 0.00000000 0.00000000 0.00000000 0.00000000 0
2020-09-16 17:03:52 (185) 0.00000000 0.00000000 0.00000000 0.00000000 0.00000000 0.00000000 0
2020-09-16 17:03:53 (186) 0.00000000 0.00000000 0.00000000 0.00000000 0.00000000 0.00000000 0
