     211 19.017551290000004 2020  9  2 01:48:10.701560676098 28305180.0 34347.0 1.214927e-003
     451 40.616986140000002 2020  9  2 01:48:32.301000952721 28304655.0 33822.0 1.196357e-003
     481 43.316919290000001 2020  9  2 01:48:35.000925958157 28304580.0 33747.0 1.193704e-003
     499 44.936875430000001 2020  9  2 01:48:36.620872914791 28304525.0 33692.0 1.191758e-003
     529 47.636812140000011 2020  9  2 01:48:39.320797920227 28304440.0 33607.0 1.188752e-003
     547 49.256801140000000 2020  9  2 01:48:40.940785109997 28304405.0 33572.0 1.187514e-003
     595 53.576659140000004 2020  9  2 01:48:45.260657072067 28304260.0 33427.0 1.182385e-003
     625 56.276631569999999 2020  9  2 01:48:47.960622310638 28304185.0 33352.0 1.179732e-003
     643 57.896605710000003 2020  9  2 01:48:49.580609500408 28304100.0 33267.0 1.176725e-003
     673 60.596532570000008 2020  9  2 01:48:52.280534505844 28304030.0 33197.0 1.174249e-003
     691 62.216496999999997 2020  9  2 01:48:53.900481462479 28303965.0 33132.0 1.171950e-003
     721 64.916445430000010 2020  9  2 01:48:56.600446701050 28303860.0 33027.0 1.168236e-003
     739 66.536405000000002 2020  9  2 01:48:58.220393657684 28303795.0 32962.0 1.165937e-003
     769 69.236368429999999 2020  9  2 01:49:00.920358896255 28303690.0 32857.0 1.162223e-003
     787 70.856314290000000 2020  9  2 01:49:02.540305852890 28303640.0 32807.0 1.160454e-003
     817 73.556425290000007 2020  9  2 01:49:05.240432024002 28303520.0 32687.0 1.156209e-003
     835 75.176229999999990 2020  9  2 01:49:06.860218048096 28303465.0 32632.0 1.154264e-003
     865 77.876197139999988 2020  9  2 01:49:09.560183286667 28303345.0 32512.0 1.150019e-003
     883 79.496148860000005 2020  9  2 01:49:11.180130243301 28303265.0 32432.0 1.147189e-003
     913 82.196106860000000 2020  9  2 01:49:13.880095481873 28303150.0 32317.0 1.143122e-003
     931 83.816059140000007 2020  9  2 01:49:15.500042438507 28303075.0 32242.0 1.140469e-003
     961 86.516030430000001 2020  9  2 01:49:18.200047910213 28302950.0 32117.0 1.136047e-003
     979 88.135964860000001 2020  9  2 01:49:19.819954633713 28302870.0 32037.0 1.133217e-003
    1009 90.836051139999995 2020  9  2 01:49:22.520040571690 28302740.0 31907.0 1.128619e-003
    1027 92.455881859999991 2020  9  2 01:49:24.139866828918 28302640.0 31807.0 1.125082e-003
    1057 95.155966139999990 2020  9  2 01:49:26.839952766895 28302500.0 31667.0 1.120130e-003
    1075 96.775796429999986 2020  9  2 01:49:28.459779024124 28302420.0 31587.0 1.117300e-003
    1105 99.476084430000000 2020  9  2 01:49:31.160066127777 28302275.0 31442.0 1.112171e-003
    1123 101.095716139999990 2020  9  2 01:49:32.779731452465 28302170.0 31337.0 1.108457e-003
    1153 103.795705709999990 2020  9  2 01:49:35.479696691036 28302015.0 31182.0 1.102974e-003
    1171 105.415624570000020 2020  9  2 01:49:37.099643647671 28301900.0 31067.0 1.098906e-003
    1219 109.735545860000000 2020  9  2 01:49:41.419555842876 28301640.0 30807.0 1.089710e-003
    1267 114.055465000000000 2020  9  2 01:49:45.739468038082 28301355.0 30522.0 1.079629e-003
    1303 117.295429290000020 2020  9  2 01:49:48.979442417622 28301140.0 30307.0 1.072024e-003
    1315 118.375382289999980 2020  9  2 01:49:50.059380233288 28301045.0 30212.0 1.068663e-003
    1329 119.635560290000000 2020  9  2 01:49:51.319562494755 28300950.0 30117.0 1.065303e-003
    1345 121.075408569999980 2020  9  2 01:49:52.759425938129 28300865.0 30032.0 1.062296e-003
    1351 121.615344290000000 2020  9  2 01:49:53.299354612827 28300805.0 29972.0 1.060174e-003
    1363 122.695306999999990 2020  9  2 01:49:54.379292428494 28300730.0 29897.0 1.057521e-003
    1377 123.955452569999990 2020  9  2 01:49:55.639434456825 28300620.0 29787.0 1.053630e-003
    1399 125.935257000000010 2020  9  2 01:49:57.619266808033 28300475.0 29642.0 1.048501e-003
    1411 127.015226290000020 2020  9  2 01:49:58.699244856834 28300385.0 29552.0 1.045318e-003
    1425 128.275210709999980 2020  9  2 01:49:59.959225952625 28300280.0 29447.0 1.041604e-003
    1447 130.255168570000000 2020  9  2 01:50:01.939179003239 28300125.0 29292.0 1.036121e-003
    1459 131.335149710000020 2020  9  2 01:50:03.019157052040 28300020.0 29187.0 1.032407e-003
    1473 132.595137430000020 2020  9  2 01:50:04.279138147831 28299915.0 29082.0 1.028693e-003
    1495 134.575100569999990 2020  9  2 01:50:06.259091198444 28299750.0 28917.0 1.022856e-003
    1507 135.655073859999990 2020  9  2 01:50:07.339069247246 28299645.0 28812.0 1.019142e-003
    1521 136.915061859999980 2020  9  2 01:50:08.599050343037 28299525.0 28692.0 1.014898e-003
    1543 138.895018430000020 2020  9  2 01:50:10.579003393650 28299350.0 28517.0 1.008707e-003
    1555 139.974996430000000 2020  9  2 01:50:11.658981442451 28299245.0 28412.0 1.004993e-003
    1569 141.234996569999990 2020  9  2 01:50:12.919002771378 28299120.0 28287.0 1.000572e-003
    1591 143.214954999999950 2020  9  2 01:50:14.898955821991 28298935.0 28102.0 9.940280e-004
    1603 144.294932859999990 2020  9  2 01:50:15.978933870792 28298820.0 27987.0 9.899602e-004
    1617 145.554913289999970 2020  9  2 01:50:17.238914966583 28298675.0 27842.0 9.848313e-004
    1639 147.534879289999960 2020  9  2 01:50:19.218868017197 28298480.0 27647.0 9.779337e-004
    1651 148.614857569999970 2020  9  2 01:50:20.298846065998 28298365.0 27532.0 9.738659e-004
    1665 149.874829710000000 2020  9  2 01:50:21.558827161789 28298230.0 27397.0 9.690907e-004
    1687 151.854798570000010 2020  9  2 01:50:23.538780212402 28298005.0 27172.0 9.611319e-004
    1699 152.934784999999980 2020  9  2 01:50:24.618798494339 28297880.0 27047.0 9.567104e-004
    1713 154.194757569999980 2020  9  2 01:50:25.878739356995 28297740.0 26907.0 9.517583e-004
    1735 156.174719139999980 2020  9  2 01:50:27.858732640743 28297505.0 26672.0 9.434458e-004
    1761 158.514686709999980 2020  9  2 01:50:30.198691785336 28297215.0 26382.0 9.331879e-004
    1783 160.494658999999980 2020  9  2 01:50:32.178644835949 28296980.0 26147.0 9.248755e-004
    1809 162.834621860000000 2020  9  2 01:50:34.518603980541 28296670.0 25837.0 9.139101e-004
    1831 164.814591709999970 2020  9  2 01:50:36.498597264290 28296415.0 25582.0 9.048902e-004
    1850 166.524573429999980 2020  9  2 01:50:38.208585977554 28296185.0 25352.0 8.967546e-004
    1857 167.154562569999970 2020  9  2 01:50:38.838556408882 28296100.0 25267.0 8.937480e-004
    1879 169.134517429999990 2020  9  2 01:50:40.818509459496 28295820.0 24987.0 8.838438e-004
    1898 170.844504429999970 2020  9  2 01:50:42.528498172760 28295585.0 24752.0 8.755313e-004
    1905 171.474486860000010 2020  9  2 01:50:43.158468604088 28295480.0 24647.0 8.718173e-004
    1927 173.454453289999980 2020  9  2 01:50:45.138461887836 28295190.0 24357.0 8.615593e-004
    1946 175.164448430000020 2020  9  2 01:50:46.848450601101 28294945.0 24112.0 8.528932e-004
    1953 175.794417860000010 2020  9  2 01:50:47.478421032429 28294845.0 24012.0 8.493559e-004
    1975 177.774390709999980 2020  9  2 01:50:49.458374083042 28294530.0 23697.0 8.382137e-004
    1994 179.484375289999970 2020  9  2 01:50:51.168362796307 28294255.0 23422.0 8.284864e-004
    2001 180.114371859999980 2020  9  2 01:50:51.798373460770 28294140.0 23307.0 8.244186e-004
    2023 182.094340000000020 2020  9  2 01:50:53.778326511383 28293830.0 22997.0 8.134532e-004
    2042 183.804304000000000 2020  9  2 01:50:55.488315224648 28293535.0 22702.0 8.030184e-004
    2049 184.434373859999990 2020  9  2 01:50:56.118366122246 28293430.0 22597.0 7.993044e-004
    2071 186.414273289999950 2020  9  2 01:50:58.098278939724 28293095.0 22262.0 7.874547e-004
    2090 188.124241289999990 2020  9  2 01:50:59.808227419853 28292785.0 21952.0 7.764893e-004
    2097 188.754246140000020 2020  9  2 01:51:00.438238084316 28292675.0 21842.0 7.725984e-004
    2138 192.444180709999980 2020  9  2 01:51:04.128179848194 28291985.0 21152.0 7.481916e-004
    2145 193.074195859999970 2020  9  2 01:51:04.758190512657 28291865.0 21032.0 7.439470e-004
    2186 196.764121999999990 2020  9  2 01:51:08.448132276535 28291150.0 20317.0 7.186559e-004
    2193 197.394160570000000 2020  9  2 01:51:09.078142940998 28291015.0 20182.0 7.138806e-004
    2215 199.374161999999980 2020  9  2 01:51:11.058176457882 28290620.0 19787.0 6.999086e-004
    2234 201.084077860000010 2020  9  2 01:51:12.768084704876 28290265.0 19432.0 6.873515e-004
    2263 203.694047430000010 2020  9  2 01:51:15.378048419952 28289705.0 18872.0 6.675431e-004
    2282 205.404020289999980 2020  9  2 01:51:17.088037133217 28289330.0 18497.0 6.542786e-004
    2289 206.034260859999990 2020  9  2 01:51:17.718248963356 28289210.0 18377.0 6.500339e-004
    2311 208.014015289999950 2020  9  2 01:51:19.698000848293 28288755.0 17922.0 6.339396e-004
    2330 209.723975859999970 2020  9  2 01:51:21.407989561558 28288355.0 17522.0 6.197907e-004
    2359 212.333961289999960 2020  9  2 01:51:24.017953276634 28287740.0 16907.0 5.980369e-004
    2378 214.043934859999980 2020  9  2 01:51:25.727941989899 28287335.0 16502.0 5.837111e-004
    2426 218.363890140000000 2020  9  2 01:51:30.047894418240 28286265.0 15432.0 5.458629e-004
    2440 219.624109860000000 2020  9  2 01:51:31.308116912842 28285945.0 15112.0 5.345439e-004
    2474 222.683852569999970 2020  9  2 01:51:34.367846846581 28285155.0 14322.0 5.065999e-004
    2522 227.003817709999990 2020  9  2 01:51:38.687799274921 28283995.0 13162.0 4.655682e-004
    2570 231.323780570000000 2020  9  2 01:51:43.007791936398 28282800.0 11967.0 4.232985e-004
    2584 232.583982139999990 2020  9  2 01:51:44.267974197865 28282450.0 11617.0 4.109182e-004
    2599 233.933785859999970 2020  9  2 01:51:45.617795884609 28282045.0 11212.0 3.965925e-004
    2618 235.643749709999980 2020  9  2 01:51:47.327744364738 28281560.0 10727.0 3.794370e-004
    2632 236.903769709999980 2020  9  2 01:51:48.587765693665 28281200.0 10367.0 3.667030e-004
    2647 238.253747000000000 2020  9  2 01:51:49.937748312950 28280785.0 9952.0 3.520236e-004
    2665 239.874313430000000 2020  9  2 01:51:51.558298766613 28280320.0 9487.0 3.355755e-004
    2666 239.963730140000000 2020  9  2 01:51:51.647737026215 28280275.0 9442.0 3.339838e-004
    2680 241.223730139999990 2020  9  2 01:51:52.907718122005 28279905.0 9072.0 3.208961e-004
    2714 244.283726000000000 2020  9  2 01:51:55.967729687691 28278955.0 8122.0 2.872926e-004
    2728 245.543700999999970 2020  9  2 01:51:57.227710783482 28278580.0 7747.0 2.740280e-004
    2762 248.603698289999950 2020  9  2 01:52:00.287682116032 28277620.0 6787.0 2.400707e-004
    2776 249.863666569999990 2020  9  2 01:52:01.547663211823 28277225.0 6392.0 2.260987e-004
    2805 252.473831139999990 2020  9  2 01:52:04.157828092575 28276410.0 5577.0 1.972705e-004
    2810 252.923714859999990 2020  9  2 01:52:04.607715010643 28276250.0 5417.0 1.916109e-004
    2820 253.823736000000030 2020  9  2 01:52:05.507730245590 28275970.0 5137.0 1.817067e-004
    2823 254.093735429999980 2020  9  2 01:52:05.777734816074 28275865.0 5032.0 1.779926e-004
    2824 254.183657289999960 2020  9  2 01:52:05.867655873299 28275845.0 5012.0 1.772852e-004
    2858 257.243667140000010 2020  9  2 01:52:08.927667438984 28274855.0 4022.0 1.422668e-004
    2872 258.503648290000000 2020  9  2 01:52:10.187648534775 28274445.0 3612.0 1.277642e-004
    2906 261.563675139999990 2020  9  2 01:52:13.247660100460 28273440.0 2607.0 9.221518e-005
    2920 262.823637569999960 2020  9  2 01:52:14.507641196251 28273035.0 2202.0 7.788946e-005
    2943 264.893752709999940 2020  9  2 01:52:16.577756702900 28272335.0 1502.0 5.312896e-005
    2968 267.143639140000000 2020  9  2 01:52:18.827633857727 28271605.0  772.0 2.730730e-005
    2997 269.753664570000010 2020  9  2 01:52:21.437678039074 28270745.0  -88.0 -3.112749e-006
    3016 271.463633859999960 2020  9  2 01:52:23.147626519203 28270175.0 -658.0 -2.327487e-005
    3064 275.783642709999980 2020  9  2 01:52:27.467659413815 28268755.0 -2078.0 -7.350332e-005
    3084 277.583746139999960 2020  9  2 01:52:29.267730116844 28268160.0 -2673.0 -9.454974e-005
    3112 280.103657860000000 2020  9  2 01:52:31.787652075291 28267340.0 -3493.0 -1.235549e-004
    3145 283.073662290000020 2020  9  2 01:52:34.757662117481 28266390.0 -4443.0 -1.571584e-004
    3160 284.423665139999970 2020  9  2 01:52:36.107684969902 28265945.0 -4888.0 -1.728990e-004
    3161 284.513683140000010 2020  9  2 01:52:36.197686493397 28265895.0 -4938.0 -1.746677e-004
    3180 286.223858569999950 2020  9  2 01:52:37.907876372337 28265365.0 -5468.0 -1.934149e-004
    3193 287.393674429999980 2020  9  2 01:52:39.077654778957 28264995.0 -5838.0 -2.065026e-004
    3208 288.743674000000000 2020  9  2 01:52:40.427677631378 28264565.0 -6268.0 -2.217126e-004
    3237 291.353738139999960 2020  9  2 01:52:43.037721812725 28263745.0 -7088.0 -2.507178e-004
    3241 291.713681710000000 2020  9  2 01:52:43.397687673569 28263625.0 -7208.0 -2.549624e-004
    3250 292.524066570000000 2020  9  2 01:52:44.208063483238 28263375.0 -7458.0 -2.638055e-004
    3256 293.063707429999970 2020  9  2 01:52:44.747710525990 28263215.0 -7618.0 -2.694650e-004
    3285 295.673857140000000 2020  9  2 01:52:47.357875406742 28262410.0 -8423.0 -2.979396e-004
    3289 296.033706289999940 2020  9  2 01:52:47.717720568180 28262290.0 -8543.0 -3.021842e-004
    3298 296.843891140000040 2020  9  2 01:52:48.527895212173 28262055.0 -8778.0 -3.104967e-004
    3337 300.353723430000000 2020  9  2 01:52:52.037713229656 28260985.0 -9848.0 -3.483449e-004
    3346 301.164022710000040 2020  9  2 01:52:52.848008573055 28260755.0 -10078.0 -3.564805e-004
    3376 303.864136289999980 2020  9  2 01:52:55.548134744167 28259945.0 -10888.0 -3.851319e-004
    3385 304.673758139999960 2020  9  2 01:52:56.357746124268 28259715.0 -11118.0 -3.932675e-004
    3386 304.763832139999980 2020  9  2 01:52:56.447828114033 28259700.0 -11133.0 -3.937981e-004
    3397 305.754435570000000 2020  9  2 01:52:57.438448369503 28259400.0 -11433.0 -4.044097e-004
    3414 307.283813139999950 2020  9  2 01:52:58.967830538750 28258970.0 -11863.0 -4.196198e-004
    3433 308.993790859999930 2020  9  2 01:53:00.677779018879 28258495.0 -12338.0 -4.364215e-004
    3445 310.073809999999980 2020  9  2 01:53:01.757797300816 28258195.0 -12638.0 -4.470332e-004
    3462 311.603895710000020 2020  9  2 01:53:03.287903666496 28257770.0 -13063.0 -4.620663e-004
    3477 312.953838289999960 2020  9  2 01:53:04.637846052647 28257395.0 -13438.0 -4.753309e-004
    3481 313.313822000000020 2020  9  2 01:53:04.997811913490 28257305.0 -13528.0 -4.785144e-004
    3493 314.393858139999960 2020  9  2 01:53:06.077870428562 28257015.0 -13818.0 -4.887723e-004
    3506 315.564040140000030 2020  9  2 01:53:07.248051166534 28256690.0 -14143.0 -5.002682e-004
    3525 317.273905999999950 2020  9  2 01:53:08.957919180393 28256255.0 -14578.0 -5.156551e-004
    3529 317.633866570000010 2020  9  2 01:53:09.317885041237 28256160.0 -14673.0 -5.190155e-004
    3541 318.713895569999980 2020  9  2 01:53:10.397903323174 28255895.0 -14938.0 -5.283891e-004
    3554 319.883902139999980 2020  9  2 01:53:11.567882895470 28255565.0 -15268.0 -5.400619e-004
    3555 319.974421860000010 2020  9  2 01:53:11.658407449722 28255570.0 -15263.0 -5.398850e-004
    3577 321.953905709999960 2020  9  2 01:53:13.637917935848 28255065.0 -15768.0 -5.577480e-004
    3589 323.033917289999920 2020  9  2 01:53:14.717936217785 28254805.0 -16028.0 -5.669447e-004
    3625 326.273940859999980 2020  9  2 01:53:17.957950830460 28254015.0 -16818.0 -5.948887e-004
    3634 327.083956999999940 2020  9  2 01:53:18.767964541912 28253815.0 -17018.0 -6.019632e-004
    3637 327.354096140000020 2020  9  2 01:53:19.038089811802 28253755.0 -17078.0 -6.040855e-004
    3651 328.614319709999960 2020  9  2 01:53:20.298312306404 28253475.0 -17358.0 -6.139897e-004
    3654 328.883985860000000 2020  9  2 01:53:20.567995011806 28253400.0 -17433.0 -6.166426e-004
    3673 330.593988429999970 2020  9  2 01:53:22.277983725071 28253005.0 -17828.0 -6.306146e-004
    3682 331.404147569999960 2020  9  2 01:53:23.088158369064 28252805.0 -18028.0 -6.376890e-004
    3685 331.674029140000020 2020  9  2 01:53:23.358042240143 28252770.0 -18063.0 -6.389271e-004
    3696 332.664276430000030 2020  9  2 01:53:24.348260164261 28252525.0 -18308.0 -6.475932e-004
    3702 333.204042000000020 2020  9  2 01:53:24.888027906418 28252420.0 -18413.0 -6.513073e-004
    3721 334.914038139999950 2020  9  2 01:53:26.598056852818 28252040.0 -18793.0 -6.647487e-004
    3730 335.724223430000000 2020  9  2 01:53:27.408231496811 28251880.0 -18953.0 -6.704083e-004
    3733 335.994052999999950 2020  9  2 01:53:27.678034901619 28251805.0 -19028.0 -6.730612e-004
    3750 337.524079709999970 2020  9  2 01:53:29.208060801029 28251495.0 -19338.0 -6.840265e-004
    3769 339.234106859999940 2020  9  2 01:53:30.918089747429 28251130.0 -19703.0 -6.969374e-004
    3781 340.314115429999960 2020  9  2 01:53:31.998108029366 28250915.0 -19918.0 -7.045424e-004
    3798 341.844258860000020 2020  9  2 01:53:33.528254628181 28250600.0 -20233.0 -7.156846e-004
    3817 343.554149999999990 2020  9  2 01:53:35.238162875175 28250265.0 -20568.0 -7.275343e-004
    3826 344.364221570000040 2020  9  2 01:53:36.048216819763 28250130.0 -20703.0 -7.323095e-004
    3829 344.634156569999960 2020  9  2 01:53:36.318140923977 28250050.0 -20783.0 -7.351393e-004
    3843 345.894246710000000 2020  9  2 01:53:37.578242719173 28249815.0 -21018.0 -7.434517e-004
    3846 346.164194570000010 2020  9  2 01:53:37.848207056522 28249755.0 -21078.0 -7.455741e-004
    3865 347.874199139999970 2020  9  2 01:53:39.558195769787 28249435.0 -21398.0 -7.568932e-004
    3877 348.954215429999980 2020  9  2 01:53:40.638214051723 28249235.0 -21598.0 -7.639676e-004
    3891 350.214240430000020 2020  9  2 01:53:41.898235380650 28249000.0 -21833.0 -7.722800e-004
    3894 350.484258709999950 2020  9  2 01:53:42.168239951134 28248960.0 -21873.0 -7.736949e-004
    3909 351.834667140000020 2020  9  2 01:53:43.518665134907 28248725.0 -22108.0 -7.820074e-004
    3913 352.194272430000010 2020  9  2 01:53:43.878268897533 28248650.0 -22183.0 -7.846603e-004
    3925 353.274267860000010 2020  9  2 01:53:44.958287179470 28248455.0 -22378.0 -7.915579e-004
    3939 354.534313709999940 2020  9  2 01:53:46.218308508396 28248245.0 -22588.0 -7.989860e-004
    3942 354.804445710000040 2020  9  2 01:53:46.488433778286 28248185.0 -22648.0 -8.011083e-004
    3961 356.514326139999980 2020  9  2 01:53:48.198342025280 28247895.0 -22938.0 -8.113663e-004
    3973 357.594335139999940 2020  9  2 01:53:49.278320074081 28247720.0 -23113.0 -8.175564e-004
    3987 358.854389860000030 2020  9  2 01:53:50.538381636143 28247505.0 -23328.0 -8.251614e-004
    3990 359.124421430000040 2020  9  2 01:53:50.808426439762 28247480.0 -23353.0 -8.260457e-004
    4009 360.834454999999990 2020  9  2 01:53:52.518455386162 28247200.0 -23633.0 -8.359499e-004
    4021 361.914400710000000 2020  9  2 01:53:53.598393201828 28247035.0 -23798.0 -8.417863e-004
    4035 363.174429290000030 2020  9  2 01:53:54.858414530754 28246840.0 -23993.0 -8.486839e-004
    4038 363.444432860000010 2020  9  2 01:53:55.128419101238 28246800.0 -24033.0 -8.500988e-004
    4057 365.154462430000080 2020  9  2 01:53:56.838448047638 28246535.0 -24298.0 -8.594724e-004
    4069 366.234469139999990 2020  9  2 01:53:57.918466329575 28246375.0 -24458.0 -8.651319e-004
    4086 367.764485430000040 2020  9  2 01:53:59.448492228985 28246145.0 -24688.0 -8.732675e-004
    4098 368.844524860000040 2020  9  2 01:54:00.528510510921 28245990.0 -24843.0 -8.787502e-004
    4105 369.474524569999970 2020  9  2 01:54:01.158521175385 28245915.0 -24918.0 -8.814031e-004
    4117 370.554527430000010 2020  9  2 01:54:02.238539457321 28245755.0 -25078.0 -8.870626e-004
    4126 371.364577290000000 2020  9  2 01:54:03.048593401909 28245620.0 -25213.0 -8.918379e-004
    4134 372.084551999999970 2020  9  2 01:54:03.768565356731 28245545.0 -25288.0 -8.944908e-004
    4165 374.874599429999990 2020  9  2 01:54:06.558612585068 28245160.0 -25673.0 -9.081091e-004
    4182 376.404621710000010 2020  9  2 01:54:08.088638484478 28244965.0 -25868.0 -9.150066e-004
    4194 377.485286709999970 2020  9  2 01:54:09.169300496578 28244820.0 -26013.0 -9.201356e-004
    4213 379.194673290000030 2020  9  2 01:54:10.878685712814 28244605.0 -26228.0 -9.277406e-004
    4230 380.724701289999980 2020  9  2 01:54:12.408711612225 28244420.0 -26413.0 -9.342845e-004
    4261 383.514736709999970 2020  9  2 01:54:15.198718607426 28244085.0 -26748.0 -9.461341e-004
    4270 384.325496999999980 2020  9  2 01:54:16.009496748447 28243995.0 -26838.0 -9.493176e-004
    4278 385.044761000000050 2020  9  2 01:54:16.728744506836 28243915.0 -26918.0 -9.521474e-004
    4309 387.834804570000020 2020  9  2 01:54:19.518791735172 28243590.0 -27243.0 -9.636433e-004
    4323 389.094858859999990 2020  9  2 01:54:20.778853297234 28243460.0 -27373.0 -9.682417e-004
    4326 389.364828000000050 2020  9  2 01:54:21.048817634583 28243425.0 -27408.0 -9.694797e-004
    4357 392.154880860000110 2020  9  2 01:54:23.838864862919 28243125.0 -27708.0 -9.800914e-004
    4371 393.414907569999970 2020  9  2 01:54:25.098926424980 28242995.0 -27838.0 -9.846898e-004
    4374 393.684907140000010 2020  9  2 01:54:25.368890762329 28242965.0 -27868.0 -9.857509e-004
    4405 396.474961430000010 2020  9  2 01:54:28.158978223801 28242690.0 -28143.0 -9.954783e-004
    4414 397.285059569999930 2020  9  2 01:54:28.969072401524 28242600.0 -28233.0 -9.986618e-004
    4419 397.734974289999970 2020  9  2 01:54:29.418959319592 28242570.0 -28263.0 -9.997229e-004
    4422 398.004980710000040 2020  9  2 01:54:29.688963890076 28242535.0 -28298.0 -1.000961e-003
    4453 400.795040289999970 2020  9  2 01:54:32.479051351547 28242265.0 -28568.0 -1.010511e-003
    4467 402.055048000000000 2020  9  2 01:54:33.739032447338 28242155.0 -28678.0 -1.014402e-003
    4470 402.325068709999980 2020  9  2 01:54:34.009077250957 28242120.0 -28713.0 -1.015640e-003
    4501 405.115257859999990 2020  9  2 01:54:36.799245178699 28241870.0 -28963.0 -1.024483e-003
    4515 406.375125569999970 2020  9  2 01:54:38.059105575085 28241755.0 -29078.0 -1.028551e-003
    4518 406.645138429999970 2020  9  2 01:54:38.329150378704 28241740.0 -29093.0 -1.029082e-003
    4549 409.435189289999930 2020  9  2 01:54:41.119197607040 28241505.0 -29328.0 -1.037394e-003
    4563 410.695202709999990 2020  9  2 01:54:42.379218935966 28241400.0 -29433.0 -1.041108e-003
    4566 410.965214289999950 2020  9  2 01:54:42.649223506451 28241375.0 -29458.0 -1.041993e-003
    4597 413.755534429999950 2020  9  2 01:54:45.439552366734 28241155.0 -29678.0 -1.049775e-003
    4611 415.015280140000020 2020  9  2 01:54:46.699292063713 28241050.0 -29783.0 -1.053489e-003
    4614 415.285286289999990 2020  9  2 01:54:46.969296634197 28241030.0 -29803.0 -1.054196e-003
    4645 418.075357709999930 2020  9  2 01:54:49.759343862534 28240820.0 -30013.0 -1.061624e-003
    4659 419.335365289999970 2020  9  2 01:54:51.019365191460 28240725.0 -30108.0 -1.064985e-003
    4662 419.605382290000020 2020  9  2 01:54:51.289369761944 28240710.0 -30123.0 -1.065515e-003
    4693 422.395436709999960 2020  9  2 01:54:54.079416990280 28240510.0 -30323.0 -1.072590e-003
    4707 423.655442860000050 2020  9  2 01:54:55.339438319206 28240410.0 -30423.0 -1.076127e-003
    4710 423.925453709999940 2020  9  2 01:54:55.609442889690 28240395.0 -30438.0 -1.076657e-003
    4741 426.715559859999930 2020  9  2 01:54:58.399570584297 28240205.0 -30628.0 -1.083378e-003
    4755 427.975515859999920 2020  9  2 01:54:59.659511446953 28240125.0 -30708.0 -1.086208e-003
    4758 428.245537859999960 2020  9  2 01:54:59.929556250572 28240100.0 -30733.0 -1.087092e-003
    4789 431.035600999999990 2020  9  2 01:55:02.719603478909 28239960.0 -30873.0 -1.092044e-003
    4803 432.295608999999960 2020  9  2 01:55:03.979624807835 28239840.0 -30993.0 -1.096289e-003
    4806 432.565647860000010 2020  9  2 01:55:04.249629378319 28239825.0 -31008.0 -1.096819e-003
    4851 436.615699000000010 2020  9  2 01:55:08.299697935581 28239580.0 -31253.0 -1.105486e-003
    4899 440.935777289999920 2020  9  2 01:55:12.619771063328 28239325.0 -31508.0 -1.114506e-003
    4947 445.255855430000000 2020  9  2 01:55:16.939844191074 28239095.0 -31738.0 -1.122641e-003
    4995 449.575936569999950 2020  9  2 01:55:21.259917318821 28238880.0 -31953.0 -1.130246e-003
    5043 453.896018569999910 2020  9  2 01:55:25.580030679703 28238665.0 -32168.0 -1.137851e-003
    5084 457.586125709999920 2020  9  2 01:55:29.270133376122 28238500.0 -32333.0 -1.143688e-003
    5091 458.216104709999910 2020  9  2 01:55:29.900103807449 28238470.0 -32363.0 -1.144749e-003
    5132 461.906508859999920 2020  9  2 01:55:33.590528368950 28238300.0 -32533.0 -1.150762e-003
    5139 462.536194859999910 2020  9  2 01:55:34.220176935196 28238280.0 -32553.0 -1.151469e-003
    5187 466.856287290000010 2020  9  2 01:55:38.540290296078 28238095.0 -32738.0 -1.158013e-003
    5235 471.176383569999980 2020  9  2 01:55:42.860403656960 28237935.0 -32898.0 -1.163673e-003
    5283 475.496459999999960 2020  9  2 01:55:47.180476784706 28237765.0 -33068.0 -1.169686e-003
    5379 484.136659569999950 2020  9  2 01:55:55.820663273335 28237465.0 -33368.0 -1.180298e-003
    5420 487.826993859999960 2020  9  2 01:55:59.511007368565 28237355.0 -33478.0 -1.184189e-003
    5427 488.456726709999940 2020  9  2 01:56:00.140736401081 28237330.0 -33503.0 -1.185073e-003
    5468 492.147048570000040 2020  9  2 01:56:03.831040263176 28237205.0 -33628.0 -1.189494e-003
    5475 492.776809569999950 2020  9  2 01:56:04.460809528828 28237200.0 -33633.0 -1.189671e-003
    5523 497.096932429999920 2020  9  2 01:56:08.780922889709 28237075.0 -33758.0 -1.194093e-003
    5571 501.417056429999950 2020  9  2 01:56:13.101076483727 28236975.0 -33858.0 -1.197630e-003
    5619 505.737098569999940 2020  9  2 01:56:17.421109378338 28236845.0 -33988.0 -1.202228e-003
    5667 510.057180860000020 2020  9  2 01:56:21.741182506084 28236730.0 -34103.0 -1.206296e-003
    5715 514.377309709999960 2020  9  2 01:56:26.061295866966 28236625.0 -34208.0 -1.210010e-003
    5907 531.657649569999990 2020  9  2 01:56:43.341668844223 28236250.0 -34583.0 -1.223275e-003
    6003 540.297864140000000 2020  9  2 01:56:51.981855332851 28236115.0 -34718.0 -1.228050e-003
    6051 544.617924570000010 2020  9  2 01:56:56.301928460598 28236040.0 -34793.0 -1.230703e-003
    6051 544.617924570000010 2020  9  2 01:56:56.301928460598 28236040.0 -34793.0 -1.230703e-003
     579 52.139208710000005 2020  9  2 01:48:43.823207616806 28235750.0 -35083.0 -1.240961e-003
     579 52.139208710000005 2020  9  2 01:48:43.823207616806 28235750.0 -35083.0 -1.240961e-003
    5617 505.559083000000040 2020  9  2 01:56:17.243077754974 28306255.0 35422.0 1.252952e-003
    6049 544.438059139999950 2020  9  2 01:56:56.122046113014 28305765.0 34932.0 1.235620e-003
    6145 553.077666139999910 2020  9  2 01:57:04.761669337749 28305655.0 34822.0 1.231729e-003
    6193 557.398263289999930 2020  9  2 01:57:09.082265496254 28305525.0 34692.0 1.227130e-003
    6673 600.596991860000000 2020  9  2 01:57:52.280985116959 28304515.0 33682.0 1.191405e-003
    6721 604.916629289999830 2020  9  2 01:57:56.600615680218 28304390.0 33557.0 1.186983e-003
    6769 609.236454289999980 2020  9  2 01:58:00.920447409153 28304250.0 33417.0 1.182031e-003
    6817 613.556373290000010 2020  9  2 01:58:05.240359604359 28304095.0 33262.0 1.176548e-003
    6865 617.876274139999960 2020  9  2 01:58:09.560271799564 28303940.0 33107.0 1.171066e-003
    6913 622.196195859999990 2020  9  2 01:58:13.880183994770 28303780.0 32947.0 1.165406e-003
    6961 626.516109429999910 2020  9  2 01:58:18.200096189976 28303600.0 32767.0 1.159039e-003
    7009 630.836016999999860 2020  9  2 01:58:22.520008385181 28303420.0 32587.0 1.152672e-003
    7057 635.155931710000000 2020  9  2 01:58:26.839920580387 28303225.0 32392.0 1.145775e-003
    7105 639.475910000000000 2020  9  2 01:58:31.159913241863 28303005.0 32172.0 1.137993e-003
    7153 643.795760140000080 2020  9  2 01:58:35.479744970798 28302795.0 31962.0 1.130564e-003
    7201 648.115670710000020 2020  9  2 01:58:39.799657166004 28302565.0 31732.0 1.122429e-003
    7249 652.435589859999940 2020  9  2 01:58:44.119609594345 28302310.0 31477.0 1.113409e-003
    7281 655.315801570000080 2020  9  2 01:58:46.999819278717 28302150.0 31317.0 1.107749e-003
    7297 656.755506859999970 2020  9  2 01:58:48.439521789551 28302060.0 31227.0 1.104566e-003
    7329 659.635575860000020 2020  9  2 01:58:51.319570541382 28301880.0 31047.0 1.098199e-003
    7345 661.075426709999990 2020  9  2 01:58:52.759433984756 28301785.0 30952.0 1.094839e-003
    7371 663.415713429999980 2020  9  2 01:58:55.099714994431 28301630.0 30797.0 1.089356e-003
    7377 663.955391570000070 2020  9  2 01:58:55.639402270317 28301595.0 30762.0 1.088118e-003
    7393 665.395340570000140 2020  9  2 01:58:57.079346179962 28301495.0 30662.0 1.084581e-003
    7399 665.935359859999950 2020  9  2 01:58:57.619355320930 28301460.0 30627.0 1.083343e-003
    7425 668.275313860000100 2020  9  2 01:58:59.959314465523 28301295.0 30462.0 1.077506e-003
    7441 669.715256859999950 2020  9  2 01:59:01.399258375168 28301190.0 30357.0 1.073792e-003
    7447 670.255738570000180 2020  9  2 01:59:01.939750313759 28301150.0 30317.0 1.072377e-003
    7467 672.055270289999950 2020  9  2 01:59:03.739257752895 28301010.0 30177.0 1.067425e-003
    7473 672.595208289999960 2020  9  2 01:59:04.279226660728 28300970.0 30137.0 1.066010e-003
    7489 674.035178429999970 2020  9  2 01:59:05.719170570374 28300860.0 30027.0 1.062119e-003
    7495 674.575405430000050 2020  9  2 01:59:06.259421110153 28300815.0 29982.0 1.060528e-003
    7515 676.375150709999960 2020  9  2 01:59:08.059169948101 28300680.0 29847.0 1.055752e-003
    7521 676.915134139999960 2020  9  2 01:59:08.599138855934 28300640.0 29807.0 1.054338e-003
    7537 678.355099429999880 2020  9  2 01:59:10.039082765579 28300520.0 29687.0 1.050093e-003
    7569 681.235060429999980 2020  9  2 01:59:12.919051051140 28300280.0 29447.0 1.041604e-003
    7585 682.675025430000010 2020  9  2 01:59:14.359035193920 28300150.0 29317.0 1.037005e-003
    7611 685.015018570000050 2020  9  2 01:59:16.699034571648 28299940.0 29107.0 1.029577e-003
    7617 685.554988999999980 2020  9  2 01:59:17.239003479481 28299900.0 29067.0 1.028162e-003
    7633 686.994950570000130 2020  9  2 01:59:18.678947389126 28299765.0 28932.0 1.023387e-003
    7659 689.335212569999950 2020  9  2 01:59:21.019228398800 28299550.0 28717.0 1.015782e-003
    7665 689.874900430000030 2020  9  2 01:59:21.558915674686 28299490.0 28657.0 1.013660e-003
    7681 691.314877860000020 2020  9  2 01:59:22.998859584332 28299355.0 28522.0 1.008884e-003
    7687 691.854872860000000 2020  9  2 01:59:23.538868725300 28299320.0 28487.0 1.007646e-003
    7707 693.654848570000130 2020  9  2 01:59:25.338858962059 28299130.0 28297.0 1.000926e-003
    7713 694.194826430000030 2020  9  2 01:59:25.878827869892 28299065.0 28232.0 9.986264e-004
    7729 695.634797860000050 2020  9  2 01:59:27.318812012672 28298920.0 28087.0 9.934974e-004
    7735 696.175251860000000 2020  9  2 01:59:27.859263718128 28298875.0 28042.0 9.919057e-004
    7761 698.514745430000060 2020  9  2 01:59:30.198740065098 28298605.0 27772.0 9.823552e-004
    7777 699.954926139999880 2020  9  2 01:59:31.638925373554 28298460.0 27627.0 9.772262e-004
    7803 702.295167709999990 2020  9  2 01:59:33.979166150093 28298185.0 27352.0 9.674989e-004
    7809 702.834675570000060 2020  9  2 01:59:34.518692493439 28298135.0 27302.0 9.657303e-004
    7857 707.154598859999960 2020  9  2 01:59:38.838604688644 28297620.0 26787.0 9.475136e-004
    7905 711.474529139999960 2020  9  2 01:59:43.158516883850 28297080.0 26247.0 9.284127e-004
    7953 715.794466860000060 2020  9  2 01:59:47.478469312191 28296505.0 25672.0 9.080737e-004
    8001 720.114395000000060 2020  9  2 01:59:51.798381507397 28295895.0 25062.0 8.864967e-004
    8017 721.554387430000020 2020  9  2 01:59:53.238405883312 28295685.0 24852.0 8.790685e-004
    8049 724.434329139999930 2020  9  2 01:59:56.118333935738 28295260.0 24427.0 8.640354e-004
    8065 725.874326139999990 2020  9  2 01:59:57.558318078518 28295030.0 24197.0 8.558998e-004
    8097 728.754258999999930 2020  9  2 02:00:00.438246130943 28294565.0 23732.0 8.394517e-004
    8103 729.294281570000180 2020  9  2 02:00:00.978295505047 28294485.0 23652.0 8.366220e-004
    8113 730.194262429999980 2020  9  2 02:00:01.878270506859 28294335.0 23502.0 8.313161e-004
    8138 732.444419289999930 2020  9  2 02:00:04.128429293633 28293955.0 23122.0 8.178747e-004
    8145 733.074203140000010 2020  9  2 02:00:04.758198559284 28293840.0 23007.0 8.138069e-004
    8160 734.424518289999920 2020  9  2 02:00:06.108503043652 28293610.0 22777.0 8.056713e-004
    8161 734.514190139999980 2020  9  2 02:00:06.198182702065 28293595.0 22762.0 8.051408e-004
    8186 736.764158429999950 2020  9  2 02:00:08.448140323162 28293200.0 22367.0 7.911688e-004
    8193 737.394136570000110 2020  9  2 02:00:09.078150987625 28293080.0 22247.0 7.869241e-004
    8209 738.834137139999940 2020  9  2 02:00:10.518135130405 28292830.0 21997.0 7.780811e-004
    8234 741.084095290000050 2020  9  2 02:00:12.768092751503 28292395.0 21562.0 7.626942e-004
    8241 741.714084140000070 2020  9  2 02:00:13.398103415966 28292275.0 21442.0 7.584495e-004
    8247 742.253734860000120 2020  9  2 02:00:13.937750458717 28292155.0 21322.0 7.542049e-004
    8257 743.154163709999920 2020  9  2 02:00:14.838168025017 28291980.0 21147.0 7.480147e-004
    8282 745.404046570000110 2020  9  2 02:00:17.088045179844 28291535.0 20702.0 7.322741e-004
    8283 745.494060139999990 2020  9  2 02:00:17.178046703339 28291510.0 20677.0 7.313898e-004
    8289 746.034026570000040 2020  9  2 02:00:17.718015611172 28291415.0 20582.0 7.280295e-004
    8295 746.574038430000090 2020  9  2 02:00:18.258024752140 28291305.0 20472.0 7.241385e-004
    8330 749.723980430000100 2020  9  2 02:00:21.407997608185 28290645.0 19812.0 7.007929e-004
    8331 749.814001429999960 2020  9  2 02:00:21.497999131680 28290635.0 19802.0 7.004392e-004
    8337 750.353973290000000 2020  9  2 02:00:22.037968039513 28290510.0 19677.0 6.960177e-004
    8343 750.893974860000070 2020  9  2 02:00:22.577977180481 28290400.0 19567.0 6.921268e-004
    8378 754.043930710000040 2020  9  2 02:00:25.727950036526 28289705.0 18872.0 6.675431e-004
    8379 754.134353430000030 2020  9  2 02:00:25.818353891373 28289685.0 18852.0 6.668357e-004
    8385 754.673927710000040 2020  9  2 02:00:26.357920467854 28289560.0 18727.0 6.624142e-004
    8391 755.213925570000130 2020  9  2 02:00:26.897929608822 28289440.0 18607.0 6.581695e-004
    8426 758.363880570000110 2020  9  2 02:00:30.047862231731 28288710.0 17877.0 6.323478e-004
    8433 758.993880430000100 2020  9  2 02:00:30.677872896194 28288575.0 17742.0 6.275726e-004
    8439 759.533888570000160 2020  9  2 02:00:31.217882037163 28288435.0 17602.0 6.226205e-004
    8449 760.433991289999990 2020  9  2 02:00:32.117977738380 28288220.0 17387.0 6.150155e-004
    8495 764.578068430000030 2020  9  2 02:00:36.262071132660 28285440.0 14607.0 5.166809e-004
    8508 765.748213289999970 2020  9  2 02:00:37.432211637497 28285120.0 14287.0 5.053618e-004
    8542 768.808685570000080 2020  9  2 02:00:40.492665767670 28284280.0 13447.0 4.756492e-004
    8543 768.898025429999960 2020  9  2 02:00:40.582023561001 28284250.0 13417.0 4.745881e-004
    8556 770.068040139999990 2020  9  2 02:00:41.752043366432 28283920.0 13087.0 4.629153e-004
    8570 771.328038859999990 2020  9  2 02:00:43.012024462223 28283575.0 12742.0 4.507119e-004
    8591 773.217999289999970 2020  9  2 02:00:44.902016222477 28283015.0 12182.0 4.309035e-004
    8598 773.848076570000100 2020  9  2 02:00:45.532067120075 28282850.0 12017.0 4.250671e-004
    8603 774.298610710000050 2020  9  2 02:00:45.982597768307 28282685.0 11852.0 4.192307e-004
    8604 774.388000140000030 2020  9  2 02:00:46.071995794773 28282680.0 11847.0 4.190538e-004
    8609 774.838009709999940 2020  9  2 02:00:46.522003412247 28282535.0 11702.0 4.139248e-004
    8618 775.648204139999960 2020  9  2 02:00:47.332218289375 28282300.0 11467.0 4.056124e-004
    8624 776.188186710000080 2020  9  2 02:00:47.872187197208 28282130.0 11297.0 3.995991e-004
    8639 777.537967289999870 2020  9  2 02:00:49.221968650818 28281745.0 10912.0 3.859808e-004
    8646 778.167982859999940 2020  9  2 02:00:49.851979315281 28281555.0 10722.0 3.792601e-004
    8652 778.707965859999940 2020  9  2 02:00:50.391948223114 28281375.0 10542.0 3.728932e-004
    8657 779.158100709999990 2020  9  2 02:00:50.842116773129 28281245.0 10412.0 3.682948e-004
    8662 779.608008570000150 2020  9  2 02:00:51.292003691196 28281120.0 10287.0 3.638733e-004
    8687 781.857949999999850 2020  9  2 02:00:53.541961312294 28280410.0 9577.0 3.387590e-004
    8694 782.487945859999970 2020  9  2 02:00:54.171931743622 28280200.0 9367.0 3.313309e-004
    8699 782.937938139999910 2020  9  2 02:00:54.621939361095 28280080.0 9247.0 3.270862e-004
    8700 783.027933570000070 2020  9  2 02:00:54.711940884590 28280055.0 9222.0 3.262019e-004
    8702 783.207978430000030 2020  9  2 02:00:54.891984164715 28280025.0 9192.0 3.251408e-004
    8710 783.927940859999920 2020  9  2 02:00:55.611956119537 28279775.0 8942.0 3.162977e-004
    8733 785.998232290000030 2020  9  2 02:00:57.682232558727 28279110.0 8277.0 2.927752e-004
    8734 786.088145430000050 2020  9  2 02:00:57.772153615952 28279100.0 8267.0 2.924215e-004
    8735 786.177916709999980 2020  9  2 02:00:57.861913740635 28279060.0 8227.0 2.910066e-004
    8747 787.257945859999950 2020  9  2 02:00:58.941932022572 28278720.0 7887.0 2.789801e-004
    8748 787.347910429999840 2020  9  2 02:00:59.031893312931 28278685.0 7852.0 2.777421e-004
    8760 788.428034430000030 2020  9  2 02:01:00.112032294273 28278330.0 7497.0 2.651850e-004
    8781 790.318352290000010 2020  9  2 02:01:02.002345919609 28277755.0 6922.0 2.448460e-004
    8782 790.407914709999890 2020  9  2 02:01:02.091904878616 28277700.0 6867.0 2.429005e-004
    8783 790.497900709999950 2020  9  2 02:01:02.181906402111 28277675.0 6842.0 2.420162e-004
    8796 791.667895859999930 2020  9  2 02:01:03.351885974407 28277285.0 6452.0 2.282211e-004
    8808 792.747900429999960 2020  9  2 02:01:04.431904256344 28276925.0 6092.0 2.154871e-004
    8830 794.728322430000050 2020  9  2 02:01:06.412340104580 28276305.0 5472.0 1.935564e-004
    8831 794.817932709999920 2020  9  2 02:01:06.501939296722 28276245.0 5412.0 1.914340e-004
    8838 795.447902289999890 2020  9  2 02:01:07.131909728050 28276050.0 5217.0 1.845365e-004
    8844 795.987888860000000 2020  9  2 02:01:07.671878635883 28275850.0 5017.0 1.774621e-004
    8879 799.137872860000020 2020  9  2 02:01:10.821891725063 28274805.0 3972.0 1.404982e-004
    8892 800.307869289999870 2020  9  2 02:01:11.991871297359 28274405.0 3572.0 1.263493e-004
    8893 800.398329709999980 2020  9  2 02:01:12.082315385342 28274375.0 3542.0 1.252881e-004
    8925 803.277887000000080 2020  9  2 02:01:14.961881339550 28273405.0 2572.0 9.097716e-005
    8927 803.457875289999950 2020  9  2 02:01:15.141884386539 28273335.0 2502.0 8.850111e-005
    8940 804.627856999999950 2020  9  2 02:01:16.311863958836 28272940.0 2107.0 7.452911e-005
    8941 804.717874430000050 2020  9  2 02:01:16.401865482330 28272915.0 2082.0 7.364481e-005
    8942 804.807874709999960 2020  9  2 02:01:16.491867005825 28272880.0 2047.0 7.240678e-005
    8950 805.528525139999940 2020  9  2 02:01:17.212522923946 28272660.0 1827.0 6.462491e-005
    8973 807.597883290000030 2020  9  2 02:01:19.281874001026 28271945.0 1112.0 3.933383e-005
    8974 807.687889860000040 2020  9  2 02:01:19.371875524521 28271900.0 1067.0 3.774208e-005
    8975 807.777861140000030 2020  9  2 02:01:19.461877048016 28271870.0 1037.0 3.668091e-005
    8988 808.947856570000000 2020  9  2 02:01:20.631856620312 28271470.0  637.0 2.253206e-005
    8989 809.037870000000000 2020  9  2 02:01:20.721858143806 28271435.0  602.0 2.129403e-005
    8990 809.127864139999930 2020  9  2 02:01:20.811859667301 28271395.0  562.0 1.987915e-005
    9021 811.917878709999970 2020  9  2 02:01:23.601866662502 28270450.0 -383.0 -1.354753e-005
    9022 812.007861570000050 2020  9  2 02:01:23.691868185997 28270420.0 -413.0 -1.460870e-005
    9023 812.097864139999960 2020  9  2 02:01:23.781869709492 28270395.0 -438.0 -1.549300e-005
    9036 813.267869289999910 2020  9  2 02:01:24.951849281788 28269990.0 -843.0 -2.981872e-005
    9037 813.357857859999850 2020  9  2 02:01:25.041850805283 28269955.0 -878.0 -3.105674e-005
    9038 813.447864709999860 2020  9  2 02:01:25.131852328777 28269925.0 -908.0 -3.211791e-005
    9048 814.348505859999930 2020  9  2 02:01:26.032511293888 28269630.0 -1203.0 -4.255269e-005
    9069 816.237897429999980 2020  9  2 02:01:27.921899557114 28268970.0 -1863.0 -6.589831e-005
    9070 816.327850289999900 2020  9  2 02:01:28.011860847473 28268945.0 -1888.0 -6.678261e-005
    9071 816.417872429999990 2020  9  2 02:01:28.101862370968 28268905.0 -1928.0 -6.819750e-005
    9085 817.677871430000100 2020  9  2 02:01:29.361883699894 28268480.0 -2353.0 -8.323066e-005
    9086 817.767857139999930 2020  9  2 02:01:29.451844990253 28268455.0 -2378.0 -8.411496e-005
    9118 820.647868999999900 2020  9  2 02:01:32.331853508949 28267470.0 -3363.0 -1.189565e-004
    9133 821.997894709999970 2020  9  2 02:01:33.681876361370 28267005.0 -3828.0 -1.354046e-004
    9134 822.087867139999960 2020  9  2 02:01:33.771877884865 28266995.0 -3838.0 -1.357583e-004
    9174 825.662112139999860 2020  9  2 02:01:37.346109151840 28265570.0 -5263.0 -1.861636e-004
    9175 825.752081999999970 2020  9  2 02:01:37.436070442200 28265565.0 -5268.0 -1.863405e-004
    9222 829.982115709999900 2020  9  2 02:01:41.666101813316 28264175.0 -6658.0 -2.355077e-004
    9272 834.481982000000020 2020  9  2 02:01:46.165976822376 28262725.0 -8108.0 -2.867974e-004
    9319 838.711982000000030 2020  9  2 02:01:50.395967960358 28261385.0 -9448.0 -3.341960e-004
    9320 838.801981999999950 2020  9  2 02:01:50.485969483852 28261370.0 -9463.0 -3.347266e-004
    9364 842.761981999999990 2020  9  2 02:01:54.445996284485 28260140.0 -10693.0 -3.782343e-004
    9367 843.032014999999890 2020  9  2 02:01:54.716000854969 28260060.0 -10773.0 -3.810641e-004
    9368 843.121991139999980 2020  9  2 02:01:54.806002378464 28260045.0 -10788.0 -3.815947e-004
    9376 843.841987859999900 2020  9  2 02:01:55.525974333286 28259825.0 -11008.0 -3.893766e-004
    9400 846.001982430000000 2020  9  2 02:01:57.685970664024 28259185.0 -11648.0 -4.120147e-004
    9416 847.441982289999940 2020  9  2 02:01:59.125995039940 28258755.0 -12078.0 -4.272248e-004
    9424 848.161981999999970 2020  9  2 02:01:59.845966994762 28258550.0 -12283.0 -4.344761e-004
    9448 850.321982429999930 2020  9  2 02:02:02.005963325500 28257935.0 -12898.0 -4.562299e-004
    9464 851.761981999999990 2020  9  2 02:02:03.445987701416 28257530.0 -13303.0 -4.705556e-004
    9496 854.641982139999980 2020  9  2 02:02:06.325996220112 28256710.0 -14123.0 -4.995608e-004
    9512 856.081982140000040 2020  9  2 02:02:07.765980362892 28256335.0 -14498.0 -5.128254e-004
    9544 858.961981999999920 2020  9  2 02:02:10.645988881588 28255565.0 -15268.0 -5.400619e-004
    9560 860.401981999999980 2020  9  2 02:02:12.085973024368 28255185.0 -15648.0 -5.535033e-004
    9563 860.671982000000070 2020  9  2 02:02:12.355977594852 28255110.0 -15723.0 -5.561562e-004
    9592 863.281982000000080 2020  9  2 02:02:14.965981543064 28254460.0 -16373.0 -5.791481e-004
    9608 864.721982000000030 2020  9  2 02:02:16.405965685844 28254095.0 -16738.0 -5.920590e-004
    9611 864.991983290000010 2020  9  2 02:02:16.675970256329 28254025.0 -16808.0 -5.945350e-004
    9640 867.601982000000020 2020  9  2 02:02:19.285974204540 28253400.0 -17433.0 -6.166426e-004
    9652 868.681982000000060 2020  9  2 02:02:20.365992486477 28253145.0 -17688.0 -6.256625e-004
    9656 869.041981999999960 2020  9  2 02:02:20.725998580456 28253050.0 -17783.0 -6.290229e-004
    9688 871.921982859999960 2020  9  2 02:02:23.605966866016 28252380.0 -18453.0 -6.527222e-004
    9700 873.002016289999910 2020  9  2 02:02:24.686025381088 28252145.0 -18688.0 -6.610346e-004
    9704 873.361982139999900 2020  9  2 02:02:25.045991241932 28252055.0 -18778.0 -6.642181e-004
    9736 876.241982000000010 2020  9  2 02:02:27.925999760628 28251420.0 -19413.0 -6.866794e-004
    9748 877.321981999999930 2020  9  2 02:02:29.005977809429 28251195.0 -19638.0 -6.946382e-004
    9752 877.681982860000060 2020  9  2 02:02:29.365983903408 28251115.0 -19718.0 -6.974680e-004
    9784 880.561981999999940 2020  9  2 02:02:32.245992422104 28250500.0 -20333.0 -7.192218e-004
    9796 881.641981999999980 2020  9  2 02:02:33.325970470905 28250280.0 -20553.0 -7.270037e-004
    9800 882.001982000000000 2020  9  2 02:02:33.685976564884 28250215.0 -20618.0 -7.293029e-004
    9832 884.881981999999990 2020  9  2 02:02:36.565985083580 28249640.0 -21193.0 -7.496419e-004
    9844 885.961981999999920 2020  9  2 02:02:37.645963132381 28249430.0 -21403.0 -7.570700e-004
    9848 886.321981999999930 2020  9  2 02:02:38.005969226360 28249350.0 -21483.0 -7.598998e-004
    9851 886.591982140000030 2020  9  2 02:02:38.275973796844 28249300.0 -21533.0 -7.616684e-004
    9880 889.202026859999930 2020  9  2 02:02:40.886017978191 28248815.0 -22018.0 -7.788239e-004
    9892 890.281982000000080 2020  9  2 02:02:41.965996026993 28248615.0 -22218.0 -7.858983e-004
    9896 890.642533999999960 2020  9  2 02:02:42.326525151730 28248535.0 -22298.0 -7.887281e-004
    9899 890.911994859999940 2020  9  2 02:02:42.596006691456 28248505.0 -22328.0 -7.897893e-004
    9899 890.911994859999940 2020  9  2 02:02:42.596006691456 28248505.0 -22328.0 -7.897893e-004
