    3107 279.653409710000010 2020  1  2 05:27:46.258420050144 28304734.0 33901.0 1.199151e-003
    3155 283.972989139999980 2020  1  2 05:27:50.577970147133 28304662.0 33829.0 1.196604e-003
    3251 292.613186859999980 2020  1  2 05:27:59.218196868896 28304509.2 33676.2 1.191199e-003
    3268 294.142944140000050 2020  1  2 05:28:00.747941136360 28304492.3 33659.3 1.190602e-003
    3491 314.212348429999960 2020  1  2 05:28:20.817355513573 28304060.0 33227.0 1.175310e-003
    3587 322.852195999999990 2020  1  2 05:28:29.457179903984 28303852.8 33019.8 1.167981e-003
    3652 328.702048139999990 2020  1  2 05:28:35.307037532330 28303739.6 32906.6 1.163977e-003
    3683 331.492110429999910 2020  1  2 05:28:38.097124993801 28303636.7 32803.7 1.160337e-003
    3731 335.811908999999960 2020  1  2 05:28:42.416916489601 28303526.0 32693.0 1.156422e-003
    3779 340.131817139999950 2020  1  2 05:28:46.736828684807 28303404.0 32571.0 1.152106e-003
    3827 344.451759289999930 2020  1  2 05:28:51.056740880013 28303262.3 32429.3 1.147094e-003
    3875 348.771778569999920 2020  1  2 05:28:55.376773774624 28303135.8 32302.8 1.142619e-003
    3923 353.091705999999930 2020  1  2 05:28:59.696685969830 28302997.0 32164.0 1.137710e-003
    3971 357.411475859999940 2020  1  2 05:29:04.016477465630 28302850.6 32017.6 1.132531e-003
    4067 366.051325429999960 2020  1  2 05:29:12.656342089176 28302535.3 31702.3 1.121378e-003
    4163 374.691130429999930 2020  1  2 05:29:21.296126246452 28302206.2 31373.2 1.109737e-003
    4211 379.011050709999950 2020  1  2 05:29:25.616038441658 28302024.4 31191.4 1.103307e-003
    4214 379.281205569999940 2020  1  2 05:29:25.886203944683 28301985.8 31152.8 1.101941e-003
    4259 383.330971139999970 2020  1  2 05:29:29.935990869999 28301837.2 31004.2 1.096685e-003
    4262 383.600972430000010 2020  1  2 05:29:30.205955207348 28301820.4 30987.4 1.096091e-003
    4307 387.650881290000090 2020  1  2 05:29:34.255862832069 28301638.1 30805.1 1.089642e-003
    4310 387.921460429999970 2020  1  2 05:29:34.526470899582 28301612.5 30779.5 1.088737e-003
    4355 391.970102709999940 2020  1  2 05:29:38.575091063976 28301417.3 30584.3 1.081832e-003
    4403 396.290720139999960 2020  1  2 05:29:42.895727455616 28301214.0 30381.0 1.074641e-003
    4406 396.561165709999950 2020  1  2 05:29:43.166174590588 28301195.9 30362.9 1.074001e-003
    4417 397.550753569999980 2020  1  2 05:29:44.155748784542 28301129.0 30296.0 1.071635e-003
    4451 400.610637139999990 2020  1  2 05:29:47.215639650822 28300984.2 30151.2 1.066513e-003
    4454 400.880650710000000 2020  1  2 05:29:47.485644221306 28300976.4 30143.4 1.066237e-003
    4465 401.870634860000000 2020  1  2 05:29:48.475620746613 28300917.4 30084.4 1.064150e-003
    4499 404.930555999999910 2020  1  2 05:29:51.535551846027 28300752.5 29919.5 1.058317e-003
    4502 405.200565999999980 2020  1  2 05:29:51.805556416512 28300732.2 29899.2 1.057599e-003
    4513 406.190159139999930 2020  1  2 05:29:52.795170843601 28300701.0 29868.0 1.056495e-003
    4547 409.250483140000030 2020  1  2 05:29:55.855464041233 28300500.7 29667.7 1.049410e-003
    4550 409.520495429999980 2020  1  2 05:29:56.125508844852 28300503.6 29670.6 1.049513e-003
    4561 410.510471430000000 2020  1  2 05:29:57.115485370159 28300427.5 29594.5 1.046821e-003
    4564 410.780722999999970 2020  1  2 05:29:57.385731339455 28300417.5 29584.5 1.046467e-003
    4595 413.570393709999960 2020  1  2 05:30:00.175376236439 28300241.7 29408.7 1.040249e-003
    4598 413.840392710000000 2020  1  2 05:30:00.445380806923 28300224.1 29391.1 1.039626e-003
    4609 414.830388999999970 2020  1  2 05:30:01.435397565365 28300167.1 29334.1 1.037610e-003
    4643 417.890324289999970 2020  1  2 05:30:04.495328664780 28299970.9 29137.9 1.030670e-003
    4646 418.160341290000020 2020  1  2 05:30:04.765333235264 28299949.5 29116.5 1.029913e-003
    4657 419.150345290000020 2020  1  2 05:30:05.755349993706 28299886.7 29053.7 1.027692e-003
    4663 419.690343139999980 2020  1  2 05:30:06.295359134674 28299867.9 29034.9 1.027027e-003
    4668 420.140295000000040 2020  1  2 05:30:06.745286285877 28299827.3 28994.3 1.025591e-003
    4691 422.210256429999960 2020  1  2 05:30:08.815240859985 28299689.9 28856.9 1.020730e-003
    4694 422.480250709999950 2020  1  2 05:30:09.085245430470 28299672.2 28839.2 1.020104e-003
    4705 423.470245999999970 2020  1  2 05:30:10.075262188911 28299602.1 28769.1 1.017625e-003
    4708 423.740460710000040 2020  1  2 05:30:10.345467925072 28299564.9 28731.9 1.016309e-003
    4739 426.530178289999920 2020  1  2 05:30:13.135193288326 28299384.4 28551.4 1.009924e-003
    4742 426.800169429999980 2020  1  2 05:30:13.405157625675 28299367.9 28534.9 1.009341e-003
    4753 427.790354999999920 2020  1  2 05:30:14.395335316658 28299296.7 28463.7 1.006822e-003
    4759 428.330307429999950 2020  1  2 05:30:14.935304224491 28299271.7 28438.7 1.005938e-003
    4764 428.780160569999960 2020  1  2 05:30:15.385150909424 28299230.2 28397.2 1.004470e-003
    4765 428.870169139999970 2020  1  2 05:30:15.475152432919 28299204.6 28371.6 1.003564e-003
    4787 430.850098290000010 2020  1  2 05:30:17.455105483532 28299077.0 28244.0 9.990509e-004
    4790 431.120098999999980 2020  1  2 05:30:17.725110054016 28299060.0 28227.0 9.984495e-004
    4791 431.210183859999970 2020  1  2 05:30:17.815192043781 28299084.8 28251.8 9.993268e-004
    4801 432.110095290000000 2020  1  2 05:30:18.715086579323 28298983.6 28150.6 9.957471e-004
    4807 432.650101860000010 2020  1  2 05:30:19.255095720291 28298942.9 28109.9 9.943075e-004
    4812 433.100232710000000 2020  1  2 05:30:19.705224037170 28298921.1 28088.1 9.935363e-004
    4832 434.900899709999980 2020  1  2 05:30:21.505898237228 28298813.2 27980.2 9.897197e-004
    4835 435.170026000000010 2020  1  2 05:30:21.775017678738 28298754.7 27921.7 9.876504e-004
    4838 435.440014569999960 2020  1  2 05:30:22.045022249222 28298726.9 27893.9 9.866671e-004
    4849 436.430018999999900 2020  1  2 05:30:23.035039007664 28298665.4 27832.4 9.844917e-004
    4855 436.970029859999950 2020  1  2 05:30:23.575048148632 28298603.2 27770.2 9.822915e-004
    4860 437.420011429999930 2020  1  2 05:30:24.025015532970 28298574.0 27741.0 9.812587e-004
    4883 439.489951859999960 2020  1  2 05:30:26.094970107079 28298417.5 27584.5 9.757229e-004
    4886 439.759941290000030 2020  1  2 05:30:26.364934444427 28298391.0 27558.0 9.747856e-004
    4897 440.749954000000000 2020  1  2 05:30:27.354951202869 28298313.7 27480.7 9.720513e-004
    4903 441.290382709999960 2020  1  2 05:30:27.895362675190 28298254.3 27421.3 9.699502e-004
    4931 443.809886570000060 2020  1  2 05:30:30.414882302284 28298056.7 27223.7 9.629607e-004
    4934 444.079874860000020 2020  1  2 05:30:30.684886872768 28298033.6 27200.6 9.621436e-004
    4945 445.069866710000040 2020  1  2 05:30:31.674863398075 28297953.2 27120.2 9.592996e-004
    4951 445.609882710000080 2020  1  2 05:30:32.214872539043 28297911.4 27078.4 9.578211e-004
    4956 446.059873710000030 2020  1  2 05:30:32.664880156517 28297874.3 27041.3 9.565088e-004
    4979 448.129814430000010 2020  1  2 05:30:34.734794497490 28297678.5 26845.5 9.495829e-004
    4982 448.399796289999980 2020  1  2 05:30:35.004799067974 28297660.7 26827.7 9.489533e-004
    4983 448.489828429999990 2020  1  2 05:30:35.094840824604 28297671.9 26838.9 9.493495e-004
    4993 449.389789000000010 2020  1  2 05:30:35.994775593281 28297575.7 26742.7 9.459467e-004
    4999 449.929813709999960 2020  1  2 05:30:36.534824967384 28297514.2 26681.2 9.437713e-004
    5004 450.379948000000010 2020  1  2 05:30:36.984953284264 28297485.8 26652.8 9.427667e-004
    5027 452.449766570000010 2020  1  2 05:30:39.054746925831 28297292.8 26459.8 9.359399e-004
    5030 452.719728139999970 2020  1  2 05:30:39.324711263180 28297269.8 26436.8 9.351263e-004
    5031 452.809838430000010 2020  1  2 05:30:39.414833486080 28297278.3 26445.3 9.354270e-004
    5041 453.709766290000000 2020  1  2 05:30:40.314768254757 28297173.9 26340.9 9.317341e-004
    5047 454.249741000000030 2020  1  2 05:30:40.854737162590 28297130.6 26297.6 9.302025e-004
    5052 454.699710139999980 2020  1  2 05:30:41.304704546928 28297081.0 26248.0 9.284481e-004
    5075 456.769683000000040 2020  1  2 05:30:43.374699354172 28296882.6 26049.6 9.214302e-004
    5078 457.039657709999970 2020  1  2 05:30:43.644663691521 28296864.7 26031.7 9.207971e-004
    5079 457.130299709999970 2020  1  2 05:30:43.735308945179 28296867.7 26034.7 9.209032e-004
    5089 458.029646710000010 2020  1  2 05:30:44.634640216827 28296769.0 25936.0 9.174119e-004
    5095 458.569649710000020 2020  1  2 05:30:45.174649357796 28296716.0 25883.0 9.155372e-004
    5100 459.019889000000030 2020  1  2 05:30:45.624898374081 28296684.9 25851.9 9.144372e-004
    5123 461.089882430000050 2020  1  2 05:30:47.694893181324 28296458.6 25625.6 9.064324e-004
    5126 461.359588140000030 2020  1  2 05:30:47.964575886726 28296436.7 25603.7 9.056578e-004
    5137 462.349578570000010 2020  1  2 05:30:48.954592645168 28296336.7 25503.7 9.021206e-004
    5143 462.889585430000010 2020  1  2 05:30:49.494601786137 28296279.4 25446.4 9.000937e-004
    5148 463.339661000000040 2020  1  2 05:30:49.944649636745 28296241.2 25408.2 8.987425e-004
    5168 465.139796569999990 2020  1  2 05:30:51.744800806046 28296036.7 25203.7 8.915089e-004
    5174 465.679523570000010 2020  1  2 05:30:52.284528315067 28295991.8 25158.8 8.899207e-004
    5185 466.669507430000010 2020  1  2 05:30:53.274504840374 28295887.0 25054.0 8.862137e-004
    5191 467.209519859999940 2020  1  2 05:30:53.814513981342 28295827.9 24994.9 8.841232e-004
    5196 467.659591000000030 2020  1  2 05:30:54.264602065086 28295778.6 24945.6 8.823794e-004
    5216 469.459504429999980 2020  1  2 05:30:56.064511835575 28295575.1 24742.1 8.751811e-004
    5222 469.999461999999990 2020  1  2 05:30:56.604480743408 28295516.9 24683.9 8.731225e-004
    5233 470.989445859999990 2020  1  2 05:30:57.594457268715 28295409.9 24576.9 8.693377e-004
    5239 471.529446710000000 2020  1  2 05:30:58.134466409683 28295347.6 24514.6 8.671340e-004
    5264 473.779530139999960 2020  1  2 05:31:00.384544730186 28295103.1 24270.1 8.584855e-004
    5270 474.319390860000000 2020  1  2 05:31:00.924392938614 28295035.0 24202.0 8.560766e-004
    5281 475.309367860000010 2020  1  2 05:31:01.914369463921 28294917.5 24084.5 8.519204e-004
    5287 475.849367710000020 2020  1  2 05:31:02.454378604889 28294853.4 24020.4 8.496531e-004
    5292 476.300072000000000 2020  1  2 05:31:02.905070185661 28294789.7 23956.7 8.473999e-004
    5293 476.389404140000010 2020  1  2 05:31:02.994387745857 28294796.0 23963.0 8.476227e-004
    5312 478.099338139999930 2020  1  2 05:31:04.704336225986 28294589.8 23756.8 8.403290e-004
    5318 478.639327429999980 2020  1  2 05:31:05.244345366955 28294520.4 23687.4 8.378741e-004
    5329 479.629315569999960 2020  1  2 05:31:06.234321892262 28294407.8 23574.8 8.338912e-004
    5335 480.169309570000000 2020  1  2 05:31:06.774290800095 28294333.4 23500.4 8.312596e-004
    5340 480.619316139999970 2020  1  2 05:31:07.224298417568 28294276.4 23443.4 8.292433e-004
    5341 480.709314709999940 2020  1  2 05:31:07.314299941063 28294272.7 23439.7 8.291125e-004
    5343 480.889343290000000 2020  1  2 05:31:07.494343221188 28294222.3 23389.3 8.273297e-004
    5360 482.419298569999970 2020  1  2 05:31:09.024288654327 28294044.3 23211.3 8.210335e-004
    5366 482.959272430000000 2020  1  2 05:31:09.564257562160 28293988.2 23155.2 8.190491e-004
    5377 483.949256139999990 2020  1  2 05:31:10.554274320602 28293861.3 23028.3 8.145604e-004
    5383 484.489293859999980 2020  1  2 05:31:11.094283461571 28293795.8 22962.8 8.122435e-004
    5388 484.939244289999980 2020  1  2 05:31:11.544250845909 28293759.4 22926.4 8.109559e-004
    5389 485.029337999999940 2020  1  2 05:31:11.634332835674 28293727.6 22894.6 8.098311e-004
    5408 486.739224289999980 2020  1  2 05:31:13.344241082668 28293503.0 22670.0 8.018865e-004
    5414 487.279227569999990 2020  1  2 05:31:13.884209990501 28293420.3 22587.3 7.989612e-004
    5425 488.269195569999970 2020  1  2 05:31:14.874186515808 28293306.9 22473.9 7.949500e-004
    5431 488.809197999999980 2020  1  2 05:31:15.414195656776 28293231.6 22398.6 7.922865e-004
    5436 489.259205430000010 2020  1  2 05:31:15.864203274250 28293165.5 22332.5 7.899484e-004
    5437 489.349259860000020 2020  1  2 05:31:15.954245030880 28293156.6 22323.6 7.896336e-004
    5456 491.059168140000000 2020  1  2 05:31:17.664153277874 28292929.0 22096.0 7.815829e-004
    5462 491.599239139999950 2020  1  2 05:31:18.204242885113 28292849.3 22016.3 7.787638e-004
    5473 492.589142709999980 2020  1  2 05:31:19.194138944149 28292711.0 21878.0 7.738718e-004
    5479 493.129268570000020 2020  1  2 05:31:19.734268784523 28292633.4 21800.4 7.711269e-004
    5484 493.579138859999940 2020  1  2 05:31:20.184155702591 28292572.8 21739.8 7.689834e-004
    5485 493.669152000000000 2020  1  2 05:31:20.274157226086 28292552.5 21719.5 7.682653e-004
    5488 493.939481860000000 2020  1  2 05:31:20.544483661652 28292538.4 21705.4 7.677666e-004
    5504 495.379105139999980 2020  1  2 05:31:21.984105706215 28292324.5 21491.5 7.602005e-004
    5521 496.909067709999990 2020  1  2 05:31:23.514051139355 28292102.0 21269.0 7.523301e-004
    5527 497.449090000000010 2020  1  2 05:31:24.054100513458 28292019.6 21186.6 7.494155e-004
    5532 497.899062710000010 2020  1  2 05:31:24.504067897797 28291958.7 21125.7 7.472613e-004
    5533 497.987918139999920 2020  1  2 05:31:24.592902660370 28291980.0 21147.0 7.480147e-004
    5536 498.259078289999990 2020  1  2 05:31:24.864073991776 28291902.6 21069.6 7.452769e-004
    5552 499.699037999999970 2020  1  2 05:31:26.304017901421 28291685.9 20852.9 7.376118e-004
    5558 500.239278999999950 2020  1  2 05:31:26.844268441200 28291620.4 20787.4 7.352949e-004
    5559 500.329129429999970 2020  1  2 05:31:26.934149265289 28291570.5 20737.5 7.335299e-004
    5569 501.229013569999950 2020  1  2 05:31:27.834003567696 28291459.5 20626.5 7.296035e-004
    5575 501.769025140000000 2020  1  2 05:31:28.374012708664 28291372.6 20539.6 7.265297e-004
    5580 502.219009139999970 2020  1  2 05:31:28.824020326138 28291307.1 20474.1 7.242128e-004
    5581 502.309093000000020 2020  1  2 05:31:28.914102315903 28291304.3 20471.3 7.241138e-004
    5584 502.579115999999940 2020  1  2 05:31:29.184106886387 28291259.2 20426.2 7.225185e-004
    5600 504.018978429999950 2020  1  2 05:31:30.623970329762 28291035.1 20202.1 7.145916e-004
    5604 504.379234290000000 2020  1  2 05:31:30.984217822552 28290977.5 20144.5 7.125542e-004
    5606 504.559119709999950 2020  1  2 05:31:31.164100170135 28290929.0 20096.0 7.108386e-004
    5607 504.649073000000040 2020  1  2 05:31:31.254061460495 28290964.1 20131.1 7.120802e-004
    5617 505.548970430000000 2020  1  2 05:31:32.153955996037 28290796.0 19963.0 7.061341e-004
    5623 506.088979289999940 2020  1  2 05:31:32.693965137005 28290699.6 19866.6 7.027243e-004
    5628 506.538951709999940 2020  1  2 05:31:33.143932521343 28290638.2 19805.2 7.005524e-004
    5629 506.629102569999990 2020  1  2 05:31:33.234094977379 28290616.6 19783.6 6.997884e-004
    5632 506.899249860000000 2020  1  2 05:31:33.504260480404 28290573.0 19740.0 6.982461e-004
    5648 508.338944999999970 2020  1  2 05:31:34.943962991238 28290343.0 19510.0 6.901105e-004
    5654 508.879115709999950 2020  1  2 05:31:35.484133064747 28290283.4 19450.4 6.880024e-004
    5665 509.868918999999950 2020  1  2 05:31:36.473908424377 28290105.5 19272.5 6.817097e-004
    5671 510.409109139999940 2020  1  2 05:31:37.014118731022 28290009.8 19176.8 6.783245e-004
    5676 510.857423430000040 2020  1  2 05:31:37.462436556816 28289942.9 19109.9 6.759582e-004
    5696 512.658896140000020 2020  1  2 05:31:39.263915419579 28289638.4 18805.4 6.651873e-004
    5700 513.019208709999930 2020  1  2 05:31:39.624203145504 28289574.0 18741.0 6.629094e-004
    5702 513.198900860000090 2020  1  2 05:31:39.803884327412 28289543.8 18710.8 6.618411e-004
    5713 514.188867710000070 2020  1  2 05:31:40.793860852718 28289373.3 18540.3 6.558102e-004
    5719 514.728890710000090 2020  1  2 05:31:41.333910226822 28289292.6 18459.6 6.529556e-004
    5724 515.178847860000130 2020  1  2 05:31:41.783837378025 28289208.4 18375.4 6.499773e-004
    5744 516.978839570000220 2020  1  2 05:31:43.583827614784 28288895.4 18062.4 6.389058e-004
    5748 517.338927709999890 2020  1  2 05:31:43.943914175034 28288860.9 18027.9 6.376855e-004
    5750 517.517895289999960 2020  1  2 05:31:44.122911393642 28288844.0 18011.0 6.370877e-004
    5761 518.508823000000010 2020  1  2 05:31:45.113813281059 28288629.1 17796.1 6.294862e-004
    5767 519.048846000000030 2020  1  2 05:31:45.653862655163 28288539.5 17706.5 6.263169e-004
    5772 519.498805000000060 2020  1  2 05:31:46.103789806366 28288455.6 17622.6 6.233492e-004
    5790 521.118956570000140 2020  1  2 05:31:47.723937928677 28288168.1 17335.1 6.131797e-004
    5792 521.298805570000240 2020  1  2 05:31:47.903820276260 28288101.6 17268.6 6.108274e-004
    5796 521.658847570000150 2020  1  2 05:31:48.263866603374 28288082.8 17249.8 6.101624e-004
    5798 521.838802289999990 2020  1  2 05:31:48.443789184093 28288032.2 17199.2 6.083726e-004
    5809 522.828798140000000 2020  1  2 05:31:49.433805942535 28287851.1 17018.1 6.019667e-004
    5815 523.368977999999970 2020  1  2 05:31:49.973976016045 28287762.7 16929.7 5.988398e-004
    5820 523.818755140000010 2020  1  2 05:31:50.423742234707 28287669.9 16836.9 5.955573e-004
    5824 524.179258710000000 2020  1  2 05:31:50.784271359444 28287622.5 16789.5 5.938806e-004
    5835 525.168901000000010 2020  1  2 05:31:51.773885786533 28287422.8 16589.8 5.868168e-004
    5844 525.978887000000100 2020  1  2 05:31:52.583899497986 28287279.9 16446.9 5.817621e-004
    5846 526.158775570000220 2020  1  2 05:31:52.763781845570 28287230.8 16397.8 5.800254e-004
    5857 527.148742000000080 2020  1  2 05:31:53.753758370876 28287052.3 16219.3 5.737114e-004
    5863 527.688749430000140 2020  1  2 05:31:54.293767511845 28286942.0 16109.0 5.698099e-004
    5868 528.138704860000080 2020  1  2 05:31:54.743694663048 28286862.5 16029.5 5.669978e-004
    5869 528.228781290000140 2020  1  2 05:31:54.833776652813 28286872.9 16039.9 5.673657e-004
    5883 529.488720290000060 2020  1  2 05:31:56.093717515469 28286592.6 15759.6 5.574509e-004
    5888 529.938741430000050 2020  1  2 05:31:56.543725132942 28286533.6 15700.6 5.553639e-004
    5894 530.478855860000070 2020  1  2 05:31:57.083854973316 28286396.2 15563.2 5.505038e-004
    5905 531.468761570000080 2020  1  2 05:31:58.073751032352 28286211.3 15378.3 5.439635e-004
    5916 532.458671999999980 2020  1  2 05:31:59.063687324524 28286021.9 15188.9 5.372640e-004
    5917 532.548711000000030 2020  1  2 05:31:59.153729081154 28286002.2 15169.2 5.365671e-004
    5920 532.818686999999950 2020  1  2 05:31:59.423693418503 28285961.2 15128.2 5.351169e-004
    5931 533.808692139999950 2020  1  2 05:32:00.413710176945 28285759.4 14926.4 5.279788e-004
    5936 534.258671570000160 2020  1  2 05:32:00.863677561283 28285658.9 14825.9 5.244239e-004
    5944 534.978745710000110 2020  1  2 05:32:01.583729982376 28285500.6 14667.6 5.188245e-004
    5953 535.788747430000170 2020  1  2 05:32:02.393743693829 28285375.1 14542.1 5.143853e-004
    5964 536.778629290000030 2020  1  2 05:32:03.383639752865 28285148.5 14315.5 5.063699e-004
    5965 536.868867999999910 2020  1  2 05:32:03.473882675171 28285133.1 14300.1 5.058252e-004
    5968 537.138649859999990 2020  1  2 05:32:03.743645846844 28285077.0 14244.0 5.038408e-004
    5979 538.128628859999940 2020  1  2 05:32:04.733622372150 28284870.4 14037.4 4.965329e-004
    5984 538.578640290000070 2020  1  2 05:32:05.183629989624 28284767.5 13934.5 4.928932e-004
    5998 539.838855570000080 2020  1  2 05:32:06.443852484226 28284503.5 13670.5 4.835549e-004
    6001 540.108658859999990 2020  1  2 05:32:06.713655889034 28284478.6 13645.6 4.826741e-004
    6012 541.098592000000050 2020  1  2 05:32:07.703592181206 28284256.6 13423.6 4.748215e-004
    6013 541.188710140000130 2020  1  2 05:32:07.793714404106 28284235.7 13402.7 4.740822e-004
    6016 541.458714570000100 2020  1  2 05:32:08.063718974590 28284181.5 13348.5 4.721651e-004
    6027 542.448605859999930 2020  1  2 05:32:09.053615033627 28283978.1 13145.1 4.649704e-004
    6032 542.898602859999980 2020  1  2 05:32:09.503622651100 28283873.7 13040.7 4.612775e-004
    6046 544.158603139999970 2020  1  2 05:32:10.763603746891 28283624.9 12791.9 4.524769e-004
    6049 544.428616999999920 2020  1  2 05:32:11.033608317375 28283551.4 12718.4 4.498771e-004
    6060 545.418560429999960 2020  1  2 05:32:12.023544609547 28283330.7 12497.7 4.420705e-004
    6061 545.508797430000070 2020  1  2 05:32:12.113787531853 28283356.0 12523.0 4.429654e-004
    6075 546.768579570000160 2020  1  2 05:32:13.373567461967 28283039.7 12206.7 4.317772e-004
    6080 547.218571140000110 2020  1  2 05:32:13.823575079441 28282937.4 12104.4 4.281586e-004
    6094 548.478556710000020 2020  1  2 05:32:15.083556175232 28282658.9 11825.9 4.183074e-004
    6097 548.749201999999970 2020  1  2 05:32:15.354204475880 28282616.4 11783.4 4.168041e-004
    6108 549.738529289999970 2020  1  2 05:32:16.343537271023 28282384.6 11551.6 4.086049e-004
    6123 551.088535430000090 2020  1  2 05:32:17.693519890308 28282085.7 11252.7 3.980321e-004
    6126 551.358546859999930 2020  1  2 05:32:17.963564693928 28282022.9 11189.9 3.958108e-004
    6128 551.538550570000100 2020  1  2 05:32:18.143567740917 28281989.4 11156.4 3.946258e-004
    6142 552.798541430000110 2020  1  2 05:32:19.403548836708 28281695.5 10862.5 3.842299e-004
    6145 553.068536709999990 2020  1  2 05:32:19.673553407192 28281609.4 10776.4 3.811844e-004
    6153 553.788721140000120 2020  1  2 05:32:20.393726527691 28281470.8 10637.8 3.762818e-004
    6156 554.058502289999980 2020  1  2 05:32:20.663489699364 28281414.1 10581.1 3.742762e-004
    6171 555.408702000000060 2020  1  2 05:32:22.013713717461 28281089.6 10256.6 3.627979e-004
    6174 555.678502570000210 2020  1  2 05:32:22.283517122269 28281042.5 10209.5 3.611319e-004
    6190 557.118514430000000 2020  1  2 05:32:23.723501265049 28280706.2 9873.2 3.492363e-004
    6201 558.108537860000070 2020  1  2 05:32:24.713518023491 28280489.4 9656.4 3.415676e-004
    6204 558.378475290000100 2020  1  2 05:32:24.983482360840 28280412.4 9579.4 3.388439e-004
    6219 559.729174290000060 2020  1  2 05:32:26.334189176559 28280101.0 9268.0 3.278290e-004
    6222 559.998471710000100 2020  1  2 05:32:26.603469550610 28280038.3 9205.3 3.256112e-004
    6237 561.348582429999960 2020  1  2 05:32:27.953572869301 28279710.8 8877.8 3.140268e-004
    6238 561.438472430000050 2020  1  2 05:32:28.043453693390 28279674.7 8841.7 3.127499e-004
    6246 562.158490570000140 2020  1  2 05:32:28.763506114483 28279504.6 8671.6 3.067331e-004
    6249 562.428498859999990 2020  1  2 05:32:29.033510684967 28279454.2 8621.2 3.049503e-004
    6252 562.698448000000100 2020  1  2 05:32:29.303434789181 28279395.3 8562.3 3.028669e-004
    6256 563.058471140000050 2020  1  2 05:32:29.663481116295 28279308.0 8475.0 2.997789e-004
    6270 564.318443710000000 2020  1  2 05:32:30.923462212086 28279013.0 8180.0 2.893441e-004
    6272 564.498733860000130 2020  1  2 05:32:31.103746891022 28278966.4 8133.4 2.876958e-004
    6285 565.668448290000010 2020  1  2 05:32:32.273444831371 28278681.1 7848.1 2.776041e-004
    6286 565.758441430000060 2020  1  2 05:32:32.363446354866 28278653.8 7820.8 2.766385e-004
    6297 566.748522289999980 2020  1  2 05:32:33.353503346443 28278412.7 7579.7 2.681102e-004
    6300 567.018428709999970 2020  1  2 05:32:33.623427450657 28278353.8 7520.8 2.660268e-004
    6304 567.378684860000020 2020  1  2 05:32:33.983674943447 28278281.7 7448.7 2.634765e-004
    6318 568.638425709999980 2020  1  2 05:32:35.243414640427 28277953.8 7120.8 2.518780e-004
    6320 568.818436860000020 2020  1  2 05:32:35.423417687416 28277923.4 7090.4 2.508027e-004
    6333 569.988432140000100 2020  1  2 05:32:36.593437492847 28277630.6 6797.6 2.404457e-004
    6334 570.078419570000160 2020  1  2 05:32:36.683439016342 28277615.3 6782.3 2.399045e-004
    6348 571.338402709999970 2020  1  2 05:32:37.943420112133 28277298.9 6465.9 2.287128e-004
    6352 571.698422860000050 2020  1  2 05:32:38.303426206112 28277206.4 6373.4 2.254408e-004
    6357 572.148443570000150 2020  1  2 05:32:38.753433823586 28277101.2 6268.2 2.217197e-004
    6366 572.958403859999980 2020  1  2 05:32:39.563407301903 28276900.6 6067.6 2.146240e-004
    6368 573.138420139999990 2020  1  2 05:32:39.743410348892 28276866.2 6033.2 2.134072e-004
    6372 573.498511860000010 2020  1  2 05:32:40.103496909142 28276776.2 5943.2 2.102237e-004
    6381 574.308403709999990 2020  1  2 05:32:40.913389921188 28276563.7 5730.7 2.027072e-004
    6382 574.398406140000020 2020  1  2 05:32:41.003391444683 28276540.8 5707.8 2.018971e-004
    6396 575.658391290000050 2020  1  2 05:32:42.263372540474 28276227.2 5394.2 1.908044e-004
    6400 576.018420139999990 2020  1  2 05:32:42.623418867588 28276139.7 5306.7 1.877094e-004
    6414 577.278393140000160 2020  1  2 05:32:43.883399963379 28275819.9 4986.9 1.763973e-004
    6416 577.458496570000080 2020  1  2 05:32:44.063483476639 28275769.1 4936.1 1.746004e-004
    6420 577.818410999999970 2020  1  2 05:32:44.423409104347 28275678.2 4845.2 1.713851e-004
    6429 578.628397430000060 2020  1  2 05:32:45.233382582664 28275482.4 4649.4 1.644593e-004
    6430 578.718393430000110 2020  1  2 05:32:45.323384106159 28275455.5 4622.5 1.635077e-004
    6441 579.708424140000030 2020  1  2 05:32:46.313441097736 28275195.3 4362.3 1.543039e-004
    6444 579.978378140000130 2020  1  2 05:32:46.583365201950 28275139.6 4306.6 1.523337e-004
    6462 581.598376140000140 2020  1  2 05:32:48.203392624855 28274727.9 3894.9 1.377710e-004
    6464 581.778418430000100 2020  1  2 05:32:48.383435904980 28274691.0 3858.0 1.364657e-004
    6468 582.138382290000100 2020  1  2 05:32:48.743401765823 28274593.3 3760.3 1.330099e-004
    6477 582.948375570000170 2020  1  2 05:32:49.553375244141 28274387.0 3554.0 1.257126e-004
    6478 583.038379710000070 2020  1  2 05:32:49.643376767635 28274373.7 3540.7 1.252422e-004
    6486 583.758435710000070 2020  1  2 05:32:50.363429188728 28274177.8 3344.8 1.183128e-004
    6489 584.028406570000130 2020  1  2 05:32:50.633393526077 28274116.4 3283.4 1.161409e-004
    6492 584.298370140000200 2020  1  2 05:32:50.903357863426 28274041.2 3208.2 1.134809e-004
    6501 585.108401140000070 2020  1  2 05:32:51.713411808014 28273848.2 3015.2 1.066541e-004
    6510 585.918364000000000 2020  1  2 05:32:52.523345053196 28273629.8 2796.8 9.892881e-005
    6516 586.458367859999950 2020  1  2 05:32:53.063354194164 28273492.2 2659.2 9.406161e-005
    6525 587.268370140000120 2020  1  2 05:32:53.873367905617 28273286.2 2453.2 8.677495e-005
    6526 587.357927139999790 2020  1  2 05:32:53.962926864624 28273258.1 2425.1 8.578099e-005
    6534 588.078394140000110 2020  1  2 05:32:54.683381617069 28273080.4 2247.4 7.949536e-005
    6537 588.348377430000030 2020  1  2 05:32:54.953386187553 28273017.1 2184.1 7.725630e-005
    6540 588.618364570000150 2020  1  2 05:32:55.223350524902 28272934.2 2101.2 7.432395e-005
    6544 588.978419570000140 2020  1  2 05:32:55.583437085152 28272829.4 1996.4 7.061695e-005
    6549 589.428378570000180 2020  1  2 05:32:56.033364236355 28272731.5 1898.5 6.715402e-005
    6558 590.238359860000060 2020  1  2 05:32:56.843377947807 28272520.0 1687.0 5.967281e-005
    6564 590.778380570000310 2020  1  2 05:32:57.383387088776 28272391.0 1558.0 5.510980e-005
    6573 591.588369430000060 2020  1  2 05:32:58.193360567093 28272174.8 1341.8 4.746234e-005
    6574 591.678366430000100 2020  1  2 05:32:58.283362090588 28272149.3 1316.3 4.656035e-005
    6585 592.668375710000080 2020  1  2 05:32:59.273378849030 28271904.6 1071.6 3.790479e-005
    6588 592.938365429999980 2020  1  2 05:32:59.543383419514 28271824.4  991.4 3.506794e-005
    6592 593.298388860000160 2020  1  2 05:32:59.903389513493 28271723.3  890.3 3.149182e-005
    6597 593.748357290000060 2020  1  2 05:33:00.353356897831 28271620.2  787.2 2.784495e-005
    6606 594.558361289999990 2020  1  2 05:33:01.163370609283 28271409.8  576.8 2.040265e-005
    6608 594.738488140000070 2020  1  2 05:33:01.343494355679 28271361.3  528.3 1.868710e-005
    6621 595.908368570000110 2020  1  2 05:33:02.513353228569 28271055.7  222.7 7.877377e-006
    6622 595.998362860000040 2020  1  2 05:33:02.603354752064 28271036.1  203.1 7.184083e-006
    6633 596.988367860000040 2020  1  2 05:33:03.593371510506 28270776.9  -56.1 -1.984377e-006
    6636 597.258378290000110 2020  1  2 05:33:03.863376080990 28270710.5 -122.5 -4.333088e-006
    6640 597.618456140000030 2020  1  2 05:33:04.223462641239 28270619.1 -213.9 -7.566102e-006
    6645 598.068367999999960 2020  1  2 05:33:04.673349559307 28270506.5 -326.5 -1.154901e-005
    6654 598.878358430000050 2020  1  2 05:33:05.483363270760 28270294.7 -538.3 -1.904083e-005
    6656 599.058403860000000 2020  1  2 05:33:05.663406550884 28270259.4 -573.6 -2.028946e-005
    6669 600.228375000000140 2020  1  2 05:33:06.833386123180 28269949.6 -883.4 -3.124775e-005
    6670 600.318363429999980 2020  1  2 05:33:06.923347413540 28269923.2 -909.8 -3.218158e-005
    6681 601.308414709999970 2020  1  2 05:33:07.913404405117 28269669.6 -1163.4 -4.115195e-005
    6684 601.578363000000080 2020  1  2 05:33:08.183368742466 28269618.2 -1214.8 -4.297008e-005
    6688 601.938457429999970 2020  1  2 05:33:08.543455302715 28269504.5 -1328.5 -4.699189e-005
    6693 602.388356570000160 2020  1  2 05:33:08.993342220783 28269393.6 -1439.4 -5.091467e-005
    6702 603.198363140000080 2020  1  2 05:33:09.803355932236 28269181.1 -1651.9 -5.843125e-005
    6704 603.378450000000040 2020  1  2 05:33:09.983439445496 28269142.6 -1690.4 -5.979307e-005
    6708 603.738398290000080 2020  1  2 05:33:10.343405306339 28269045.3 -1787.7 -6.323478e-005
    6718 604.638371140000120 2020  1  2 05:33:11.243380308151 28268821.2 -2011.8 -7.116168e-005
    6726 605.358419859999910 2020  1  2 05:33:11.963432729244 28268649.8 -2183.2 -7.722447e-005
    6732 605.898430290000080 2020  1  2 05:33:12.503441870213 28268491.6 -2341.4 -8.282034e-005
    6735 606.168389860000050 2020  1  2 05:33:12.773406207561 28268428.5 -2404.5 -8.505232e-005
    6741 606.708381430000140 2020  1  2 05:33:13.313375115395 28268283.4 -2549.6 -9.018482e-005
    6750 607.518371290000120 2020  1  2 05:33:14.123388826847 28268071.8 -2761.2 -9.766957e-005
    6752 607.698392140000120 2020  1  2 05:33:14.303391873837 28268045.7 -2787.3 -9.859278e-005
    6756 608.058396430000020 2020  1  2 05:33:14.663397967815 28267946.2 -2886.8 -1.021123e-004
    6766 608.958386430000020 2020  1  2 05:33:15.563372969627 28267707.3 -3125.7 -1.105627e-004
    6774 609.678436570000260 2020  1  2 05:33:16.283425390720 28267530.8 -3302.2 -1.168059e-004
    6777 609.948390710000010 2020  1  2 05:33:16.553389728069 28267470.2 -3362.8 -1.189494e-004
    6780 610.218392000000110 2020  1  2 05:33:16.823394298553 28267370.0 -3463.0 -1.224937e-004
    6783 610.488473710000110 2020  1  2 05:33:17.093479335308 28267311.4 -3521.6 -1.245665e-004
    6789 611.028379710000080 2020  1  2 05:33:17.633367776871 28267180.0 -3653.0 -1.292144e-004
    6798 611.838382430000020 2020  1  2 05:33:18.443381488323 28266963.2 -3869.8 -1.368831e-004
    6804 612.378557140000000 2020  1  2 05:33:18.983551561832 28266828.9 -4004.1 -1.416336e-004
    6814 613.278381430000190 2020  1  2 05:33:19.883365631104 28266605.2 -4227.8 -1.495464e-004
    6822 613.998386430000100 2020  1  2 05:33:20.603377819061 28266426.2 -4406.8 -1.558780e-004
    6825 614.268397860000050 2020  1  2 05:33:20.873382389545 28266355.1 -4477.9 -1.583929e-004
    6828 614.538406860000010 2020  1  2 05:33:21.143386960030 28266282.7 -4550.3 -1.609539e-004
    6837 615.348393289999990 2020  1  2 05:33:21.953400671482 28266088.9 -4744.1 -1.678090e-004
    6846 616.158397000000040 2020  1  2 05:33:22.763414382935 28265883.3 -4949.7 -1.750815e-004
    6852 616.698897290000100 2020  1  2 05:33:23.303906321526 28265750.4 -5082.6 -1.797825e-004
    6858 617.238414710000030 2020  1  2 05:33:23.843432664871 28265601.2 -5231.8 -1.850600e-004
    6862 617.598408710000060 2020  1  2 05:33:24.203398525715 28265523.2 -5309.8 -1.878190e-004
    6870 618.318437860000020 2020  1  2 05:33:24.923450946808 28265341.5 -5491.5 -1.942461e-004
    6873 618.588401570000200 2020  1  2 05:33:25.193415284157 28265271.3 -5561.7 -1.967293e-004
    6876 618.858393139999980 2020  1  2 05:33:25.463379621506 28265201.0 -5632.0 -1.992159e-004
    6879 619.128597570000120 2020  1  2 05:33:25.733585357666 28265147.7 -5685.3 -2.011013e-004
    6880 619.218642860000050 2020  1  2 05:33:25.823627114296 28265123.0 -5710.0 -2.019749e-004
    6885 619.668414859999980 2020  1  2 05:33:26.273433566093 28265009.3 -5823.7 -2.059968e-004
    6894 620.478405000000070 2020  1  2 05:33:27.083407044411 28264801.3 -6031.7 -2.133542e-004
    6906 621.558452570000100 2020  1  2 05:33:28.163465559483 28264543.0 -6290.0 -2.224908e-004
    6910 621.918408000000000 2020  1  2 05:33:28.523391187191 28264449.1 -6383.9 -2.258122e-004
    6918 622.638571000000070 2020  1  2 05:33:29.243564307690 28264310.9 -6522.1 -2.307007e-004
    6921 622.908416709999980 2020  1  2 05:33:29.513407945633 28264201.8 -6631.2 -2.345598e-004
    6924 623.178432430000160 2020  1  2 05:33:29.783412516117 28264140.0 -6693.0 -2.367458e-004
    6933 623.988447860000060 2020  1  2 05:33:30.593466460705 28263940.1 -6892.9 -2.438167e-004
    6942 624.798421290000080 2020  1  2 05:33:31.403439939022 28263732.2 -7100.8 -2.511705e-004
    6944 624.978574140000090 2020  1  2 05:33:31.583563685417 28263679.8 -7153.2 -2.530240e-004
    6954 625.878451710000040 2020  1  2 05:33:32.483458220959 28263475.9 -7357.1 -2.602364e-004
    6958 626.238439430000080 2020  1  2 05:33:32.843424081802 28263390.1 -7442.9 -2.632713e-004
    6969 627.228425430000020 2020  1  2 05:33:33.833440840244 28263148.4 -7684.6 -2.718208e-004
    6972 627.498454710000030 2020  1  2 05:33:34.103445410728 28263066.0 -7767.0 -2.747354e-004
    6981 628.308803000000010 2020  1  2 05:33:34.913821220398 28262919.2 -7913.8 -2.799281e-004
    6990 629.118438860000080 2020  1  2 05:33:35.723432600498 28262698.4 -8134.6 -2.877382e-004
    6992 629.298646000000080 2020  1  2 05:33:35.903636813164 28262662.7 -8170.3 -2.890010e-004
    7002 630.198464140000060 2020  1  2 05:33:36.803450882435 28262439.8 -8393.2 -2.968855e-004
    7006 630.558454139999980 2020  1  2 05:33:37.163456976414 28262351.1 -8481.9 -3.000230e-004
    7017 631.548452430000000 2020  1  2 05:33:38.153433501720 28262110.8 -8722.2 -3.085229e-004
    7020 631.818482430000020 2020  1  2 05:33:38.423478305340 28262039.5 -8793.5 -3.110450e-004
    7023 632.088474570000240 2020  1  2 05:33:38.693482875824 28261983.5 -8849.5 -3.130258e-004
    7038 633.438459859999970 2020  1  2 05:33:40.043465495110 28261670.4 -9162.6 -3.241008e-004
    7040 633.618747290000100 2020  1  2 05:33:40.223750174046 28261635.8 -9197.2 -3.253247e-004
    7044 633.978473570000230 2020  1  2 05:33:40.583474636078 28261531.1 -9301.9 -3.290282e-004
    7050 634.518488290000050 2020  1  2 05:33:41.123483777046 28261414.5 -9418.5 -3.331525e-004
    7054 634.878477000000090 2020  1  2 05:33:41.483489871025 28261330.6 -9502.4 -3.361203e-004
    7062 635.598580430000080 2020  1  2 05:33:42.203582525253 28261152.1 -9680.9 -3.424342e-004
    7065 635.868477999999980 2020  1  2 05:33:42.473466396332 28261101.3 -9731.7 -3.442311e-004
    7071 636.408727570000110 2020  1  2 05:33:43.013716936111 28260960.6 -9872.4 -3.492080e-004
    7086 637.758496000000040 2020  1  2 05:33:44.363498389721 28260668.5 -10164.5 -3.595402e-004
    7092 638.298584570000230 2020  1  2 05:33:44.903587996960 28260539.0 -10294.0 -3.641209e-004
    7098 638.838529709999880 2020  1  2 05:33:45.443516671658 28260419.7 -10413.3 -3.683408e-004
    7102 639.198511290000060 2020  1  2 05:33:45.803522765636 28260333.2 -10499.8 -3.714004e-004
    7110 639.918624570000020 2020  1  2 05:33:46.523615419865 28260149.7 -10683.3 -3.778912e-004
    7113 640.188508140000070 2020  1  2 05:33:46.793499290943 28260104.8 -10728.2 -3.794794e-004
    7119 640.728542290000060 2020  1  2 05:33:47.333548665047 28259976.4 -10856.6 -3.840212e-004
    7134 642.078543000000080 2020  1  2 05:33:48.683531284332 28259670.3 -11162.7 -3.948486e-004
    7140 642.618636430000040 2020  1  2 05:33:49.223620891571 28259558.3 -11274.7 -3.988103e-004
    7146 643.158562289999960 2020  1  2 05:33:49.763549566269 28259436.3 -11396.7 -4.031257e-004
    7150 643.518592430000010 2020  1  2 05:33:50.123595893383 28259371.8 -11461.2 -4.054072e-004
    7155 643.967587429999870 2020  1  2 05:33:50.572597682476 28259198.3 -11634.7 -4.115443e-004
    7158 644.238605860000010 2020  1  2 05:33:50.843608081341 28259181.9 -11651.1 -4.121244e-004
    7161 644.508535710000050 2020  1  2 05:33:51.113532185555 28259134.1 -11698.9 -4.138152e-004
    7182 646.399059999999960 2020  1  2 05:33:53.004046976566 28258735.5 -12097.5 -4.279145e-004
    7194 647.478737290000140 2020  1  2 05:33:54.083743393421 28258508.0 -12325.0 -4.359617e-004
    7206 648.558581570000110 2020  1  2 05:33:55.163600742817 28258237.9 -12595.1 -4.455157e-004
    7209 648.828565289999910 2020  1  2 05:33:55.433565080166 28258191.4 -12641.6 -4.471605e-004
    7212 649.099124999999960 2020  1  2 05:33:55.704132914543 28258108.8 -12724.2 -4.500822e-004
    7215 649.368599859999900 2020  1  2 05:33:55.973614454269 28258082.4 -12750.6 -4.510161e-004
    7216 649.458665859999880 2020  1  2 05:33:56.063656210899 28258059.8 -12773.2 -4.518155e-004
    7219 649.728892570000200 2020  1  2 05:33:56.333902180195 28258001.1 -12831.9 -4.538918e-004
    7224 650.178720430000110 2020  1  2 05:33:56.783708631992 28257880.0 -12953.0 -4.581754e-004
    7230 650.718864860000050 2020  1  2 05:33:57.323878705502 28257773.1 -13059.9 -4.619567e-004
    7232 650.898777290000110 2020  1  2 05:33:57.503761053085 28257750.1 -13082.9 -4.627702e-004
    7242 651.798628430000010 2020  1  2 05:33:58.403615355492 28257570.5 -13262.5 -4.691231e-004
    7251 652.608662999999980 2020  1  2 05:33:59.213669300079 28257382.6 -13450.4 -4.757695e-004
    7257 653.148600570000100 2020  1  2 05:33:59.753597974777 28257276.0 -13557.0 -4.795402e-004
    7260 653.418801290000030 2020  1  2 05:34:00.023803710938 28257234.2 -13598.8 -4.810187e-004
    7278 655.038698999999950 2020  1  2 05:34:01.643710434437 28256875.4 -13957.6 -4.937102e-004
    7305 657.468641999999930 2020  1  2 05:34:04.073630869389 28256377.7 -14455.3 -5.113150e-004
    7328 659.538689999999970 2020  1  2 05:34:06.143706142902 28255932.9 -14900.1 -5.270485e-004
    7353 661.788681860000110 2020  1  2 05:34:08.393663764000 28255517.1 -15315.9 -5.417562e-004
    7359 662.328865429999950 2020  1  2 05:34:08.933874070644 28255428.7 -15404.3 -5.448831e-004
    7374 663.678746710000150 2020  1  2 05:34:10.283735990524 28255153.9 -15679.1 -5.546034e-004
    7376 663.858692709999900 2020  1  2 05:34:10.463698804379 28255112.1 -15720.9 -5.560820e-004
    7395 665.568747710000030 2020  1  2 05:34:12.173727750778 28254799.4 -16033.6 -5.671428e-004
    7401 666.108731570000260 2020  1  2 05:34:12.713736891747 28254681.3 -16151.7 -5.713203e-004
    7422 667.998763570000160 2020  1  2 05:34:14.603768885136 28254322.1 -16510.9 -5.840259e-004
    7428 668.538780140000090 2020  1  2 05:34:15.143778026104 28254234.7 -16598.3 -5.871175e-004
    7443 669.888786710000090 2020  1  2 05:34:16.493800878525 28253967.5 -16865.5 -5.965689e-004
    7446 670.158857430000010 2020  1  2 05:34:16.763845682144 28253926.7 -16906.3 -5.980121e-004
    7449 670.428773570000200 2020  1  2 05:34:17.033769786358 28253873.8 -16959.2 -5.998833e-004
    7476 672.859027289999860 2020  1  2 05:34:19.464012086391 28253442.0 -17391.0 -6.151570e-004
    7491 674.208824860000050 2020  1  2 05:34:20.813833773136 28253198.8 -17634.2 -6.237595e-004
    7494 674.478847000000090 2020  1  2 05:34:21.083838343620 28253158.3 -17674.7 -6.251920e-004
    7497 674.748843430000080 2020  1  2 05:34:21.353842914104 28253093.2 -17739.8 -6.274948e-004
    7539 678.528858430000010 2020  1  2 05:34:25.133866667747 28252436.4 -18396.6 -6.507272e-004
    7542 678.799013290000060 2020  1  2 05:34:25.404032170773 28252359.5 -18473.5 -6.534473e-004
    7545 679.068885860000020 2020  1  2 05:34:25.673875808716 28252341.5 -18491.5 -6.540840e-004
    7587 682.849093570000040 2020  1  2 05:34:29.454100728035 28251714.2 -19118.8 -6.762730e-004
    7593 683.388993570000140 2020  1  2 05:34:29.993989169598 28251633.5 -19199.5 -6.791275e-004
    7635 687.168969570000060 2020  1  2 05:34:33.773972690105 28251016.8 -19816.2 -7.009415e-004
    7641 687.708992710000080 2020  1  2 05:34:34.313981831074 28250926.4 -19906.6 -7.041391e-004
    7683 691.489032430000070 2020  1  2 05:34:38.094045817852 28250343.0 -20490.0 -7.247752e-004
    7686 691.759141290000000 2020  1  2 05:34:38.364130854607 28250311.4 -20521.6 -7.258930e-004
    7689 692.029036140000020 2020  1  2 05:34:38.634054958820 28250272.6 -20560.4 -7.272654e-004
    7731 695.809077860000000 2020  1  2 05:34:42.414078712463 28249706.7 -21126.3 -7.472825e-004
    7734 696.079080860000090 2020  1  2 05:34:42.684083282948 28249663.7 -21169.3 -7.488035e-004
    7737 696.349085570000060 2020  1  2 05:34:42.954087853432 28249611.6 -21221.4 -7.506464e-004
    7779 700.129146289999990 2020  1  2 05:34:46.734151840210 28249083.8 -21749.2 -7.693159e-004
    7782 700.399147289999970 2020  1  2 05:34:47.004156410694 28249053.6 -21779.4 -7.703841e-004
    7785 700.669138429999980 2020  1  2 05:34:47.274120748043 28249007.3 -21825.7 -7.720218e-004
    7812 703.099208139999970 2020  1  2 05:34:49.704202115536 28248674.3 -22158.7 -7.838007e-004
    7827 704.449180289999960 2020  1  2 05:34:51.054184734821 28248489.2 -22343.8 -7.903481e-004
    7830 704.719211429999970 2020  1  2 05:34:51.324229538441 28248467.0 -22366.0 -7.911334e-004
    7833 704.989210139999950 2020  1  2 05:34:51.594193875790 28248411.9 -22421.1 -7.930824e-004
    7860 707.419233289999970 2020  1  2 05:34:54.024235010147 28248098.8 -22734.2 -8.041574e-004
    7881 709.309467999999920 2020  1  2 05:34:55.914468169212 28247868.6 -22964.4 -8.123001e-004
    7908 711.739279290000010 2020  1  2 05:34:58.344267904758 28247543.7 -23289.3 -8.237925e-004
    7923 713.089303710000080 2020  1  2 05:34:59.694290757179 28247372.7 -23460.3 -8.298411e-004
    7956 716.059340000000020 2020  1  2 05:35:02.664341032505 28247026.5 -23806.5 -8.420870e-004
    7971 717.409389430000030 2020  1  2 05:35:04.014404118061 28246859.2 -23973.8 -8.480047e-004
    8004 720.379409860000010 2020  1  2 05:35:06.984414160252 28246522.4 -24310.6 -8.599181e-004
    8019 721.729435000000080 2020  1  2 05:35:08.334437012672 28246364.8 -24468.2 -8.654927e-004
    8052 724.699464710000030 2020  1  2 05:35:11.304447054863 28246035.2 -24797.8 -8.771514e-004
    8055 724.969604429999890 2020  1  2 05:35:11.574612557888 28246013.4 -24819.6 -8.779225e-004
    8067 726.049505570000060 2020  1  2 05:35:12.654510140419 28245888.8 -24944.2 -8.823299e-004
    8073 726.589611139999990 2020  1  2 05:35:13.194599747658 28245821.2 -25011.8 -8.847210e-004
    8100 729.019541860000000 2020  1  2 05:35:15.624560415745 28245573.0 -25260.0 -8.935004e-004
    8103 729.289600000000060 2020  1  2 05:35:15.894605219364 28245561.6 -25271.4 -8.939036e-004
    8115 730.369542999999910 2020  1  2 05:35:16.974543035030 28245444.7 -25388.3 -8.980386e-004
    8121 730.909599859999960 2020  1  2 05:35:17.514592409134 28245362.8 -25470.2 -9.009356e-004
    8148 733.339617139999860 2020  1  2 05:35:19.944633543491 28245133.1 -25699.9 -9.090606e-004
    8151 733.609804430000050 2020  1  2 05:35:20.214799046516 28245120.8 -25712.2 -9.094957e-004
    8163 734.689624859999980 2020  1  2 05:35:21.294616162777 28245012.5 -25820.5 -9.133265e-004
    8196 737.659672710000000 2020  1  2 05:35:24.264666438103 28244714.7 -26118.3 -9.238603e-004
    8199 737.929487709999990 2020  1  2 05:35:24.534469842911 28244694.0 -26139.0 -9.245925e-004
    8211 739.009704290000060 2020  1  2 05:35:25.614689290524 28244589.7 -26243.3 -9.282818e-004
    8217 739.549830290000050 2020  1  2 05:35:26.154819130898 28244543.7 -26289.3 -9.299089e-004
    8219 739.729734860000120 2020  1  2 05:35:26.334741711617 28244522.5 -26310.5 -9.306588e-004
    8244 741.979749000000080 2020  1  2 05:35:28.584739565849 28244310.3 -26522.7 -9.381648e-004
    8247 742.249761570000150 2020  1  2 05:35:28.854744136333 28244286.2 -26546.8 -9.390173e-004
    8259 743.329782860000020 2020  1  2 05:35:29.934802651405 28244183.1 -26649.9 -9.426641e-004
    8265 743.870165999999930 2020  1  2 05:35:30.475173890591 28244136.1 -26696.9 -9.443266e-004
    8267 744.049807429999990 2020  1  2 05:35:30.654814839363 28244139.9 -26693.1 -9.441922e-004
    8292 746.299818710000070 2020  1  2 05:35:32.904812693596 28243925.5 -26907.5 -9.517760e-004
    8295 746.569831000000020 2020  1  2 05:35:33.174817264080 28243907.0 -26926.0 -9.524304e-004
    8307 747.649851430000010 2020  1  2 05:35:34.254835546017 28243796.3 -27036.7 -9.563461e-004
    8313 748.189899430000080 2020  1  2 05:35:34.794884920120 28243768.7 -27064.3 -9.573223e-004
    8315 748.369890429999940 2020  1  2 05:35:34.974887967110 28243748.8 -27084.2 -9.580262e-004
    8340 750.619900140000030 2020  1  2 05:35:37.224885821342 28243561.7 -27271.3 -9.646444e-004
    8343 750.889894860000030 2020  1  2 05:35:37.494890391827 28243531.5 -27301.5 -9.657126e-004
    8355 751.969951139999920 2020  1  2 05:35:38.574948906898 28243457.1 -27375.9 -9.683443e-004
    8361 752.510257429999910 2020  1  2 05:35:39.115239679813 28243402.4 -27430.6 -9.702792e-004
    8363 752.689941290000090 2020  1  2 05:35:39.294961094856 28243395.9 -27437.1 -9.705091e-004
    8388 754.939963709999920 2020  1  2 05:35:41.544958949089 28243208.5 -27624.5 -9.771378e-004
    8391 755.209972290000110 2020  1  2 05:35:41.814963519573 28243183.5 -27649.5 -9.780221e-004
    8403 756.290006430000060 2020  1  2 05:35:42.895022034645 28243096.0 -27737.0 -9.811172e-004
    8409 756.830186709999910 2020  1  2 05:35:43.435192108154 28243036.4 -27796.6 -9.832254e-004
    8411 757.010432570000150 2020  1  2 05:35:43.615436553955 28243056.6 -27776.4 -9.825108e-004
    8436 759.260048709999980 2020  1  2 05:35:45.865032076836 28242867.5 -27965.5 -9.891997e-004
    8439 759.530057570000050 2020  1  2 05:35:46.135076880455 28242852.1 -27980.9 -9.897444e-004
    8451 760.610091710000010 2020  1  2 05:35:47.215095162392 28242761.1 -28071.9 -9.929633e-004
    8457 761.150075860000020 2020  1  2 05:35:47.755064070225 28242753.0 -28080.0 -9.932498e-004
    8459 761.330422999999880 2020  1  2 05:35:47.935429215431 28242716.7 -28116.3 -9.945338e-004
    8484 763.580201999999990 2020  1  2 05:35:50.185185670853 28242565.0 -28268.0 -9.998998e-004
    8487 763.850122709999820 2020  1  2 05:35:50.455109775066 28242536.6 -28296.4 -1.000904e-003
    8532 767.900335140000040 2020  1  2 05:35:54.505339264870 28242254.9 -28578.1 -1.010869e-003
    8535 768.170193290000040 2020  1  2 05:35:54.775182902813 28242229.0 -28604.0 -1.011785e-003
    8580 772.220282860000000 2020  1  2 05:35:58.825291693211 28241935.2 -28897.8 -1.022177e-003
    8583 772.490270860000010 2020  1  2 05:35:59.095256030560 28241935.1 -28897.9 -1.022181e-003
    8631 776.810362709999940 2020  1  2 05:36:03.415369391441 28241653.4 -29179.6 -1.032145e-003
    8679 781.130433860000040 2020  1  2 05:36:07.735442519188 28241392.8 -29440.2 -1.041363e-003
    8871 798.410772710000060 2020  1  2 05:36:25.015775263309 28240437.9 -30395.1 -1.075140e-003
    8919 802.730845710000040 2020  1  2 05:36:29.335848391056 28240229.4 -30603.6 -1.082515e-003
    9351 841.611853290000000 2020  1  2 05:37:08.216868638992 28238687.8 -32145.2 -1.137045e-003
    9825 884.272435570000200 2020  1  2 05:37:50.877429842949 28237564.0 -33269.0 -1.176796e-003
   10113 910.192996859999990 2020  1  2 05:38:16.797989308834 28237091.6 -33741.4 -1.193506e-003
   10161 914.513075000000070 2020  1  2 05:38:21.118062436581 28237006.4 -33826.6 -1.196519e-003
