    5617 505.559083000000040 2020  9  2 01:56:17.243077754974 28306255.0 35422.0 1.252952e-003
    6049 544.438059139999950 2020  9  2 01:56:56.122046113014 28305765.0 34932.0 1.235620e-003
    6145 553.077666139999910 2020  9  2 01:57:04.761669337749 28305655.0 34822.0 1.231729e-003
    6193 557.398263289999930 2020  9  2 01:57:09.082265496254 28305525.0 34692.0 1.227130e-003
    6673 600.596991860000000 2020  9  2 01:57:52.280985116959 28304515.0 33682.0 1.191405e-003
    6721 604.916629289999830 2020  9  2 01:57:56.600615680218 28304390.0 33557.0 1.186983e-003
    6769 609.236454289999980 2020  9  2 01:58:00.920447409153 28304250.0 33417.0 1.182031e-003
    6817 613.556373290000010 2020  9  2 01:58:05.240359604359 28304095.0 33262.0 1.176548e-003
    6865 617.876274139999960 2020  9  2 01:58:09.560271799564 28303940.0 33107.0 1.171066e-003
    6913 622.196195859999990 2020  9  2 01:58:13.880183994770 28303780.0 32947.0 1.165406e-003
    6961 626.516109429999910 2020  9  2 01:58:18.200096189976 28303600.0 32767.0 1.159039e-003
    7009 630.836016999999860 2020  9  2 01:58:22.520008385181 28303420.0 32587.0 1.152672e-003
    7057 635.155931710000000 2020  9  2 01:58:26.839920580387 28303225.0 32392.0 1.145775e-003
    7105 639.475910000000000 2020  9  2 01:58:31.159913241863 28303005.0 32172.0 1.137993e-003
    7153 643.795760140000080 2020  9  2 01:58:35.479744970798 28302795.0 31962.0 1.130564e-003
    7201 648.115670710000020 2020  9  2 01:58:39.799657166004 28302565.0 31732.0 1.122429e-003
    7249 652.435589859999940 2020  9  2 01:58:44.119609594345 28302310.0 31477.0 1.113409e-003
    7281 655.315801570000080 2020  9  2 01:58:46.999819278717 28302150.0 31317.0 1.107749e-003
    7297 656.755506859999970 2020  9  2 01:58:48.439521789551 28302060.0 31227.0 1.104566e-003
    7329 659.635575860000020 2020  9  2 01:58:51.319570541382 28301880.0 31047.0 1.098199e-003
    7345 661.075426709999990 2020  9  2 01:58:52.759433984756 28301785.0 30952.0 1.094839e-003
    7371 663.415713429999980 2020  9  2 01:58:55.099714994431 28301630.0 30797.0 1.089356e-003
    7377 663.955391570000070 2020  9  2 01:58:55.639402270317 28301595.0 30762.0 1.088118e-003
    7393 665.395340570000140 2020  9  2 01:58:57.079346179962 28301495.0 30662.0 1.084581e-003
    7399 665.935359859999950 2020  9  2 01:58:57.619355320930 28301460.0 30627.0 1.083343e-003
    7425 668.275313860000100 2020  9  2 01:58:59.959314465523 28301295.0 30462.0 1.077506e-003
    7441 669.715256859999950 2020  9  2 01:59:01.399258375168 28301190.0 30357.0 1.073792e-003
    7447 670.255738570000180 2020  9  2 01:59:01.939750313759 28301150.0 30317.0 1.072377e-003
    7467 672.055270289999950 2020  9  2 01:59:03.739257752895 28301010.0 30177.0 1.067425e-003
    7473 672.595208289999960 2020  9  2 01:59:04.279226660728 28300970.0 30137.0 1.066010e-003
    7489 674.035178429999970 2020  9  2 01:59:05.719170570374 28300860.0 30027.0 1.062119e-003
    7495 674.575405430000050 2020  9  2 01:59:06.259421110153 28300815.0 29982.0 1.060528e-003
    7515 676.375150709999960 2020  9  2 01:59:08.059169948101 28300680.0 29847.0 1.055752e-003
    7521 676.915134139999960 2020  9  2 01:59:08.599138855934 28300640.0 29807.0 1.054338e-003
    7537 678.355099429999880 2020  9  2 01:59:10.039082765579 28300520.0 29687.0 1.050093e-003
    7569 681.235060429999980 2020  9  2 01:59:12.919051051140 28300280.0 29447.0 1.041604e-003
    7585 682.675025430000010 2020  9  2 01:59:14.359035193920 28300150.0 29317.0 1.037005e-003
    7611 685.015018570000050 2020  9  2 01:59:16.699034571648 28299940.0 29107.0 1.029577e-003
    7617 685.554988999999980 2020  9  2 01:59:17.239003479481 28299900.0 29067.0 1.028162e-003
    7633 686.994950570000130 2020  9  2 01:59:18.678947389126 28299765.0 28932.0 1.023387e-003
    7659 689.335212569999950 2020  9  2 01:59:21.019228398800 28299550.0 28717.0 1.015782e-003
    7665 689.874900430000030 2020  9  2 01:59:21.558915674686 28299490.0 28657.0 1.013660e-003
    7681 691.314877860000020 2020  9  2 01:59:22.998859584332 28299355.0 28522.0 1.008884e-003
    7687 691.854872860000000 2020  9  2 01:59:23.538868725300 28299320.0 28487.0 1.007646e-003
    7707 693.654848570000130 2020  9  2 01:59:25.338858962059 28299130.0 28297.0 1.000926e-003
    7713 694.194826430000030 2020  9  2 01:59:25.878827869892 28299065.0 28232.0 9.986264e-004
    7729 695.634797860000050 2020  9  2 01:59:27.318812012672 28298920.0 28087.0 9.934974e-004
    7735 696.175251860000000 2020  9  2 01:59:27.859263718128 28298875.0 28042.0 9.919057e-004
    7761 698.514745430000060 2020  9  2 01:59:30.198740065098 28298605.0 27772.0 9.823552e-004
    7777 699.954926139999880 2020  9  2 01:59:31.638925373554 28298460.0 27627.0 9.772262e-004
    7803 702.295167709999990 2020  9  2 01:59:33.979166150093 28298185.0 27352.0 9.674989e-004
    7809 702.834675570000060 2020  9  2 01:59:34.518692493439 28298135.0 27302.0 9.657303e-004
    7857 707.154598859999960 2020  9  2 01:59:38.838604688644 28297620.0 26787.0 9.475136e-004
    7905 711.474529139999960 2020  9  2 01:59:43.158516883850 28297080.0 26247.0 9.284127e-004
    7953 715.794466860000060 2020  9  2 01:59:47.478469312191 28296505.0 25672.0 9.080737e-004
    8001 720.114395000000060 2020  9  2 01:59:51.798381507397 28295895.0 25062.0 8.864967e-004
    8017 721.554387430000020 2020  9  2 01:59:53.238405883312 28295685.0 24852.0 8.790685e-004
    8049 724.434329139999930 2020  9  2 01:59:56.118333935738 28295260.0 24427.0 8.640354e-004
    8065 725.874326139999990 2020  9  2 01:59:57.558318078518 28295030.0 24197.0 8.558998e-004
    8097 728.754258999999930 2020  9  2 02:00:00.438246130943 28294565.0 23732.0 8.394517e-004
    8103 729.294281570000180 2020  9  2 02:00:00.978295505047 28294485.0 23652.0 8.366220e-004
    8113 730.194262429999980 2020  9  2 02:00:01.878270506859 28294335.0 23502.0 8.313161e-004
    8138 732.444419289999930 2020  9  2 02:00:04.128429293633 28293955.0 23122.0 8.178747e-004
    8145 733.074203140000010 2020  9  2 02:00:04.758198559284 28293840.0 23007.0 8.138069e-004
    8160 734.424518289999920 2020  9  2 02:00:06.108503043652 28293610.0 22777.0 8.056713e-004
    8161 734.514190139999980 2020  9  2 02:00:06.198182702065 28293595.0 22762.0 8.051408e-004
    8186 736.764158429999950 2020  9  2 02:00:08.448140323162 28293200.0 22367.0 7.911688e-004
    8193 737.394136570000110 2020  9  2 02:00:09.078150987625 28293080.0 22247.0 7.869241e-004
    8209 738.834137139999940 2020  9  2 02:00:10.518135130405 28292830.0 21997.0 7.780811e-004
    8234 741.084095290000050 2020  9  2 02:00:12.768092751503 28292395.0 21562.0 7.626942e-004
    8241 741.714084140000070 2020  9  2 02:00:13.398103415966 28292275.0 21442.0 7.584495e-004
    8247 742.253734860000120 2020  9  2 02:00:13.937750458717 28292155.0 21322.0 7.542049e-004
    8257 743.154163709999920 2020  9  2 02:00:14.838168025017 28291980.0 21147.0 7.480147e-004
    8282 745.404046570000110 2020  9  2 02:00:17.088045179844 28291535.0 20702.0 7.322741e-004
    8283 745.494060139999990 2020  9  2 02:00:17.178046703339 28291510.0 20677.0 7.313898e-004
    8289 746.034026570000040 2020  9  2 02:00:17.718015611172 28291415.0 20582.0 7.280295e-004
    8295 746.574038430000090 2020  9  2 02:00:18.258024752140 28291305.0 20472.0 7.241385e-004
    8330 749.723980430000100 2020  9  2 02:00:21.407997608185 28290645.0 19812.0 7.007929e-004
    8331 749.814001429999960 2020  9  2 02:00:21.497999131680 28290635.0 19802.0 7.004392e-004
    8337 750.353973290000000 2020  9  2 02:00:22.037968039513 28290510.0 19677.0 6.960177e-004
    8343 750.893974860000070 2020  9  2 02:00:22.577977180481 28290400.0 19567.0 6.921268e-004
    8378 754.043930710000040 2020  9  2 02:00:25.727950036526 28289705.0 18872.0 6.675431e-004
    8379 754.134353430000030 2020  9  2 02:00:25.818353891373 28289685.0 18852.0 6.668357e-004
    8385 754.673927710000040 2020  9  2 02:00:26.357920467854 28289560.0 18727.0 6.624142e-004
    8391 755.213925570000130 2020  9  2 02:00:26.897929608822 28289440.0 18607.0 6.581695e-004
    8426 758.363880570000110 2020  9  2 02:00:30.047862231731 28288710.0 17877.0 6.323478e-004
    8433 758.993880430000100 2020  9  2 02:00:30.677872896194 28288575.0 17742.0 6.275726e-004
    8439 759.533888570000160 2020  9  2 02:00:31.217882037163 28288435.0 17602.0 6.226205e-004
    8449 760.433991289999990 2020  9  2 02:00:32.117977738380 28288220.0 17387.0 6.150155e-004
    8495 764.578068430000030 2020  9  2 02:00:36.262071132660 28285440.0 14607.0 5.166809e-004
    8508 765.748213289999970 2020  9  2 02:00:37.432211637497 28285120.0 14287.0 5.053618e-004
    8542 768.808685570000080 2020  9  2 02:00:40.492665767670 28284280.0 13447.0 4.756492e-004
    8543 768.898025429999960 2020  9  2 02:00:40.582023561001 28284250.0 13417.0 4.745881e-004
    8556 770.068040139999990 2020  9  2 02:00:41.752043366432 28283920.0 13087.0 4.629153e-004
    8570 771.328038859999990 2020  9  2 02:00:43.012024462223 28283575.0 12742.0 4.507119e-004
    8591 773.217999289999970 2020  9  2 02:00:44.902016222477 28283015.0 12182.0 4.309035e-004
    8598 773.848076570000100 2020  9  2 02:00:45.532067120075 28282850.0 12017.0 4.250671e-004
    8603 774.298610710000050 2020  9  2 02:00:45.982597768307 28282685.0 11852.0 4.192307e-004
    8604 774.388000140000030 2020  9  2 02:00:46.071995794773 28282680.0 11847.0 4.190538e-004
    8609 774.838009709999940 2020  9  2 02:00:46.522003412247 28282535.0 11702.0 4.139248e-004
    8618 775.648204139999960 2020  9  2 02:00:47.332218289375 28282300.0 11467.0 4.056124e-004
    8624 776.188186710000080 2020  9  2 02:00:47.872187197208 28282130.0 11297.0 3.995991e-004
    8639 777.537967289999870 2020  9  2 02:00:49.221968650818 28281745.0 10912.0 3.859808e-004
    8646 778.167982859999940 2020  9  2 02:00:49.851979315281 28281555.0 10722.0 3.792601e-004
    8652 778.707965859999940 2020  9  2 02:00:50.391948223114 28281375.0 10542.0 3.728932e-004
    8657 779.158100709999990 2020  9  2 02:00:50.842116773129 28281245.0 10412.0 3.682948e-004
    8662 779.608008570000150 2020  9  2 02:00:51.292003691196 28281120.0 10287.0 3.638733e-004
    8687 781.857949999999850 2020  9  2 02:00:53.541961312294 28280410.0 9577.0 3.387590e-004
    8694 782.487945859999970 2020  9  2 02:00:54.171931743622 28280200.0 9367.0 3.313309e-004
    8699 782.937938139999910 2020  9  2 02:00:54.621939361095 28280080.0 9247.0 3.270862e-004
    8700 783.027933570000070 2020  9  2 02:00:54.711940884590 28280055.0 9222.0 3.262019e-004
    8702 783.207978430000030 2020  9  2 02:00:54.891984164715 28280025.0 9192.0 3.251408e-004
    8710 783.927940859999920 2020  9  2 02:00:55.611956119537 28279775.0 8942.0 3.162977e-004
    8733 785.998232290000030 2020  9  2 02:00:57.682232558727 28279110.0 8277.0 2.927752e-004
    8734 786.088145430000050 2020  9  2 02:00:57.772153615952 28279100.0 8267.0 2.924215e-004
    8735 786.177916709999980 2020  9  2 02:00:57.861913740635 28279060.0 8227.0 2.910066e-004
    8747 787.257945859999950 2020  9  2 02:00:58.941932022572 28278720.0 7887.0 2.789801e-004
    8748 787.347910429999840 2020  9  2 02:00:59.031893312931 28278685.0 7852.0 2.777421e-004
    8760 788.428034430000030 2020  9  2 02:01:00.112032294273 28278330.0 7497.0 2.651850e-004
    8781 790.318352290000010 2020  9  2 02:01:02.002345919609 28277755.0 6922.0 2.448460e-004
    8782 790.407914709999890 2020  9  2 02:01:02.091904878616 28277700.0 6867.0 2.429005e-004
    8783 790.497900709999950 2020  9  2 02:01:02.181906402111 28277675.0 6842.0 2.420162e-004
    8796 791.667895859999930 2020  9  2 02:01:03.351885974407 28277285.0 6452.0 2.282211e-004
    8808 792.747900429999960 2020  9  2 02:01:04.431904256344 28276925.0 6092.0 2.154871e-004
    8830 794.728322430000050 2020  9  2 02:01:06.412340104580 28276305.0 5472.0 1.935564e-004
    8831 794.817932709999920 2020  9  2 02:01:06.501939296722 28276245.0 5412.0 1.914340e-004
    8838 795.447902289999890 2020  9  2 02:01:07.131909728050 28276050.0 5217.0 1.845365e-004
    8844 795.987888860000000 2020  9  2 02:01:07.671878635883 28275850.0 5017.0 1.774621e-004
    8879 799.137872860000020 2020  9  2 02:01:10.821891725063 28274805.0 3972.0 1.404982e-004
    8892 800.307869289999870 2020  9  2 02:01:11.991871297359 28274405.0 3572.0 1.263493e-004
    8893 800.398329709999980 2020  9  2 02:01:12.082315385342 28274375.0 3542.0 1.252881e-004
    8925 803.277887000000080 2020  9  2 02:01:14.961881339550 28273405.0 2572.0 9.097716e-005
    8927 803.457875289999950 2020  9  2 02:01:15.141884386539 28273335.0 2502.0 8.850111e-005
    8940 804.627856999999950 2020  9  2 02:01:16.311863958836 28272940.0 2107.0 7.452911e-005
    8941 804.717874430000050 2020  9  2 02:01:16.401865482330 28272915.0 2082.0 7.364481e-005
    8942 804.807874709999960 2020  9  2 02:01:16.491867005825 28272880.0 2047.0 7.240678e-005
    8950 805.528525139999940 2020  9  2 02:01:17.212522923946 28272660.0 1827.0 6.462491e-005
    8973 807.597883290000030 2020  9  2 02:01:19.281874001026 28271945.0 1112.0 3.933383e-005
    8974 807.687889860000040 2020  9  2 02:01:19.371875524521 28271900.0 1067.0 3.774208e-005
    8975 807.777861140000030 2020  9  2 02:01:19.461877048016 28271870.0 1037.0 3.668091e-005
    8988 808.947856570000000 2020  9  2 02:01:20.631856620312 28271470.0  637.0 2.253206e-005
    8989 809.037870000000000 2020  9  2 02:01:20.721858143806 28271435.0  602.0 2.129403e-005
    8990 809.127864139999930 2020  9  2 02:01:20.811859667301 28271395.0  562.0 1.987915e-005
    9021 811.917878709999970 2020  9  2 02:01:23.601866662502 28270450.0 -383.0 -1.354753e-005
    9022 812.007861570000050 2020  9  2 02:01:23.691868185997 28270420.0 -413.0 -1.460870e-005
    9023 812.097864139999960 2020  9  2 02:01:23.781869709492 28270395.0 -438.0 -1.549300e-005
    9036 813.267869289999910 2020  9  2 02:01:24.951849281788 28269990.0 -843.0 -2.981872e-005
    9037 813.357857859999850 2020  9  2 02:01:25.041850805283 28269955.0 -878.0 -3.105674e-005
    9038 813.447864709999860 2020  9  2 02:01:25.131852328777 28269925.0 -908.0 -3.211791e-005
    9048 814.348505859999930 2020  9  2 02:01:26.032511293888 28269630.0 -1203.0 -4.255269e-005
    9069 816.237897429999980 2020  9  2 02:01:27.921899557114 28268970.0 -1863.0 -6.589831e-005
    9070 816.327850289999900 2020  9  2 02:01:28.011860847473 28268945.0 -1888.0 -6.678261e-005
    9071 816.417872429999990 2020  9  2 02:01:28.101862370968 28268905.0 -1928.0 -6.819750e-005
    9085 817.677871430000100 2020  9  2 02:01:29.361883699894 28268480.0 -2353.0 -8.323066e-005
    9086 817.767857139999930 2020  9  2 02:01:29.451844990253 28268455.0 -2378.0 -8.411496e-005
    9118 820.647868999999900 2020  9  2 02:01:32.331853508949 28267470.0 -3363.0 -1.189565e-004
    9133 821.997894709999970 2020  9  2 02:01:33.681876361370 28267005.0 -3828.0 -1.354046e-004
    9134 822.087867139999960 2020  9  2 02:01:33.771877884865 28266995.0 -3838.0 -1.357583e-004
    9174 825.662112139999860 2020  9  2 02:01:37.346109151840 28265570.0 -5263.0 -1.861636e-004
    9175 825.752081999999970 2020  9  2 02:01:37.436070442200 28265565.0 -5268.0 -1.863405e-004
    9222 829.982115709999900 2020  9  2 02:01:41.666101813316 28264175.0 -6658.0 -2.355077e-004
    9272 834.481982000000020 2020  9  2 02:01:46.165976822376 28262725.0 -8108.0 -2.867974e-004
    9319 838.711982000000030 2020  9  2 02:01:50.395967960358 28261385.0 -9448.0 -3.341960e-004
    9320 838.801981999999950 2020  9  2 02:01:50.485969483852 28261370.0 -9463.0 -3.347266e-004
    9364 842.761981999999990 2020  9  2 02:01:54.445996284485 28260140.0 -10693.0 -3.782343e-004
    9367 843.032014999999890 2020  9  2 02:01:54.716000854969 28260060.0 -10773.0 -3.810641e-004
    9368 843.121991139999980 2020  9  2 02:01:54.806002378464 28260045.0 -10788.0 -3.815947e-004
    9376 843.841987859999900 2020  9  2 02:01:55.525974333286 28259825.0 -11008.0 -3.893766e-004
    9400 846.001982430000000 2020  9  2 02:01:57.685970664024 28259185.0 -11648.0 -4.120147e-004
    9416 847.441982289999940 2020  9  2 02:01:59.125995039940 28258755.0 -12078.0 -4.272248e-004
    9424 848.161981999999970 2020  9  2 02:01:59.845966994762 28258550.0 -12283.0 -4.344761e-004
    9448 850.321982429999930 2020  9  2 02:02:02.005963325500 28257935.0 -12898.0 -4.562299e-004
    9464 851.761981999999990 2020  9  2 02:02:03.445987701416 28257530.0 -13303.0 -4.705556e-004
    9496 854.641982139999980 2020  9  2 02:02:06.325996220112 28256710.0 -14123.0 -4.995608e-004
    9512 856.081982140000040 2020  9  2 02:02:07.765980362892 28256335.0 -14498.0 -5.128254e-004
    9544 858.961981999999920 2020  9  2 02:02:10.645988881588 28255565.0 -15268.0 -5.400619e-004
    9560 860.401981999999980 2020  9  2 02:02:12.085973024368 28255185.0 -15648.0 -5.535033e-004
    9563 860.671982000000070 2020  9  2 02:02:12.355977594852 28255110.0 -15723.0 -5.561562e-004
    9592 863.281982000000080 2020  9  2 02:02:14.965981543064 28254460.0 -16373.0 -5.791481e-004
    9608 864.721982000000030 2020  9  2 02:02:16.405965685844 28254095.0 -16738.0 -5.920590e-004
    9611 864.991983290000010 2020  9  2 02:02:16.675970256329 28254025.0 -16808.0 -5.945350e-004
    9640 867.601982000000020 2020  9  2 02:02:19.285974204540 28253400.0 -17433.0 -6.166426e-004
    9652 868.681982000000060 2020  9  2 02:02:20.365992486477 28253145.0 -17688.0 -6.256625e-004
    9656 869.041981999999960 2020  9  2 02:02:20.725998580456 28253050.0 -17783.0 -6.290229e-004
    9688 871.921982859999960 2020  9  2 02:02:23.605966866016 28252380.0 -18453.0 -6.527222e-004
    9700 873.002016289999910 2020  9  2 02:02:24.686025381088 28252145.0 -18688.0 -6.610346e-004
    9704 873.361982139999900 2020  9  2 02:02:25.045991241932 28252055.0 -18778.0 -6.642181e-004
    9736 876.241982000000010 2020  9  2 02:02:27.925999760628 28251420.0 -19413.0 -6.866794e-004
    9748 877.321981999999930 2020  9  2 02:02:29.005977809429 28251195.0 -19638.0 -6.946382e-004
    9752 877.681982860000060 2020  9  2 02:02:29.365983903408 28251115.0 -19718.0 -6.974680e-004
    9784 880.561981999999940 2020  9  2 02:02:32.245992422104 28250500.0 -20333.0 -7.192218e-004
    9796 881.641981999999980 2020  9  2 02:02:33.325970470905 28250280.0 -20553.0 -7.270037e-004
    9800 882.001982000000000 2020  9  2 02:02:33.685976564884 28250215.0 -20618.0 -7.293029e-004
    9832 884.881981999999990 2020  9  2 02:02:36.565985083580 28249640.0 -21193.0 -7.496419e-004
    9844 885.961981999999920 2020  9  2 02:02:37.645963132381 28249430.0 -21403.0 -7.570700e-004
    9848 886.321981999999930 2020  9  2 02:02:38.005969226360 28249350.0 -21483.0 -7.598998e-004
    9851 886.591982140000030 2020  9  2 02:02:38.275973796844 28249300.0 -21533.0 -7.616684e-004
    9880 889.202026859999930 2020  9  2 02:02:40.886017978191 28248815.0 -22018.0 -7.788239e-004
    9892 890.281982000000080 2020  9  2 02:02:41.965996026993 28248615.0 -22218.0 -7.858983e-004
    9896 890.642533999999960 2020  9  2 02:02:42.326525151730 28248535.0 -22298.0 -7.887281e-004
    9899 890.911994859999940 2020  9  2 02:02:42.596006691456 28248505.0 -22328.0 -7.897893e-004
