   10035 903.212823709999950 2020  9  4 11:03:25.875836312771 28300886.1 30053.1 1.063043e-003
   10083 907.532809709999920 2020  9  4 11:03:30.195828974247 28300746.1 29913.1 1.058091e-003
   10131 911.852782289999940 2020  9  4 11:03:34.515781402588 28300580.3 29747.3 1.052226e-003
   10371 933.452416139999850 2020  9  4 11:03:56.115422844887 28299737.9 28904.9 1.022428e-003
   10467 942.092165429999910 2020  9  4 11:04:04.755166769028 28299362.6 28529.6 1.009153e-003
   10563 950.732205139999910 2020  9  4 11:04:13.395192325115 28298965.0 28132.0 9.950892e-004
   10611 955.051953999999910 2020  9  4 11:04:17.714943587780 28298753.9 27920.9 9.876221e-004
   10803 972.331612569999950 2020  9  4 11:04:34.994632601738 28297835.1 27002.1 9.551222e-004
   10845 976.111573000000020 2020  9  4 11:04:38.774575889111 28297606.8 26773.8 9.470467e-004
   10851 976.651528429999870 2020  9  4 11:04:39.314544796944 28297562.7 26729.7 9.454868e-004
   10941 984.751391860000010 2020  9  4 11:04:47.414400279522 28297070.6 26237.6 9.280802e-004
   11085 997.711221709999900 2020  9  4 11:05:00.374217331409 28296212.0 25379.0 8.977097e-004
   11133 1002.031113289999900 2020  9  4 11:05:04.694129526615 28295911.0 25078.0 8.870626e-004
   11181 1006.351353709999900 2020  9  4 11:05:09.014363586903 28295591.3 24758.3 8.757542e-004
   11229 1010.671011140000000 2020  9  4 11:05:13.333994150162 28295283.7 24450.7 8.648737e-004
   11325 1019.310888860000000 2020  9  4 11:05:21.973899006844 28294592.9 23759.9 8.404386e-004
   11373 1023.630797290000000 2020  9  4 11:05:26.293811202049 28294234.6 23401.6 8.277648e-004
   11421 1027.950745430000100 2020  9  4 11:05:30.613763630390 28293883.7 23050.7 8.153527e-004
   11469 1032.270668860000100 2020  9  4 11:05:34.933675825596 28293479.8 22646.8 8.010659e-004
   11517 1036.590602860000000 2020  9  4 11:05:39.253588020802 28293093.3 22260.3 7.873946e-004
   11597 1043.790516860000000 2020  9  4 11:05:46.453508734703 28292413.7 21580.7 7.633556e-004
   11613 1045.230496709999900 2020  9  4 11:05:47.893492877483 28292273.1 21440.1 7.583823e-004
   11645 1048.110462289999800 2020  9  4 11:05:50.773461163044 28291991.1 21158.1 7.484074e-004
   11661 1049.550421999999800 2020  9  4 11:05:52.213405072689 28291844.4 21011.4 7.432183e-004
   11693 1052.430383430000100 2020  9  4 11:05:55.093373358250 28291557.2 20724.2 7.330594e-004
   11709 1053.870373860000000 2020  9  4 11:05:56.533357501030 28291407.4 20574.4 7.277607e-004
   11741 1056.750331000000000 2020  9  4 11:05:59.413325786591 28291105.8 20272.8 7.170924e-004
   11755 1058.010588290000000 2020  9  4 11:06:00.673588514328 28290977.6 20144.6 7.125577e-004
   11757 1058.190312999999800 2020  9  4 11:06:00.853309929371 28290951.1 20118.1 7.116203e-004
   11789 1061.070276140000000 2020  9  4 11:06:03.733278214931 28290644.6 19811.6 7.007788e-004
   11803 1062.330293140000100 2020  9  4 11:06:04.993299543858 28290491.7 19658.7 6.953704e-004
   11805 1062.510266000000000 2020  9  4 11:06:05.173262357712 28290489.1 19656.1 6.952784e-004
   11828 1064.580418569999700 2020  9  4 11:06:07.243418097496 28290236.5 19403.5 6.863434e-004
   11837 1065.390228289999600 2020  9  4 11:06:08.053230643272 28290166.5 19333.5 6.838674e-004
   11851 1066.650229289999700 2020  9  4 11:06:09.313211739063 28290024.9 19191.9 6.788587e-004
   11853 1066.830218709999800 2020  9  4 11:06:09.493214786053 28289998.5 19165.5 6.779248e-004
   11885 1069.710179710000100 2020  9  4 11:06:12.373183071613 28289675.2 18842.2 6.664890e-004
   11899 1070.970196860000000 2020  9  4 11:06:13.633204400539 28289547.0 18714.0 6.619543e-004
   11901 1071.150199859999900 2020  9  4 11:06:13.813207447529 28289498.9 18665.9 6.602529e-004
   11918 1072.680398859999700 2020  9  4 11:06:15.343394279480 28289353.1 18520.1 6.550957e-004
   11933 1074.030123140000100 2020  9  4 11:06:16.693135499954 28289172.9 18339.9 6.487216e-004
   11947 1075.290137860000000 2020  9  4 11:06:17.953156828880 28289011.9 18178.9 6.430267e-004
   11949 1075.470219000000000 2020  9  4 11:06:18.133200109005 28289002.5 18169.5 6.426942e-004
   11981 1078.350073569999900 2020  9  4 11:06:21.013087928295 28288653.1 17820.1 6.303352e-004
   12029 1082.670025429999900 2020  9  4 11:06:25.333040356636 28288117.0 17284.0 6.113722e-004
   12077 1086.989980140000200 2020  9  4 11:06:29.652992784977 28287577.5 16744.5 5.922889e-004
   12088 1087.980742289999900 2020  9  4 11:06:30.643733739853 28287466.5 16633.5 5.883626e-004
   12125 1091.309932140000000 2020  9  4 11:06:33.972945213318 28287016.8 16183.8 5.724557e-004
   12136 1092.300114569999800 2020  9  4 11:06:34.963122904301 28286872.3 16039.3 5.673444e-004
   12158 1094.279937289999900 2020  9  4 11:06:36.942955255508 28286620.4 15787.4 5.584342e-004
   12173 1095.629900429999900 2020  9  4 11:06:38.292897641659 28286438.7 15605.7 5.520071e-004
   12184 1096.619938429999800 2020  9  4 11:06:39.282954633236 28286298.1 15465.1 5.470338e-004
   12221 1099.949864000000200 2020  9  4 11:06:42.612850070000 28285845.9 15012.9 5.310385e-004
   12232 1100.939860710000200 2020  9  4 11:06:43.602866828442 28285713.1 14880.1 5.263411e-004
   12235 1101.210505430000200 2020  9  4 11:06:43.873515129089 28285673.4 14840.4 5.249368e-004
   12269 1104.269820289999900 2020  9  4 11:06:46.932802498341 28285244.8 14411.8 5.097763e-004
   12280 1105.259811290000000 2020  9  4 11:06:47.922819256783 28285109.4 14276.4 5.049869e-004
   12283 1105.529839000000000 2020  9  4 11:06:48.192823827267 28285067.4 14234.4 5.035013e-004
   12317 1108.589797710000100 2020  9  4 11:06:51.252795159817 28284631.4 13798.4 4.880790e-004
   12328 1109.579780860000000 2020  9  4 11:06:52.242771685123 28284488.9 13655.9 4.830385e-004
   12331 1109.849797860000100 2020  9  4 11:06:52.512816488743 28284456.0 13623.0 4.818747e-004
   12365 1112.909743290000100 2020  9  4 11:06:55.572747588158 28284004.7 13171.7 4.659113e-004
   12376 1113.899731289999900 2020  9  4 11:06:56.562724113464 28283865.4 13032.4 4.609839e-004
   12379 1114.169752000000000 2020  9  4 11:06:56.832768917084 28283828.9 12995.9 4.596929e-004
   12409 1116.870401859999900 2020  9  4 11:06:59.533418118954 28283459.2 12626.2 4.466158e-004
   12413 1117.229713290000100 2020  9  4 11:06:59.892700016499 28283365.2 12532.2 4.432908e-004
   12424 1118.219701710000200 2020  9  4 11:07:00.882716774940 28283215.1 12382.1 4.379814e-004
   12427 1118.489727570000000 2020  9  4 11:07:01.152721345425 28283180.9 12347.9 4.367717e-004
   12457 1121.189706140000000 2020  9  4 11:07:03.852686583996 28282763.6 11930.6 4.220109e-004
   12461 1121.549697860000200 2020  9  4 11:07:04.212692677975 28282718.2 11885.2 4.204050e-004
   12472 1122.539665570000100 2020  9  4 11:07:05.202669203281 28282563.9 11730.9 4.149471e-004
   12475 1122.809700289999900 2020  9  4 11:07:05.472714006901 28282524.3 11691.3 4.135464e-004
   12520 1126.859668140000200 2020  9  4 11:07:09.522661864758 28281884.4 11051.4 3.909117e-004
   12523 1127.129677710000100 2020  9  4 11:07:09.792666435242 28281853.6 11020.6 3.898223e-004
   12553 1129.830000569999800 2020  9  4 11:07:12.492993772030 28281418.1 10585.1 3.744177e-004
   12568 1131.179607999999900 2020  9  4 11:07:13.842614293098 28281209.1 10376.1 3.670249e-004
   12571 1131.449621290000100 2020  9  4 11:07:14.112618863583 28281176.3 10343.3 3.658647e-004
   12586 1132.800303140000100 2020  9  4 11:07:15.463285446167 28280945.4 10112.4 3.576973e-004
   12601 1134.149893569999900 2020  9  4 11:07:16.812905967236 28280744.6 9911.6 3.505946e-004
   12616 1135.499587710000200 2020  9  4 11:07:18.162606954575 28280519.4 9686.4 3.426287e-004
   12619 1135.769605000000200 2020  9  4 11:07:18.432611525059 28280468.3 9635.3 3.408212e-004
   12634 1137.119965430000100 2020  9  4 11:07:19.782956242561 28280236.9 9403.9 3.326361e-004
   12664 1139.819573290000100 2020  9  4 11:07:22.482559382915 28279811.9 8978.9 3.176030e-004
   12667 1140.089712289999900 2020  9  4 11:07:22.752724885941 28279764.3 8931.3 3.159192e-004
   12682 1141.439563430000400 2020  9  4 11:07:24.102546572685 28279544.0 8711.0 3.081268e-004
   12712 1144.139531569999900 2020  9  4 11:07:26.802511811256 28279101.3 8268.3 2.924675e-004
   12715 1144.409546710000100 2020  9  4 11:07:27.072556614876 28279055.0 8222.0 2.908298e-004
   12730 1145.759567430000300 2020  9  4 11:07:28.422579467297 28278834.5 8001.5 2.830302e-004
   12749 1147.470169570000100 2020  9  4 11:07:30.133171677589 28278508.0 7675.0 2.714812e-004
   12754 1147.919636430000100 2020  9  4 11:07:30.582656264305 28278472.2 7639.2 2.702149e-004
   12760 1148.459516140000200 2020  9  4 11:07:31.122504472733 28278376.1 7543.1 2.668156e-004
   12763 1148.729522430000100 2020  9  4 11:07:31.392509043217 28278332.3 7499.3 2.652663e-004
   12778 1150.079513430000100 2020  9  4 11:07:32.742531895638 28278100.7 7267.7 2.570741e-004
   12802 1152.239693860000200 2020  9  4 11:07:34.902689158916 28277723.5 6890.5 2.437318e-004
   12808 1152.779503000000200 2020  9  4 11:07:35.442497134209 28277641.1 6808.1 2.408171e-004
   12811 1153.049508430000100 2020  9  4 11:07:35.712501704693 28277602.8 6769.8 2.394623e-004
   12826 1154.399493289999800 2020  9  4 11:07:37.062484323978 28277359.7 6526.7 2.308634e-004
   12856 1157.099484569999700 2020  9  4 11:07:39.762489795685 28276901.1 6068.1 2.146417e-004
   12859 1157.369482139999900 2020  9  4 11:07:40.032494366169 28276855.4 6022.4 2.130252e-004
   12874 1158.719470430000000 2020  9  4 11:07:41.382476985455 28276619.7 5786.7 2.046880e-004
   12904 1161.419480000000000 2020  9  4 11:07:44.082482457161 28276166.1 5333.1 1.886432e-004
   12907 1161.689835859999900 2020  9  4 11:07:44.352849125862 28276115.3 5282.3 1.868463e-004
   12922 1163.039458569999900 2020  9  4 11:07:45.702469646931 28275868.8 5035.8 1.781270e-004
   12955 1166.009832430000000 2020  9  4 11:07:48.672841787338 28275369.5 4536.5 1.604657e-004
   12970 1167.359450569999800 2020  9  4 11:07:50.022462308407 28275118.4 4285.4 1.515838e-004
   13003 1170.329451290000000 2020  9  4 11:07:52.992432117462 28274593.2 3760.2 1.330063e-004
   13018 1171.679442859999700 2020  9  4 11:07:54.342454969883 28274352.6 3519.6 1.244958e-004
   13051 1174.649450859999900 2020  9  4 11:07:57.312465012074 28273825.4 2992.4 1.058476e-004
   13063 1175.729831570000000 2020  9  4 11:07:58.392845392227 28273612.9 2779.9 9.833103e-005
   13066 1175.999431140000100 2020  9  4 11:07:58.662447631359 28273589.5 2756.5 9.750332e-005
   13090 1178.159440709999700 2020  9  4 11:08:00.822443962097 28273203.0 2370.0 8.383198e-005
   13099 1178.969553710000400 2020  9  4 11:08:01.632538139820 28273051.0 2218.0 7.845542e-005
   13114 1180.319426859999800 2020  9  4 11:08:02.982440292835 28272808.1 1975.1 6.986352e-005
   13138 1182.479437430000000 2020  9  4 11:08:05.142436623573 28272420.2 1587.2 5.614267e-005
   13147 1183.289963570000100 2020  9  4 11:08:05.952973365784 28272265.0 1432.0 5.065291e-005
   13162 1184.639418139999900 2020  9  4 11:08:07.302432954311 28272038.4 1205.4 4.263758e-005
   13186 1186.799458860000000 2020  9  4 11:08:09.462469518185 28271659.6  826.6 2.923861e-005
   13192 1187.339446859999700 2020  9  4 11:08:10.002438426018 28271550.1  717.1 2.536537e-005
   13195 1187.609423569999800 2020  9  4 11:08:10.272442996502 28271509.1  676.1 2.391511e-005
   13207 1188.689451710000000 2020  9  4 11:08:11.352461278439 28271320.8  487.8 1.725453e-005
   13210 1188.959424289999800 2020  9  4 11:08:11.622425615788 28271267.8  434.8 1.537981e-005
   13234 1191.119419289999800 2020  9  4 11:08:13.782421946526 28270881.0   48.0 1.697863e-006
   13240 1191.659951710000100 2020  9  4 11:08:14.322954118252 28270775.8  -57.2 -2.023287e-006
   13243 1191.929508000000200 2020  9  4 11:08:14.592516124249 28270740.4  -92.6 -3.275461e-006
   13258 1193.279453430000100 2020  9  4 11:08:15.942458510399 28270497.5 -335.5 -1.186735e-005
   13282 1195.439415140000200 2020  9  4 11:08:18.102414608002 28270101.6 -731.4 -2.587119e-005
   13288 1195.979457140000200 2020  9  4 11:08:18.642463982105 28270009.3 -823.7 -2.913604e-005
   13291 1196.249430569999700 2020  9  4 11:08:18.912428319454 28269960.6 -872.4 -3.085866e-005
   13303 1197.329437999999800 2020  9  4 11:08:19.992446601391 28269769.5 -1063.5 -3.761828e-005
   13306 1197.599507290000000 2020  9  4 11:08:20.262491405010 28269720.4 -1112.6 -3.935505e-005
   13330 1199.759418569999800 2020  9  4 11:08:22.422407269478 28269331.9 -1501.1 -5.309713e-005
   13336 1200.300399430000000 2020  9  4 11:08:22.963382005692 28269228.5 -1604.5 -5.675461e-005
   13339 1200.569443569999700 2020  9  4 11:08:23.232461214066 28269192.4 -1640.6 -5.803154e-005
   13378 1204.079422709999800 2020  9  4 11:08:26.742440164089 28268559.7 -2273.3 -8.041150e-005
   13387 1204.889449999999900 2020  9  4 11:08:27.552453875542 28268416.5 -2416.5 -8.547679e-005
   13426 1208.399428859999700 2020  9  4 11:08:31.062432825565 28267789.4 -3043.6 -1.076587e-004
   13435 1209.209451710000200 2020  9  4 11:08:31.872446537018 28267658.8 -3174.2 -1.122783e-004
   13474 1212.719455710000100 2020  9  4 11:08:35.382465720177 28267018.6 -3814.4 -1.349235e-004
   13483 1213.529463000000100 2020  9  4 11:08:36.192479431629 28266888.3 -3944.7 -1.395325e-004
   13495 1214.609488289999700 2020  9  4 11:08:37.272497713566 28266688.0 -4145.0 -1.466175e-004
   13522 1217.039462000000000 2020  9  4 11:08:39.702458381653 28266269.3 -4563.7 -1.614279e-004
   13525 1217.310028429999900 2020  9  4 11:08:39.973026216030 28266221.6 -4611.4 -1.631151e-004
   13531 1217.849468709999900 2020  9  4 11:08:40.512472093105 28266122.2 -4710.8 -1.666311e-004
   13543 1218.929465290000100 2020  9  4 11:08:41.592450141907 28265943.9 -4889.1 -1.729380e-004
   13546 1219.199497429999800 2020  9  4 11:08:41.862494945526 28265896.4 -4936.6 -1.746181e-004
   13547 1219.289757570000100 2020  9  4 11:08:41.952737867832 28265853.8 -4979.2 -1.761250e-004
   13570 1221.359478859999900 2020  9  4 11:08:44.022491276264 28265511.8 -5321.2 -1.882223e-004
   13573 1221.629551710000200 2020  9  4 11:08:44.292536079884 28265477.1 -5355.9 -1.894497e-004
   13579 1222.169500860000000 2020  9  4 11:08:44.832504987717 28265364.6 -5468.4 -1.934290e-004
   13591 1223.249475860000100 2020  9  4 11:08:45.912483036518 28265188.2 -5644.8 -1.996687e-004
   13594 1223.519497430000000 2020  9  4 11:08:46.182487607002 28265154.0 -5679.0 -2.008784e-004
   13618 1225.679481429999900 2020  9  4 11:08:48.342483937740 28264765.5 -6067.5 -2.146205e-004
   13621 1225.949571570000200 2020  9  4 11:08:48.612568974495 28264726.8 -6106.2 -2.159894e-004
   13627 1226.489518290000000 2020  9  4 11:08:49.152537882328 28264615.8 -6217.2 -2.199157e-004
   13639 1227.569513430000100 2020  9  4 11:08:50.232515931129 28264441.3 -6391.7 -2.260881e-004
   13666 1229.999524140000200 2020  9  4 11:08:52.662516832352 28264028.6 -6804.4 -2.406862e-004
   13669 1230.270099860000100 2020  9  4 11:08:52.933084666729 28263971.7 -6861.3 -2.426989e-004
   13675 1230.809534430000000 2020  9  4 11:08:53.472530543804 28263896.7 -6936.3 -2.453518e-004
   13687 1231.889505290000000 2020  9  4 11:08:54.552508592606 28263703.0 -7130.0 -2.522034e-004
   13714 1234.319534430000000 2020  9  4 11:08:56.982549726963 28263302.5 -7530.5 -2.663699e-004
   13723 1235.129555710000200 2020  9  4 11:08:57.792563438416 28263161.6 -7671.4 -2.713539e-004
   13735 1236.209522570000000 2020  9  4 11:08:58.872541487217 28262981.4 -7851.6 -2.777279e-004
   13762 1238.639909710000000 2020  9  4 11:09:01.302904486656 28262564.4 -8268.6 -2.924781e-004
   13771 1239.449554430000300 2020  9  4 11:09:02.112556099892 28262434.8 -8398.2 -2.970623e-004
   13783 1240.529543290000000 2020  9  4 11:09:03.192534148693 28262260.8 -8572.2 -3.032171e-004
   13787 1240.890231140000000 2020  9  4 11:09:03.553224205971 28262194.1 -8638.9 -3.055764e-004
   13819 1243.769616710000000 2020  9  4 11:09:06.432629227638 28261737.5 -9095.5 -3.217273e-004
   13831 1244.849569860000200 2020  9  4 11:09:07.512567043304 28261557.6 -9275.4 -3.280908e-004
   13835 1245.210226859999900 2020  9  4 11:09:07.873216867447 28261473.7 -9359.3 -3.310585e-004
   13867 1248.089613430000100 2020  9  4 11:09:10.752621889114 28261015.7 -9817.3 -3.472590e-004
   13879 1249.169596000000000 2020  9  4 11:09:11.832599937916 28260858.2 -9974.8 -3.528301e-004
   13894 1250.519868000000100 2020  9  4 11:09:13.182864189148 28260653.6 -10179.4 -3.600672e-004
   13909 1251.869724859999900 2020  9  4 11:09:14.532726109028 28260435.2 -10397.8 -3.677925e-004
   13915 1252.410163140000300 2020  9  4 11:09:15.073177814484 28260363.2 -10469.8 -3.703393e-004
   13927 1253.489638430000000 2020  9  4 11:09:16.152632832527 28260164.9 -10668.1 -3.773536e-004
   13957 1256.189663000000100 2020  9  4 11:09:18.852678537369 28259750.7 -11082.3 -3.920047e-004
   13975 1257.809668140000200 2020  9  4 11:09:20.472665727139 28259496.6 -11336.4 -4.009928e-004
   14005 1260.509760860000100 2020  9  4 11:09:23.172751665115 28259088.4 -11744.6 -4.154317e-004
   14023 1262.129697860000100 2020  9  4 11:09:24.792698621750 28258831.2 -12001.8 -4.245294e-004
   14053 1264.829708140000100 2020  9  4 11:09:27.492704093456 28258433.8 -12399.2 -4.385863e-004
   14071 1266.449849570000000 2020  9  4 11:09:29.112852215767 28258210.5 -12622.5 -4.464849e-004
   14101 1269.149763860000100 2020  9  4 11:09:31.812777221203 28257785.6 -13047.4 -4.615145e-004
   14119 1270.769928859999900 2020  9  4 11:09:33.432925343513 28257561.1 -13271.9 -4.694556e-004
   14149 1273.469995290000000 2020  9  4 11:09:36.133011281490 28257163.2 -13669.8 -4.835301e-004
   14167 1275.089813289999900 2020  9  4 11:09:37.752797305584 28256918.9 -13914.1 -4.921716e-004
   14197 1277.789815430000100 2020  9  4 11:09:40.452802777290 28256543.5 -14289.5 -5.054503e-004
   14245 1282.109859140000300 2020  9  4 11:09:44.772875905037 28255951.5 -14881.5 -5.263906e-004
   14293 1286.429892290000000 2020  9  4 11:09:49.092908799648 28255356.1 -15476.9 -5.474511e-004
   14341 1290.749934569999800 2020  9  4 11:09:53.412941694260 28254787.2 -16045.8 -5.675744e-004
   14371 1293.449973140000300 2020  9  4 11:09:56.112987399101 28254439.7 -16393.3 -5.798662e-004
   14374 1293.720166860000100 2020  9  4 11:09:56.383152902126 28254400.1 -16432.9 -5.812669e-004
   14389 1295.069976710000000 2020  9  4 11:09:57.732974588871 28254233.6 -16599.4 -5.871564e-004
   14395 1295.610629569999900 2020  9  4 11:09:58.273627460003 28254163.6 -16669.4 -5.896324e-004
   14419 1297.770151140000300 2020  9  4 11:10:00.433140993118 28253876.0 -16957.0 -5.998055e-004
   14437 1299.390040139999900 2020  9  4 11:10:02.053047716618 28253673.6 -17159.4 -6.069648e-004
   14467 1302.090196859999900 2020  9  4 11:10:04.753214120865 28253350.9 -17482.1 -6.183794e-004
   14485 1303.710125140000200 2020  9  4 11:10:06.373120844364 28253149.2 -17683.8 -6.255139e-004
   14515 1306.410217000000100 2020  9  4 11:10:09.073206782341 28252829.2 -18003.8 -6.368330e-004
   14533 1308.030516000000000 2020  9  4 11:10:10.693515837193 28252628.8 -18204.2 -6.439216e-004
   14611 1315.050390289999800 2020  9  4 11:10:17.713393270969 28251802.9 -19030.1 -6.731355e-004
   14629 1316.670468709999800 2020  9  4 11:10:19.333460927010 28251653.5 -19179.5 -6.784201e-004
   14659 1319.370307140000000 2020  9  4 11:10:22.033305466175 28251342.1 -19490.9 -6.894349e-004
   14707 1323.690324859999700 2020  9  4 11:10:26.353338360786 28250878.6 -19954.4 -7.058299e-004
   14755 1328.010568430000100 2020  9  4 11:10:30.673572421074 28250428.8 -20404.2 -7.217403e-004
   14803 1332.330549430000000 2020  9  4 11:10:34.993565082550 28249977.9 -20855.1 -7.376896e-004
   14851 1336.650514140000000 2020  9  4 11:10:39.313517510891 28249555.8 -21277.2 -7.526202e-004
   14899 1340.970530289999900 2020  9  4 11:10:43.633550405502 28249132.4 -21700.6 -7.675968e-004
   15043 1353.931050000000100 2020  9  4 11:10:56.594051420689 28247971.2 -22861.8 -8.086709e-004
   15091 1358.250830430000000 2020  9  4 11:11:00.913842916489 28247597.5 -23235.5 -8.218895e-004
   15139 1362.570852860000100 2020  9  4 11:11:05.233835577965 28247240.8 -23592.2 -8.345067e-004
   15169 1365.271099860000000 2020  9  4 11:11:07.934082448483 28247035.7 -23797.3 -8.417615e-004
   15187 1366.890900429999900 2020  9  4 11:11:09.553908705711 28246902.7 -23930.3 -8.464660e-004
   15235 1371.210991430000100 2020  9  4 11:11:13.873981833458 28246564.3 -24268.7 -8.584360e-004
   15265 1373.911333140000100 2020  9  4 11:11:16.574349403381 28246357.7 -24475.3 -8.657439e-004
   15283 1375.531029860000000 2020  9  4 11:11:18.194014728069 28246239.7 -24593.3 -8.699178e-004
   15379 1384.171297709999900 2020  9  4 11:11:26.834281682968 28245629.7 -25203.3 -8.914948e-004
   15409 1386.871199569999800 2020  9  4 11:11:29.534206688404 28245439.1 -25393.9 -8.982367e-004
   15427 1388.491244139999900 2020  9  4 11:11:31.154234111309 28245339.9 -25493.1 -9.017456e-004
   15457 1391.191272709999800 2020  9  4 11:11:33.854279816151 28245167.8 -25665.2 -9.078332e-004
   15505 1395.511613000000100 2020  9  4 11:11:38.174594342709 28244871.8 -25961.2 -9.183033e-004
   15601 1404.151474999999900 2020  9  4 11:11:46.814458966255 28244343.8 -26489.2 -9.369798e-004
   15649 1408.471552140000300 2020  9  4 11:11:51.134532094002 28244104.3 -26728.7 -9.454514e-004
   15697 1412.791689430000100 2020  9  4 11:11:55.454685688019 28243856.2 -26976.8 -9.542273e-004
   15745 1417.111680140000100 2020  9  4 11:11:59.774678349495 28243612.2 -27220.8 -9.628581e-004
   15793 1421.431764860000200 2020  9  4 11:12:04.094751477242 28243382.8 -27450.2 -9.709725e-004
   15841 1425.751848569999800 2020  9  4 11:12:08.414864838123 28243160.3 -27672.7 -9.788428e-004
   15889 1430.071915860000000 2020  9  4 11:12:12.734897732735 28242956.0 -27877.0 -9.860693e-004
   15937 1434.392112999999900 2020  9  4 11:12:17.055131793022 28242738.2 -28094.8 -9.937733e-004
   15985 1438.712875570000100 2020  9  4 11:12:21.375888884068 28242543.0 -28290.0 -1.000678e-003
   16081 1447.352221859999900 2020  9  4 11:12:30.015230476856 28242158.1 -28674.9 -1.014293e-003
   16225 1460.312446709999700 2020  9  4 11:12:42.975449860096 28241654.6 -29178.4 -1.032103e-003
