   14369 1293.267976000000100 2020  9  4 11:09:55.930972695351 28291553.4 20720.4 7.329250e-004
   14400 1296.057932569999800 2020  9  4 11:09:58.720939457417 28290998.8 20165.8 7.133076e-004
   14513 1306.228300289999900 2020  9  4 11:10:08.891312777996 28288803.6 17970.6 6.356587e-004
   14561 1310.547738430000000 2020  9  4 11:10:13.210742175579 28287798.5 16965.5 6.001061e-004
   14640 1317.657539000000000 2020  9  4 11:10:20.320540666580 28286044.6 15211.6 5.380669e-004
   14657 1319.187505290000000 2020  9  4 11:10:21.850486099720 28285667.1 14834.1 5.247139e-004
   14849 1336.467634710000100 2020  9  4 11:10:39.130617678165 28280787.2 9954.2 3.521014e-004
   14876 1338.897593710000100 2020  9  4 11:10:41.560578346252 28280043.8 9210.8 3.258058e-004
   14903 1341.327847860000000 2020  9  4 11:10:43.990860879421 28279288.8 8455.8 2.990998e-004
   15137 1362.387645710000000 2020  9  4 11:11:05.050654113293 28272479.1 1646.1 5.822609e-005
   15434 1389.117812569999800 2020  9  4 11:11:31.780824959278 28263679.0 -7154.0 -2.530523e-004
   15707 1413.687497999999800 2020  9  4 11:11:56.350516676903 28256479.1 -14353.9 -5.077282e-004
   15755 1418.007538000000100 2020  9  4 11:12:00.670549571514 28255361.1 -15471.9 -5.472743e-004
   15803 1422.327650140000300 2020  9  4 11:12:04.990662932396 28254286.7 -16546.3 -5.852781e-004
   15851 1426.647633710000000 2020  9  4 11:12:09.310615360737 28253245.6 -17587.4 -6.221041e-004
   15899 1430.967700860000100 2020  9  4 11:12:13.630688488483 28252274.2 -18558.8 -6.564646e-004
   15916 1432.497670860000200 2020  9  4 11:12:15.160674154758 28251939.2 -18893.8 -6.683142e-004
   15964 1436.817718140000100 2020  9  4 11:12:19.480707049370 28251021.9 -19811.1 -7.007611e-004
   16012 1441.137777000000100 2020  9  4 11:12:23.800780177116 28250148.2 -20684.8 -7.316657e-004
   16044 1444.018145569999900 2020  9  4 11:12:26.681150794029 28249580.9 -21252.1 -7.517324e-004
   16060 1445.457835710000200 2020  9  4 11:12:28.120853304863 28249312.8 -21520.2 -7.612156e-004
   16092 1448.338226859999800 2020  9  4 11:12:31.001223921776 28248782.5 -22050.5 -7.799735e-004
   16108 1449.777899140000300 2020  9  4 11:12:32.440886199474 28248522.9 -22310.1 -7.891561e-004
   16119 1450.768310569999800 2020  9  4 11:12:33.431305289268 28248357.9 -22475.1 -7.949925e-004
   16140 1452.658030139999900 2020  9  4 11:12:35.321015417576 28248022.3 -22810.7 -8.068634e-004
   16156 1454.097956710000100 2020  9  4 11:12:36.760959327221 28247789.5 -23043.5 -8.150980e-004
   16188 1456.978380140000100 2020  9  4 11:12:39.641370177269 28247314.1 -23518.9 -8.319139e-004
   16204 1458.418023290000100 2020  9  4 11:12:41.081032454967 28247079.4 -23753.6 -8.402158e-004
   16217 1459.588132859999900 2020  9  4 11:12:42.251132726669 28246898.9 -23934.1 -8.466005e-004
   16236 1461.298092430000000 2020  9  4 11:12:43.961081206799 28246653.7 -24179.3 -8.552737e-004
   16252 1462.738187290000000 2020  9  4 11:12:45.401186048985 28246408.9 -24424.1 -8.639328e-004
   16265 1463.908309570000000 2020  9  4 11:12:46.571326553822 28246228.4 -24604.6 -8.703175e-004
   16284 1465.618226999999900 2020  9  4 11:12:48.281234800816 28246005.4 -24827.6 -8.782055e-004
   16296 1466.698136289999600 2020  9  4 11:12:49.361132383347 28245841.5 -24991.5 -8.840030e-004
   16300 1467.058158569999900 2020  9  4 11:12:49.721138477325 28245790.6 -25042.4 -8.858034e-004
   16313 1468.228182430000100 2020  9  4 11:12:50.891198515892 28245635.7 -25197.3 -8.912825e-004
   16332 1469.938265860000200 2020  9  4 11:12:52.601267695427 28245382.3 -25450.7 -9.002458e-004
   16344 1471.018200140000100 2020  9  4 11:12:53.681205511093 28245249.0 -25584.0 -9.049610e-004
   16361 1472.548518289999900 2020  9  4 11:12:55.211513042450 28245039.2 -25793.8 -9.123820e-004
   16380 1474.258335430000000 2020  9  4 11:12:56.921340823174 28244822.3 -26010.7 -9.200542e-004
   16391 1475.248401430000100 2020  9  4 11:12:57.911397814751 28244691.7 -26141.3 -9.246739e-004
   16392 1475.338274140000100 2020  9  4 11:12:58.001278638840 28244680.2 -26152.8 -9.250806e-004
   16409 1476.868323429999900 2020  9  4 11:12:59.531304538250 28244488.8 -26344.2 -9.318509e-004
   16428 1478.578358430000000 2020  9  4 11:13:01.241373717785 28244295.6 -26537.4 -9.386848e-004
   16440 1479.658338569999600 2020  9  4 11:13:02.321351766586 28244147.8 -26685.2 -9.439128e-004
   16457 1481.188401859999900 2020  9  4 11:13:03.851417899132 28243968.2 -26864.8 -9.502656e-004
   16488 1483.978417140000100 2020  9  4 11:13:06.641424894333 28243646.4 -27186.6 -9.616484e-004
   16495 1484.608439999999700 2020  9  4 11:13:07.271435558796 28243575.7 -27257.3 -9.641492e-004
   16505 1485.508456430000000 2020  9  4 11:13:08.171450793743 28243474.6 -27358.4 -9.677253e-004
