     211 19.017551290000004 2020  9  2 01:48:10.701560676098 28305180.0 34347.0 1.214927e-003
     451 40.616986140000002 2020  9  2 01:48:32.301000952721 28304655.0 33822.0 1.196357e-003
     481 43.316919290000001 2020  9  2 01:48:35.000925958157 28304580.0 33747.0 1.193704e-003
     499 44.936875430000001 2020  9  2 01:48:36.620872914791 28304525.0 33692.0 1.191758e-003
     529 47.636812140000011 2020  9  2 01:48:39.320797920227 28304440.0 33607.0 1.188752e-003
     547 49.256801140000000 2020  9  2 01:48:40.940785109997 28304405.0 33572.0 1.187514e-003
     595 53.576659140000004 2020  9  2 01:48:45.260657072067 28304260.0 33427.0 1.182385e-003
     625 56.276631569999999 2020  9  2 01:48:47.960622310638 28304185.0 33352.0 1.179732e-003
     643 57.896605710000003 2020  9  2 01:48:49.580609500408 28304100.0 33267.0 1.176725e-003
     673 60.596532570000008 2020  9  2 01:48:52.280534505844 28304030.0 33197.0 1.174249e-003
     691 62.216496999999997 2020  9  2 01:48:53.900481462479 28303965.0 33132.0 1.171950e-003
     721 64.916445430000010 2020  9  2 01:48:56.600446701050 28303860.0 33027.0 1.168236e-003
     739 66.536405000000002 2020  9  2 01:48:58.220393657684 28303795.0 32962.0 1.165937e-003
     769 69.236368429999999 2020  9  2 01:49:00.920358896255 28303690.0 32857.0 1.162223e-003
     787 70.856314290000000 2020  9  2 01:49:02.540305852890 28303640.0 32807.0 1.160454e-003
     817 73.556425290000007 2020  9  2 01:49:05.240432024002 28303520.0 32687.0 1.156209e-003
     835 75.176229999999990 2020  9  2 01:49:06.860218048096 28303465.0 32632.0 1.154264e-003
     865 77.876197139999988 2020  9  2 01:49:09.560183286667 28303345.0 32512.0 1.150019e-003
     883 79.496148860000005 2020  9  2 01:49:11.180130243301 28303265.0 32432.0 1.147189e-003
     913 82.196106860000000 2020  9  2 01:49:13.880095481873 28303150.0 32317.0 1.143122e-003
     931 83.816059140000007 2020  9  2 01:49:15.500042438507 28303075.0 32242.0 1.140469e-003
     961 86.516030430000001 2020  9  2 01:49:18.200047910213 28302950.0 32117.0 1.136047e-003
     979 88.135964860000001 2020  9  2 01:49:19.819954633713 28302870.0 32037.0 1.133217e-003
    1009 90.836051139999995 2020  9  2 01:49:22.520040571690 28302740.0 31907.0 1.128619e-003
    1027 92.455881859999991 2020  9  2 01:49:24.139866828918 28302640.0 31807.0 1.125082e-003
    1057 95.155966139999990 2020  9  2 01:49:26.839952766895 28302500.0 31667.0 1.120130e-003
    1075 96.775796429999986 2020  9  2 01:49:28.459779024124 28302420.0 31587.0 1.117300e-003
    1105 99.476084430000000 2020  9  2 01:49:31.160066127777 28302275.0 31442.0 1.112171e-003
    1123 101.095716139999990 2020  9  2 01:49:32.779731452465 28302170.0 31337.0 1.108457e-003
    1153 103.795705709999990 2020  9  2 01:49:35.479696691036 28302015.0 31182.0 1.102974e-003
    1171 105.415624570000020 2020  9  2 01:49:37.099643647671 28301900.0 31067.0 1.098906e-003
    1219 109.735545860000000 2020  9  2 01:49:41.419555842876 28301640.0 30807.0 1.089710e-003
    1267 114.055465000000000 2020  9  2 01:49:45.739468038082 28301355.0 30522.0 1.079629e-003
    1303 117.295429290000020 2020  9  2 01:49:48.979442417622 28301140.0 30307.0 1.072024e-003
    1315 118.375382289999980 2020  9  2 01:49:50.059380233288 28301045.0 30212.0 1.068663e-003
    1329 119.635560290000000 2020  9  2 01:49:51.319562494755 28300950.0 30117.0 1.065303e-003
    1345 121.075408569999980 2020  9  2 01:49:52.759425938129 28300865.0 30032.0 1.062296e-003
    1351 121.615344290000000 2020  9  2 01:49:53.299354612827 28300805.0 29972.0 1.060174e-003
    1363 122.695306999999990 2020  9  2 01:49:54.379292428494 28300730.0 29897.0 1.057521e-003
    1377 123.955452569999990 2020  9  2 01:49:55.639434456825 28300620.0 29787.0 1.053630e-003
    1399 125.935257000000010 2020  9  2 01:49:57.619266808033 28300475.0 29642.0 1.048501e-003
    1411 127.015226290000020 2020  9  2 01:49:58.699244856834 28300385.0 29552.0 1.045318e-003
    1425 128.275210709999980 2020  9  2 01:49:59.959225952625 28300280.0 29447.0 1.041604e-003
    1447 130.255168570000000 2020  9  2 01:50:01.939179003239 28300125.0 29292.0 1.036121e-003
    1459 131.335149710000020 2020  9  2 01:50:03.019157052040 28300020.0 29187.0 1.032407e-003
    1473 132.595137430000020 2020  9  2 01:50:04.279138147831 28299915.0 29082.0 1.028693e-003
    1495 134.575100569999990 2020  9  2 01:50:06.259091198444 28299750.0 28917.0 1.022856e-003
    1507 135.655073859999990 2020  9  2 01:50:07.339069247246 28299645.0 28812.0 1.019142e-003
    1521 136.915061859999980 2020  9  2 01:50:08.599050343037 28299525.0 28692.0 1.014898e-003
    1543 138.895018430000020 2020  9  2 01:50:10.579003393650 28299350.0 28517.0 1.008707e-003
    1555 139.974996430000000 2020  9  2 01:50:11.658981442451 28299245.0 28412.0 1.004993e-003
    1569 141.234996569999990 2020  9  2 01:50:12.919002771378 28299120.0 28287.0 1.000572e-003
    1591 143.214954999999950 2020  9  2 01:50:14.898955821991 28298935.0 28102.0 9.940280e-004
    1603 144.294932859999990 2020  9  2 01:50:15.978933870792 28298820.0 27987.0 9.899602e-004
    1617 145.554913289999970 2020  9  2 01:50:17.238914966583 28298675.0 27842.0 9.848313e-004
    1639 147.534879289999960 2020  9  2 01:50:19.218868017197 28298480.0 27647.0 9.779337e-004
    1651 148.614857569999970 2020  9  2 01:50:20.298846065998 28298365.0 27532.0 9.738659e-004
    1665 149.874829710000000 2020  9  2 01:50:21.558827161789 28298230.0 27397.0 9.690907e-004
    1687 151.854798570000010 2020  9  2 01:50:23.538780212402 28298005.0 27172.0 9.611319e-004
    1699 152.934784999999980 2020  9  2 01:50:24.618798494339 28297880.0 27047.0 9.567104e-004
    1713 154.194757569999980 2020  9  2 01:50:25.878739356995 28297740.0 26907.0 9.517583e-004
    1735 156.174719139999980 2020  9  2 01:50:27.858732640743 28297505.0 26672.0 9.434458e-004
    1761 158.514686709999980 2020  9  2 01:50:30.198691785336 28297215.0 26382.0 9.331879e-004
    1783 160.494658999999980 2020  9  2 01:50:32.178644835949 28296980.0 26147.0 9.248755e-004
    1809 162.834621860000000 2020  9  2 01:50:34.518603980541 28296670.0 25837.0 9.139101e-004
    1831 164.814591709999970 2020  9  2 01:50:36.498597264290 28296415.0 25582.0 9.048902e-004
    1850 166.524573429999980 2020  9  2 01:50:38.208585977554 28296185.0 25352.0 8.967546e-004
    1857 167.154562569999970 2020  9  2 01:50:38.838556408882 28296100.0 25267.0 8.937480e-004
    1879 169.134517429999990 2020  9  2 01:50:40.818509459496 28295820.0 24987.0 8.838438e-004
    1898 170.844504429999970 2020  9  2 01:50:42.528498172760 28295585.0 24752.0 8.755313e-004
    1905 171.474486860000010 2020  9  2 01:50:43.158468604088 28295480.0 24647.0 8.718173e-004
    1927 173.454453289999980 2020  9  2 01:50:45.138461887836 28295190.0 24357.0 8.615593e-004
    1946 175.164448430000020 2020  9  2 01:50:46.848450601101 28294945.0 24112.0 8.528932e-004
    1953 175.794417860000010 2020  9  2 01:50:47.478421032429 28294845.0 24012.0 8.493559e-004
    1975 177.774390709999980 2020  9  2 01:50:49.458374083042 28294530.0 23697.0 8.382137e-004
    1994 179.484375289999970 2020  9  2 01:50:51.168362796307 28294255.0 23422.0 8.284864e-004
    2001 180.114371859999980 2020  9  2 01:50:51.798373460770 28294140.0 23307.0 8.244186e-004
    2023 182.094340000000020 2020  9  2 01:50:53.778326511383 28293830.0 22997.0 8.134532e-004
    2042 183.804304000000000 2020  9  2 01:50:55.488315224648 28293535.0 22702.0 8.030184e-004
    2049 184.434373859999990 2020  9  2 01:50:56.118366122246 28293430.0 22597.0 7.993044e-004
    2071 186.414273289999950 2020  9  2 01:50:58.098278939724 28293095.0 22262.0 7.874547e-004
    2090 188.124241289999990 2020  9  2 01:50:59.808227419853 28292785.0 21952.0 7.764893e-004
    2097 188.754246140000020 2020  9  2 01:51:00.438238084316 28292675.0 21842.0 7.725984e-004
    2138 192.444180709999980 2020  9  2 01:51:04.128179848194 28291985.0 21152.0 7.481916e-004
    2145 193.074195859999970 2020  9  2 01:51:04.758190512657 28291865.0 21032.0 7.439470e-004
    2186 196.764121999999990 2020  9  2 01:51:08.448132276535 28291150.0 20317.0 7.186559e-004
    2193 197.394160570000000 2020  9  2 01:51:09.078142940998 28291015.0 20182.0 7.138806e-004
    2215 199.374161999999980 2020  9  2 01:51:11.058176457882 28290620.0 19787.0 6.999086e-004
    2234 201.084077860000010 2020  9  2 01:51:12.768084704876 28290265.0 19432.0 6.873515e-004
    2263 203.694047430000010 2020  9  2 01:51:15.378048419952 28289705.0 18872.0 6.675431e-004
    2282 205.404020289999980 2020  9  2 01:51:17.088037133217 28289330.0 18497.0 6.542786e-004
    2289 206.034260859999990 2020  9  2 01:51:17.718248963356 28289210.0 18377.0 6.500339e-004
    2311 208.014015289999950 2020  9  2 01:51:19.698000848293 28288755.0 17922.0 6.339396e-004
    2330 209.723975859999970 2020  9  2 01:51:21.407989561558 28288355.0 17522.0 6.197907e-004
    2359 212.333961289999960 2020  9  2 01:51:24.017953276634 28287740.0 16907.0 5.980369e-004
    2378 214.043934859999980 2020  9  2 01:51:25.727941989899 28287335.0 16502.0 5.837111e-004
    2426 218.363890140000000 2020  9  2 01:51:30.047894418240 28286265.0 15432.0 5.458629e-004
    2440 219.624109860000000 2020  9  2 01:51:31.308116912842 28285945.0 15112.0 5.345439e-004
    2474 222.683852569999970 2020  9  2 01:51:34.367846846581 28285155.0 14322.0 5.065999e-004
    2522 227.003817709999990 2020  9  2 01:51:38.687799274921 28283995.0 13162.0 4.655682e-004
    2570 231.323780570000000 2020  9  2 01:51:43.007791936398 28282800.0 11967.0 4.232985e-004
    2584 232.583982139999990 2020  9  2 01:51:44.267974197865 28282450.0 11617.0 4.109182e-004
    2599 233.933785859999970 2020  9  2 01:51:45.617795884609 28282045.0 11212.0 3.965925e-004
    2618 235.643749709999980 2020  9  2 01:51:47.327744364738 28281560.0 10727.0 3.794370e-004
    2632 236.903769709999980 2020  9  2 01:51:48.587765693665 28281200.0 10367.0 3.667030e-004
    2647 238.253747000000000 2020  9  2 01:51:49.937748312950 28280785.0 9952.0 3.520236e-004
    2665 239.874313430000000 2020  9  2 01:51:51.558298766613 28280320.0 9487.0 3.355755e-004
    2666 239.963730140000000 2020  9  2 01:51:51.647737026215 28280275.0 9442.0 3.339838e-004
    2680 241.223730139999990 2020  9  2 01:51:52.907718122005 28279905.0 9072.0 3.208961e-004
    2714 244.283726000000000 2020  9  2 01:51:55.967729687691 28278955.0 8122.0 2.872926e-004
    2728 245.543700999999970 2020  9  2 01:51:57.227710783482 28278580.0 7747.0 2.740280e-004
    2762 248.603698289999950 2020  9  2 01:52:00.287682116032 28277620.0 6787.0 2.400707e-004
    2776 249.863666569999990 2020  9  2 01:52:01.547663211823 28277225.0 6392.0 2.260987e-004
    2805 252.473831139999990 2020  9  2 01:52:04.157828092575 28276410.0 5577.0 1.972705e-004
    2810 252.923714859999990 2020  9  2 01:52:04.607715010643 28276250.0 5417.0 1.916109e-004
    2820 253.823736000000030 2020  9  2 01:52:05.507730245590 28275970.0 5137.0 1.817067e-004
    2823 254.093735429999980 2020  9  2 01:52:05.777734816074 28275865.0 5032.0 1.779926e-004
    2824 254.183657289999960 2020  9  2 01:52:05.867655873299 28275845.0 5012.0 1.772852e-004
    2858 257.243667140000010 2020  9  2 01:52:08.927667438984 28274855.0 4022.0 1.422668e-004
    2872 258.503648290000000 2020  9  2 01:52:10.187648534775 28274445.0 3612.0 1.277642e-004
    2906 261.563675139999990 2020  9  2 01:52:13.247660100460 28273440.0 2607.0 9.221518e-005
    2920 262.823637569999960 2020  9  2 01:52:14.507641196251 28273035.0 2202.0 7.788946e-005
    2943 264.893752709999940 2020  9  2 01:52:16.577756702900 28272335.0 1502.0 5.312896e-005
    2968 267.143639140000000 2020  9  2 01:52:18.827633857727 28271605.0  772.0 2.730730e-005
    2997 269.753664570000010 2020  9  2 01:52:21.437678039074 28270745.0  -88.0 -3.112749e-006
    3016 271.463633859999960 2020  9  2 01:52:23.147626519203 28270175.0 -658.0 -2.327487e-005
    3064 275.783642709999980 2020  9  2 01:52:27.467659413815 28268755.0 -2078.0 -7.350332e-005
    3084 277.583746139999960 2020  9  2 01:52:29.267730116844 28268160.0 -2673.0 -9.454974e-005
    3112 280.103657860000000 2020  9  2 01:52:31.787652075291 28267340.0 -3493.0 -1.235549e-004
    3145 283.073662290000020 2020  9  2 01:52:34.757662117481 28266390.0 -4443.0 -1.571584e-004
    3160 284.423665139999970 2020  9  2 01:52:36.107684969902 28265945.0 -4888.0 -1.728990e-004
    3161 284.513683140000010 2020  9  2 01:52:36.197686493397 28265895.0 -4938.0 -1.746677e-004
    3180 286.223858569999950 2020  9  2 01:52:37.907876372337 28265365.0 -5468.0 -1.934149e-004
    3193 287.393674429999980 2020  9  2 01:52:39.077654778957 28264995.0 -5838.0 -2.065026e-004
    3208 288.743674000000000 2020  9  2 01:52:40.427677631378 28264565.0 -6268.0 -2.217126e-004
    3237 291.353738139999960 2020  9  2 01:52:43.037721812725 28263745.0 -7088.0 -2.507178e-004
    3241 291.713681710000000 2020  9  2 01:52:43.397687673569 28263625.0 -7208.0 -2.549624e-004
    3250 292.524066570000000 2020  9  2 01:52:44.208063483238 28263375.0 -7458.0 -2.638055e-004
    3256 293.063707429999970 2020  9  2 01:52:44.747710525990 28263215.0 -7618.0 -2.694650e-004
    3285 295.673857140000000 2020  9  2 01:52:47.357875406742 28262410.0 -8423.0 -2.979396e-004
    3289 296.033706289999940 2020  9  2 01:52:47.717720568180 28262290.0 -8543.0 -3.021842e-004
    3298 296.843891140000040 2020  9  2 01:52:48.527895212173 28262055.0 -8778.0 -3.104967e-004
    3337 300.353723430000000 2020  9  2 01:52:52.037713229656 28260985.0 -9848.0 -3.483449e-004
    3346 301.164022710000040 2020  9  2 01:52:52.848008573055 28260755.0 -10078.0 -3.564805e-004
    3376 303.864136289999980 2020  9  2 01:52:55.548134744167 28259945.0 -10888.0 -3.851319e-004
    3385 304.673758139999960 2020  9  2 01:52:56.357746124268 28259715.0 -11118.0 -3.932675e-004
    3386 304.763832139999980 2020  9  2 01:52:56.447828114033 28259700.0 -11133.0 -3.937981e-004
    3397 305.754435570000000 2020  9  2 01:52:57.438448369503 28259400.0 -11433.0 -4.044097e-004
    3414 307.283813139999950 2020  9  2 01:52:58.967830538750 28258970.0 -11863.0 -4.196198e-004
    3433 308.993790859999930 2020  9  2 01:53:00.677779018879 28258495.0 -12338.0 -4.364215e-004
    3445 310.073809999999980 2020  9  2 01:53:01.757797300816 28258195.0 -12638.0 -4.470332e-004
    3462 311.603895710000020 2020  9  2 01:53:03.287903666496 28257770.0 -13063.0 -4.620663e-004
    3477 312.953838289999960 2020  9  2 01:53:04.637846052647 28257395.0 -13438.0 -4.753309e-004
    3481 313.313822000000020 2020  9  2 01:53:04.997811913490 28257305.0 -13528.0 -4.785144e-004
    3493 314.393858139999960 2020  9  2 01:53:06.077870428562 28257015.0 -13818.0 -4.887723e-004
    3506 315.564040140000030 2020  9  2 01:53:07.248051166534 28256690.0 -14143.0 -5.002682e-004
    3525 317.273905999999950 2020  9  2 01:53:08.957919180393 28256255.0 -14578.0 -5.156551e-004
    3529 317.633866570000010 2020  9  2 01:53:09.317885041237 28256160.0 -14673.0 -5.190155e-004
    3541 318.713895569999980 2020  9  2 01:53:10.397903323174 28255895.0 -14938.0 -5.283891e-004
    3554 319.883902139999980 2020  9  2 01:53:11.567882895470 28255565.0 -15268.0 -5.400619e-004
    3555 319.974421860000010 2020  9  2 01:53:11.658407449722 28255570.0 -15263.0 -5.398850e-004
    3577 321.953905709999960 2020  9  2 01:53:13.637917935848 28255065.0 -15768.0 -5.577480e-004
    3589 323.033917289999920 2020  9  2 01:53:14.717936217785 28254805.0 -16028.0 -5.669447e-004
    3625 326.273940859999980 2020  9  2 01:53:17.957950830460 28254015.0 -16818.0 -5.948887e-004
    3634 327.083956999999940 2020  9  2 01:53:18.767964541912 28253815.0 -17018.0 -6.019632e-004
    3637 327.354096140000020 2020  9  2 01:53:19.038089811802 28253755.0 -17078.0 -6.040855e-004
    3651 328.614319709999960 2020  9  2 01:53:20.298312306404 28253475.0 -17358.0 -6.139897e-004
    3654 328.883985860000000 2020  9  2 01:53:20.567995011806 28253400.0 -17433.0 -6.166426e-004
    3673 330.593988429999970 2020  9  2 01:53:22.277983725071 28253005.0 -17828.0 -6.306146e-004
    3682 331.404147569999960 2020  9  2 01:53:23.088158369064 28252805.0 -18028.0 -6.376890e-004
    3685 331.674029140000020 2020  9  2 01:53:23.358042240143 28252770.0 -18063.0 -6.389271e-004
    3696 332.664276430000030 2020  9  2 01:53:24.348260164261 28252525.0 -18308.0 -6.475932e-004
    3702 333.204042000000020 2020  9  2 01:53:24.888027906418 28252420.0 -18413.0 -6.513073e-004
    3721 334.914038139999950 2020  9  2 01:53:26.598056852818 28252040.0 -18793.0 -6.647487e-004
    3730 335.724223430000000 2020  9  2 01:53:27.408231496811 28251880.0 -18953.0 -6.704083e-004
    3733 335.994052999999950 2020  9  2 01:53:27.678034901619 28251805.0 -19028.0 -6.730612e-004
    3750 337.524079709999970 2020  9  2 01:53:29.208060801029 28251495.0 -19338.0 -6.840265e-004
    3769 339.234106859999940 2020  9  2 01:53:30.918089747429 28251130.0 -19703.0 -6.969374e-004
    3781 340.314115429999960 2020  9  2 01:53:31.998108029366 28250915.0 -19918.0 -7.045424e-004
    3798 341.844258860000020 2020  9  2 01:53:33.528254628181 28250600.0 -20233.0 -7.156846e-004
    3817 343.554149999999990 2020  9  2 01:53:35.238162875175 28250265.0 -20568.0 -7.275343e-004
    3826 344.364221570000040 2020  9  2 01:53:36.048216819763 28250130.0 -20703.0 -7.323095e-004
    3829 344.634156569999960 2020  9  2 01:53:36.318140923977 28250050.0 -20783.0 -7.351393e-004
    3843 345.894246710000000 2020  9  2 01:53:37.578242719173 28249815.0 -21018.0 -7.434517e-004
    3846 346.164194570000010 2020  9  2 01:53:37.848207056522 28249755.0 -21078.0 -7.455741e-004
    3865 347.874199139999970 2020  9  2 01:53:39.558195769787 28249435.0 -21398.0 -7.568932e-004
    3877 348.954215429999980 2020  9  2 01:53:40.638214051723 28249235.0 -21598.0 -7.639676e-004
    3891 350.214240430000020 2020  9  2 01:53:41.898235380650 28249000.0 -21833.0 -7.722800e-004
    3894 350.484258709999950 2020  9  2 01:53:42.168239951134 28248960.0 -21873.0 -7.736949e-004
    3909 351.834667140000020 2020  9  2 01:53:43.518665134907 28248725.0 -22108.0 -7.820074e-004
    3913 352.194272430000010 2020  9  2 01:53:43.878268897533 28248650.0 -22183.0 -7.846603e-004
    3925 353.274267860000010 2020  9  2 01:53:44.958287179470 28248455.0 -22378.0 -7.915579e-004
    3939 354.534313709999940 2020  9  2 01:53:46.218308508396 28248245.0 -22588.0 -7.989860e-004
    3942 354.804445710000040 2020  9  2 01:53:46.488433778286 28248185.0 -22648.0 -8.011083e-004
    3961 356.514326139999980 2020  9  2 01:53:48.198342025280 28247895.0 -22938.0 -8.113663e-004
    3973 357.594335139999940 2020  9  2 01:53:49.278320074081 28247720.0 -23113.0 -8.175564e-004
    3987 358.854389860000030 2020  9  2 01:53:50.538381636143 28247505.0 -23328.0 -8.251614e-004
    3990 359.124421430000040 2020  9  2 01:53:50.808426439762 28247480.0 -23353.0 -8.260457e-004
    4009 360.834454999999990 2020  9  2 01:53:52.518455386162 28247200.0 -23633.0 -8.359499e-004
    4021 361.914400710000000 2020  9  2 01:53:53.598393201828 28247035.0 -23798.0 -8.417863e-004
    4035 363.174429290000030 2020  9  2 01:53:54.858414530754 28246840.0 -23993.0 -8.486839e-004
    4038 363.444432860000010 2020  9  2 01:53:55.128419101238 28246800.0 -24033.0 -8.500988e-004
    4057 365.154462430000080 2020  9  2 01:53:56.838448047638 28246535.0 -24298.0 -8.594724e-004
    4069 366.234469139999990 2020  9  2 01:53:57.918466329575 28246375.0 -24458.0 -8.651319e-004
    4086 367.764485430000040 2020  9  2 01:53:59.448492228985 28246145.0 -24688.0 -8.732675e-004
    4098 368.844524860000040 2020  9  2 01:54:00.528510510921 28245990.0 -24843.0 -8.787502e-004
    4105 369.474524569999970 2020  9  2 01:54:01.158521175385 28245915.0 -24918.0 -8.814031e-004
    4117 370.554527430000010 2020  9  2 01:54:02.238539457321 28245755.0 -25078.0 -8.870626e-004
    4126 371.364577290000000 2020  9  2 01:54:03.048593401909 28245620.0 -25213.0 -8.918379e-004
    4134 372.084551999999970 2020  9  2 01:54:03.768565356731 28245545.0 -25288.0 -8.944908e-004
    4165 374.874599429999990 2020  9  2 01:54:06.558612585068 28245160.0 -25673.0 -9.081091e-004
    4182 376.404621710000010 2020  9  2 01:54:08.088638484478 28244965.0 -25868.0 -9.150066e-004
    4194 377.485286709999970 2020  9  2 01:54:09.169300496578 28244820.0 -26013.0 -9.201356e-004
    4213 379.194673290000030 2020  9  2 01:54:10.878685712814 28244605.0 -26228.0 -9.277406e-004
    4230 380.724701289999980 2020  9  2 01:54:12.408711612225 28244420.0 -26413.0 -9.342845e-004
    4261 383.514736709999970 2020  9  2 01:54:15.198718607426 28244085.0 -26748.0 -9.461341e-004
    4270 384.325496999999980 2020  9  2 01:54:16.009496748447 28243995.0 -26838.0 -9.493176e-004
    4278 385.044761000000050 2020  9  2 01:54:16.728744506836 28243915.0 -26918.0 -9.521474e-004
    4309 387.834804570000020 2020  9  2 01:54:19.518791735172 28243590.0 -27243.0 -9.636433e-004
    4323 389.094858859999990 2020  9  2 01:54:20.778853297234 28243460.0 -27373.0 -9.682417e-004
    4326 389.364828000000050 2020  9  2 01:54:21.048817634583 28243425.0 -27408.0 -9.694797e-004
    4357 392.154880860000110 2020  9  2 01:54:23.838864862919 28243125.0 -27708.0 -9.800914e-004
    4371 393.414907569999970 2020  9  2 01:54:25.098926424980 28242995.0 -27838.0 -9.846898e-004
    4374 393.684907140000010 2020  9  2 01:54:25.368890762329 28242965.0 -27868.0 -9.857509e-004
    4405 396.474961430000010 2020  9  2 01:54:28.158978223801 28242690.0 -28143.0 -9.954783e-004
    4414 397.285059569999930 2020  9  2 01:54:28.969072401524 28242600.0 -28233.0 -9.986618e-004
    4419 397.734974289999970 2020  9  2 01:54:29.418959319592 28242570.0 -28263.0 -9.997229e-004
    4422 398.004980710000040 2020  9  2 01:54:29.688963890076 28242535.0 -28298.0 -1.000961e-003
    4453 400.795040289999970 2020  9  2 01:54:32.479051351547 28242265.0 -28568.0 -1.010511e-003
    4467 402.055048000000000 2020  9  2 01:54:33.739032447338 28242155.0 -28678.0 -1.014402e-003
    4470 402.325068709999980 2020  9  2 01:54:34.009077250957 28242120.0 -28713.0 -1.015640e-003
    4501 405.115257859999990 2020  9  2 01:54:36.799245178699 28241870.0 -28963.0 -1.024483e-003
    4515 406.375125569999970 2020  9  2 01:54:38.059105575085 28241755.0 -29078.0 -1.028551e-003
    4518 406.645138429999970 2020  9  2 01:54:38.329150378704 28241740.0 -29093.0 -1.029082e-003
    4549 409.435189289999930 2020  9  2 01:54:41.119197607040 28241505.0 -29328.0 -1.037394e-003
    4563 410.695202709999990 2020  9  2 01:54:42.379218935966 28241400.0 -29433.0 -1.041108e-003
    4566 410.965214289999950 2020  9  2 01:54:42.649223506451 28241375.0 -29458.0 -1.041993e-003
    4597 413.755534429999950 2020  9  2 01:54:45.439552366734 28241155.0 -29678.0 -1.049775e-003
    4611 415.015280140000020 2020  9  2 01:54:46.699292063713 28241050.0 -29783.0 -1.053489e-003
    4614 415.285286289999990 2020  9  2 01:54:46.969296634197 28241030.0 -29803.0 -1.054196e-003
    4645 418.075357709999930 2020  9  2 01:54:49.759343862534 28240820.0 -30013.0 -1.061624e-003
    4659 419.335365289999970 2020  9  2 01:54:51.019365191460 28240725.0 -30108.0 -1.064985e-003
    4662 419.605382290000020 2020  9  2 01:54:51.289369761944 28240710.0 -30123.0 -1.065515e-003
    4693 422.395436709999960 2020  9  2 01:54:54.079416990280 28240510.0 -30323.0 -1.072590e-003
    4707 423.655442860000050 2020  9  2 01:54:55.339438319206 28240410.0 -30423.0 -1.076127e-003
    4710 423.925453709999940 2020  9  2 01:54:55.609442889690 28240395.0 -30438.0 -1.076657e-003
    4741 426.715559859999930 2020  9  2 01:54:58.399570584297 28240205.0 -30628.0 -1.083378e-003
    4755 427.975515859999920 2020  9  2 01:54:59.659511446953 28240125.0 -30708.0 -1.086208e-003
    4758 428.245537859999960 2020  9  2 01:54:59.929556250572 28240100.0 -30733.0 -1.087092e-003
    4789 431.035600999999990 2020  9  2 01:55:02.719603478909 28239960.0 -30873.0 -1.092044e-003
    4803 432.295608999999960 2020  9  2 01:55:03.979624807835 28239840.0 -30993.0 -1.096289e-003
    4806 432.565647860000010 2020  9  2 01:55:04.249629378319 28239825.0 -31008.0 -1.096819e-003
    4851 436.615699000000010 2020  9  2 01:55:08.299697935581 28239580.0 -31253.0 -1.105486e-003
    4899 440.935777289999920 2020  9  2 01:55:12.619771063328 28239325.0 -31508.0 -1.114506e-003
    4947 445.255855430000000 2020  9  2 01:55:16.939844191074 28239095.0 -31738.0 -1.122641e-003
    4995 449.575936569999950 2020  9  2 01:55:21.259917318821 28238880.0 -31953.0 -1.130246e-003
    5043 453.896018569999910 2020  9  2 01:55:25.580030679703 28238665.0 -32168.0 -1.137851e-003
    5084 457.586125709999920 2020  9  2 01:55:29.270133376122 28238500.0 -32333.0 -1.143688e-003
    5091 458.216104709999910 2020  9  2 01:55:29.900103807449 28238470.0 -32363.0 -1.144749e-003
    5132 461.906508859999920 2020  9  2 01:55:33.590528368950 28238300.0 -32533.0 -1.150762e-003
    5139 462.536194859999910 2020  9  2 01:55:34.220176935196 28238280.0 -32553.0 -1.151469e-003
    5187 466.856287290000010 2020  9  2 01:55:38.540290296078 28238095.0 -32738.0 -1.158013e-003
    5235 471.176383569999980 2020  9  2 01:55:42.860403656960 28237935.0 -32898.0 -1.163673e-003
    5283 475.496459999999960 2020  9  2 01:55:47.180476784706 28237765.0 -33068.0 -1.169686e-003
    5379 484.136659569999950 2020  9  2 01:55:55.820663273335 28237465.0 -33368.0 -1.180298e-003
    5420 487.826993859999960 2020  9  2 01:55:59.511007368565 28237355.0 -33478.0 -1.184189e-003
    5427 488.456726709999940 2020  9  2 01:56:00.140736401081 28237330.0 -33503.0 -1.185073e-003
    5468 492.147048570000040 2020  9  2 01:56:03.831040263176 28237205.0 -33628.0 -1.189494e-003
    5475 492.776809569999950 2020  9  2 01:56:04.460809528828 28237200.0 -33633.0 -1.189671e-003
    5523 497.096932429999920 2020  9  2 01:56:08.780922889709 28237075.0 -33758.0 -1.194093e-003
    5571 501.417056429999950 2020  9  2 01:56:13.101076483727 28236975.0 -33858.0 -1.197630e-003
    5619 505.737098569999940 2020  9  2 01:56:17.421109378338 28236845.0 -33988.0 -1.202228e-003
    5667 510.057180860000020 2020  9  2 01:56:21.741182506084 28236730.0 -34103.0 -1.206296e-003
    5715 514.377309709999960 2020  9  2 01:56:26.061295866966 28236625.0 -34208.0 -1.210010e-003
    5907 531.657649569999990 2020  9  2 01:56:43.341668844223 28236250.0 -34583.0 -1.223275e-003
    6003 540.297864140000000 2020  9  2 01:56:51.981855332851 28236115.0 -34718.0 -1.228050e-003
    6051 544.617924570000010 2020  9  2 01:56:56.301928460598 28236040.0 -34793.0 -1.230703e-003
