2020-09-16 17:05:08 (261) 0.00000000 0.00000000 0.00000000 0.00000000 0.00000000 0.00000000 0
2020-09-16 17:05:09 (262) 0.00000000 0.00000000 0.00000000 0.00000000 0.00000000 0.00000000 0
2020-09-16 17:05:10 (263) 0.00000000 0.00000000 0.00000000 0.00000000 0.00000000 0.00000000 0
2020-09-16 17:05:11 (264) 0.00000000 0.00000000 0.00000000 0.00000000 0.00000000 0.00000000 0
2020-09-16 17:05:12 (265) 0.00000000 0.00000000 0.00000000 0.00000000 0.00000000 0.00000000 0
2020-09-16 17:05:13 (266) 0.00000000 0.00000000 0.00000000 0.00000000 0.00000000 0.00000000 0
2020-09-16 17:05:14 (267) 0.00000000 0.00000000 0.00000000 0.00000000 0.00000000 0.00000000 0
2020-09-16 17:05:15 (268) 0.00000000 0.00000000 0.00000000 0.00000000 0.00000000 0.00000000 0
2020-09-16 17:05:16 (269) 0.00000000 0.00000000 0.00000000 0.00000000 0.00000000 0.00000000 0
2020-09-16 17:05:17 (270) 0.00000000 0.00000000 0.00000000 0.00000000 0.00000000 0.00000000 0
2020-09-16 17:05:18 (271) 0.00000000 0.00000000 0.00000000 0.00000000 0.00000000 0.00000000 0
2020-09-16 17:05:19 (272) 0.00000000 0.00000000 0.00000000 0.00000000 0.00000000 0.00000000 0
2020-09-16 17:05:20 (273) 0.00000000 0.00000000 0.00000000 0.00000000 0.00000000 0.00000000 0
2020-09-16 17:05:21 (274) 0.00000000 0.00000000 0.00000000 0.00000000 0.00000000 0.00000000 0
2020-09-16 17:05:22 (275) 0.00000000 0.00000000 0.00000000 0.00000000 0.00000000 0.00000000 0
2020-09-16 17:05:23 (276) 0.00000000 0.00000000 0.00000000 0.00000000 0.00000000 0.00000000 0
2020-09-16 17:05:25 (277) 0.00000000 0.00000000 0.00000000 0.00000000 0.00000000 0.00000000 0
