    6811 613.018959290000000 2020 10  5 04:37:21.762976348400 28305053.0 34220.0 1.210435e-003
    8674 780.685642430000030 2020 10  5 04:40:09.429658949375 28299441.4 28608.4 1.011940e-003
    9365 842.874611570000070 2020 10  5 04:41:11.618619561195 28293597.0 22764.0 8.052115e-004
    9634 867.084294430000000 2020 10  5 04:41:35.828305184841 28290182.5 19349.5 6.844333e-004
   10008 900.743987140000060 2020 10  5 04:42:09.487989842892 28284127.6 13294.6 4.702585e-004
   10525 947.273871430000210 2020 10  5 04:42:56.017852127552 28273545.4 2712.4 9.594341e-005
   10654 958.883750570000190 2020 10  5 04:43:07.627767026424 28270696.6 -136.4 -4.824761e-006
   10973 987.594265289999950 2020 10  5 04:43:36.338253021240 28263740.5 -7092.5 -2.508769e-004
   11258 1013.243969290000000 2020 10  5 04:44:01.987963020802 28258080.0 -12753.0 -4.511010e-004
   11668 1050.144316289999600 2020 10  5 04:44:38.888306021690 28251377.9 -19455.1 -6.881686e-004
   12052 1084.704784000000000 2020 10  5 04:45:13.448770344257 28246744.1 -24088.9 -8.520761e-004
   12208 1098.745008140000200 2020 10  5 04:45:27.489008009434 28245247.6 -25585.4 -9.050105e-004
   13315 1198.375868860000100 2020 10  5 04:47:07.119849622250 28238995.0 -31838.0 -1.126178e-003
