    3910 351.930887859999980 2020 10  5 06:41:31.746868193150 28304640.1 33807.1 1.195830e-003
    6437 579.331985139999920 2020 10  5 06:45:19.147968292236 28288955.5 18122.5 6.410317e-004
    6908 621.793009290000100 2020 10  5 06:46:01.609013378620 28280289.3 9456.3 3.344896e-004
    7082 637.412279429999900 2020 10  5 06:46:17.228280901909 28276578.0 5745.0 2.032130e-004
    7455 671.000583570000120 2020 10  5 06:46:50.816591978073 28268037.2 -2795.8 -9.889344e-005
    7750 697.547569569999950 2020 10  5 06:47:17.363581359386 28261479.4 -9353.6 -3.308569e-004
    8237 741.410200139999920 2020 10  5 06:48:01.226187944412 28252599.1 -18233.9 -6.449722e-004
    8285 745.685115860000000 2020 10  5 06:48:05.501119494438 28251893.5 -18939.5 -6.699307e-004
    8998 809.832083859999900 2020 10  5 06:49:09.648065865040 28243988.2 -26844.8 -9.495582e-004
   11479 1033.159057710000100 2020 10  5 06:52:52.975037992001 28236156.6 -34676.4 -1.226579e-003
