    7153 643.795760140000080 2020  9  2 01:58:35.479744970798 28302795.0 31962.0 1.130564e-003
    7441 669.715256859999950 2020  9  2 01:59:01.399258375168 28301190.0 30357.0 1.073792e-003
    7761 698.514745430000060 2020  9  2 01:59:30.198740065098 28298605.0 27772.0 9.823552e-004
    8113 730.194262429999980 2020  9  2 02:00:01.878270506859 28294335.0 23502.0 8.313161e-004
    8433 758.993880430000100 2020  9  2 02:00:30.677872896194 28288575.0 17742.0 6.275726e-004
    8570 771.328038859999990 2020  9  2 02:00:43.012024462223 28283575.0 12742.0 4.507119e-004
    8700 783.027933570000070 2020  9  2 02:00:54.711940884590 28280055.0 9222.0 3.262019e-004
    8975 807.777861140000030 2020  9  2 02:01:19.461877048016 28271870.0 1037.0 3.668091e-005
    9133 821.997894709999970 2020  9  2 02:01:33.681876361370 28267005.0 -3828.0 -1.354046e-004
    9496 854.641982139999980 2020  9  2 02:02:06.325996220112 28256710.0 -14123.0 -4.995608e-004
    9899 890.911994859999940 2020  9  2 02:02:42.596006691456 28248505.0 -22328.0 -7.897893e-004
