     547 49.256801140000000 2020  9  2 01:48:40.940785109997 28304405.0 33572.0 1.187514e-003
    1303 117.295429290000020 2020  9  2 01:49:48.979442417622 28301140.0 30307.0 1.072024e-003
    1495 134.575100569999990 2020  9  2 01:50:06.259091198444 28299750.0 28917.0 1.022856e-003
    1975 177.774390709999980 2020  9  2 01:50:49.458374083042 28294530.0 23697.0 8.382137e-004
    2042 183.804304000000000 2020  9  2 01:50:55.488315224648 28293535.0 22702.0 8.030184e-004
    2632 236.903769709999980 2020  9  2 01:51:48.587765693665 28281200.0 10367.0 3.667030e-004
    2823 254.093735429999980 2020  9  2 01:52:05.777734816074 28275865.0 5032.0 1.779926e-004
    3237 291.353738139999960 2020  9  2 01:52:43.037721812725 28263745.0 -7088.0 -2.507178e-004
    3651 328.614319709999960 2020  9  2 01:53:20.298312306404 28253475.0 -17358.0 -6.139897e-004
    3891 350.214240430000020 2020  9  2 01:53:41.898235380650 28249000.0 -21833.0 -7.722800e-004
    4105 369.474524569999970 2020  9  2 01:54:01.158521175385 28245915.0 -24918.0 -8.814031e-004
    4270 384.325496999999980 2020  9  2 01:54:16.009496748447 28243995.0 -26838.0 -9.493176e-004
    4515 406.375125569999970 2020  9  2 01:54:38.059105575085 28241755.0 -29078.0 -1.028551e-003
    5043 453.896018569999910 2020  9  2 01:55:25.580030679703 28238665.0 -32168.0 -1.137851e-003
    5468 492.147048570000040 2020  9  2 01:56:03.831040263176 28237205.0 -33628.0 -1.189494e-003
    6051 544.617924570000010 2020  9  2 01:56:56.301928460598 28236040.0 -34793.0 -1.230703e-003
