    6689 602.039180859999990 2020 10  5 04:37:10.783192813396 28305189.0 34356.0 1.215245e-003
    8645 778.075685710000020 2020 10  5 04:40:06.819695234299 28299645.3 28812.3 1.019153e-003
    9384 844.584902860000060 2020 10  5 04:41:13.328889906406 28293363.8 22530.8 7.969627e-004
    9682 871.404242999999950 2020 10  5 04:41:40.148257613182 28289493.6 18660.6 6.600654e-004
   10250 922.523813570000130 2020 10  5 04:42:31.267795264721 28279428.1 8595.1 3.040271e-004
   10352 931.703786140000150 2020 10  5 04:42:40.447789728642 28277293.3 6460.3 2.285147e-004
   10573 951.593791570000230 2020 10  5 04:43:00.337804555893 28272503.5 1670.5 5.908917e-005
   11072 996.503814140000030 2020 10  5 04:43:45.247800350189 28261689.9 -9143.1 -3.234111e-004
   11120 1000.823843710000000 2020 10  5 04:43:49.567833244801 28260728.5 -10104.5 -3.574178e-004
   11662 1049.604304859999700 2020 10  5 04:44:38.348296880722 28251453.6 -19379.4 -6.854909e-004
   11840 1065.624532569999700 2020 10  5 04:44:54.368527829647 28249121.2 -21711.8 -7.679929e-004
   12476 1122.865382569999800 2020 10  5 04:45:51.609376072884 28243127.2 -27705.8 -9.800136e-004
   13315 1198.375868860000100 2020 10  5 04:47:07.119849622250 28238995.0 -31838.0 -1.126178e-003
