     859 77.338947429999990 2020 10  5 04:28:26.082960963249 28304029.4 33196.4 1.174228e-003
    1627 146.456356000000030 2020 10  5 04:29:35.200349092484 28302212.4 31379.4 1.109957e-003
    3125 281.275244859999990 2020 10  5 04:31:50.019251704216 28293629.3 22796.3 8.063540e-004
    3530 317.724870000000010 2020 10  5 04:32:26.468862891197 28288975.6 18142.6 6.417427e-004
    3874 348.684490570000040 2020 10  5 04:32:57.428501844406 28283951.5 13118.5 4.640295e-004
    4189 377.034419139999950 2020 10  5 04:33:25.778418481350 28278500.5 7667.5 2.712159e-004
    4333 389.994247569999970 2020 10  5 04:33:38.738235533237 28275821.0 4988.0 1.764363e-004
    4525 407.274215429999970 2020 10  5 04:33:56.018206179142 28272125.4 1292.4 4.571496e-005
    4666 419.964220140000010 2020 10  5 04:34:08.708219826221 28269388.4 -1444.6 -5.109860e-005
    4874 438.684258000000000 2020 10  5 04:34:27.428255081177 28265385.1 -5447.9 -1.927039e-004
    5021 451.914317999999920 2020 10  5 04:34:40.658318102360 28262660.0 -8173.0 -2.890965e-004
    5216 469.464419429999960 2020 10  5 04:34:58.208414018154 28259251.1 -11581.9 -4.096766e-004
    5408 486.744658000000020 2020 10  5 04:35:15.488666296005 28256157.5 -14675.5 -5.191039e-004
    5680 511.224846290000020 2020 10  5 04:35:39.968839287758 28252332.6 -18500.4 -6.543988e-004
    5920 532.825075999999970 2020 10  5 04:36:01.569084227085 28249452.3 -21380.7 -7.562812e-004
    6188 556.945428139999880 2020 10  5 04:36:25.689412057400 28246796.0 -24037.0 -8.502402e-004
    6476 582.865814570000000 2020 10  5 04:36:51.609810590744 28244483.2 -26349.8 -9.320489e-004
    6956 626.066555569999990 2020 10  5 04:37:34.810541868210 28241632.6 -29200.4 -1.032881e-003
    7340 660.627190289999930 2020 10  5 04:38:09.371207356453 28240026.6 -30806.4 -1.089688e-003
    7747 697.257898999999950 2020 10  5 04:38:46.001907885075 28238773.5 -32059.5 -1.134013e-003
