     3  0.29614293  28252505.40  
    11  1.01583686  28252401.90  
    23  2.09584371  28252212.20  
    39  3.53585607  28251966.70  
    51  4.61616107  28251776.80  
    59  5.33588407  28251662.80  
    71  6.41588793  28251480.20  
    87  7.85590550  28251249.50  
    90  8.12615229  28251190.30  
   107  9.65592964  28250957.00  
   119  10.73594143  28250786.00  
   135  12.17596264  28250553.40  
   138  12.44597886  28250516.60  
   155  13.97597621  28250276.20  
   167  15.05599193  28250103.20  
   183  16.49603543  28249893.30  
   186  16.76623379  28249853.20  
   203  18.29603750  28249624.30  
   215  19.37604914  28249464.50  
   231  20.81607957  28249253.50  
   234  21.08610129  28249219.30  
   239  21.54118400  28289434.70  
   251  22.61609700  28248989.00  
   263  23.69610750  28248844.20  
   279  25.13615271  28248653.60  
   282  25.40614550  28248600.10  
   287  25.86102971  28289159.00  
   291  26.21618114  28248493.30  
   299  26.93615093  28248390.40  
   311  28.01617300  28248252.40  
   318  28.64662757  28248144.10  
   327  29.45701221  28248066.70  
   330  29.72622093  28248022.20  
   335  30.18137471  28288869.60  
   339  30.53621814  28247917.50  
   347  31.25622014  28247820.20  
   359  32.33623500  28247681.10  
   366  32.96647657  28247599.60  
   378  34.04627064  28247455.50  
   387  34.85627029  28247363.80  
   395  35.57627293  28247267.60  
   407  36.65629857  28247139.60  
   426  38.36633743  28246924.80  
   435  39.17633257  28246827.00  
   443  39.89635929  28246739.60  
   455  40.97637414  28246629.30  
   474  42.68672543  28246415.70  
   483  43.49639936  28246313.80  
   491  44.21641629  28246238.00  
   503  45.29674993  28246097.80  
   522  47.00668179  28245937.40  
   531  47.81646064  28245832.70  
   539  48.53648443  28245758.20  
   579  52.13652900  28245370.70  
   587  52.85664871  28245288.80  
   627  56.45659521  28244925.50  
   635  57.17673093  28244852.90  
   671  60.42066779  28286741.80  
   675  60.77665836  28244499.30  
   682  61.41077529  28286678.10  
   723  65.09672986  28244086.70  
   731  65.81692350  28244014.70  
   746  67.16717893  28243914.10  
   771  69.41680243  28243697.40  
   779  70.13685079  28243642.60  
   794  71.48706221  28243521.70  
   819  73.73687486  28243323.90  
   827  74.45708307  28243269.00  
   842  75.80692936  28243151.40  
   867  78.05696100  28242971.20  
   874  78.69107593  28285338.60  
   915  82.37704079  28242630.80  
   963  86.69746364  28242325.10  
  1034  93.08746043  28241864.90  
  1059  95.33736743  28241687.70  
  1466  131.96797357  28239660.50  
  1562  140.60821857  28239284.40  
  1610  144.92827743  28239108.00  
  1848  166.34957450  28305467.60  
  1852  166.71040850  28277421.60  
  1900  171.02990171  28277017.40  
  1944  174.98939879  28305327.30  
  2040  183.62925000  28305163.10  
  2136  192.26903221  28305024.10  
  2140  192.62986379  28274835.50  
  2188  196.94982743  28274403.90  
  2236  201.26980871  28273948.20  
  2328  209.54868600  28304645.80  
  2332  209.90981500  28273052.10  
  2356  212.07033043  28272857.00  
  2376  213.86858579  28304518.40  
  2380  214.22990029  28272607.10  
  2424  218.18871943  28304407.90  
  2520  226.82832707  28304190.40  
  2568  231.14834250  28304056.10  
  2596  233.66979093  28270598.50  
  2712  244.10794543  28303636.20  
  2760  248.42802457  28303494.70  
  2808  252.74777671  28303329.70  
  2856  257.06768800  28303164.50  
  2904  261.38759343  28302985.40  
  2952  265.70751357  28302792.10  
  3000  270.02742657  28302596.40  
  3048  274.34734157  28302402.40  
  3096  278.66725621  28302179.50  
  3132  281.90798593  28302021.50  
  3144  282.98717679  28301957.80  
  3192  287.30709950  28301719.10  
  3240  291.62701393  28301462.80  
  3276  294.86699979  28301281.60  
  3288  295.94692636  28301203.40  
  3316  298.47057529  28264046.90  
  3324  299.18721564  28300992.40  
  3336  300.26686743  28300920.00  
  3337  300.35993100  28263862.40  
  3364  302.78993857  28263625.70  
  3384  304.58697757  28300629.40  
  3385  304.67995136  28263444.50  
  3391  305.21711729  28300596.20  
  3412  307.11025750  28263200.00  
  3420  307.82693693  28300428.20  
  3433  308.99997093  28263009.10  
  3446  310.16679279  28300242.70  
  3468  312.14667471  28300081.80  
  3480  313.22661964  28300001.90  
  3481  313.32028707  28262609.10  
  3497  314.75686936  28299900.90  
  3516  316.46656814  28299753.80  
  3528  317.54663650  28299660.80  
  3529  317.64002900  28262215.40  
  3545  319.07653021  28299562.00  
  3564  320.78649550  28299401.40  
  3590  323.12702093  28299216.70  
  3593  323.39652564  28299184.20  
  3612  325.10659671  28299049.20  
  3641  327.71637764  28298804.30  
  3660  329.42634879  28298639.20  
  3689  332.03629557  28298403.40  
  3708  333.74626257  28298236.60  
  3727  335.45626500  28298069.80  
  3734  336.08632007  28298004.20  
  3756  338.06619543  28297804.70  
  3782  340.40616886  28297562.60  
  3785  340.67623050  28297535.80  
  3804  342.38611607  28297353.00  
  3823  344.09611614  28297148.10  
  3830  344.72609714  28297098.90  
  3833  344.99609036  28297076.10  
  3852  346.70604229  28296876.30  
  3878  349.04602293  28296604.70  
  3900  351.02597286  28296373.70  
  3919  352.73596164  28296166.70  
  3926  353.36595486  28296082.60  
  3948  355.34590757  28295839.30  
  3967  357.05593136  28295632.20  
  3974  357.68588843  28295539.60  
  3996  359.66584071  28295285.20  
  4015  361.37583343  28295070.70  
  4022  362.00594207  28294980.90  
  4025  362.27653350  28294935.50  
  4044  363.98577493  28294701.60  
  4070  366.32634271  28294380.50  
  4073  366.59580236  28294320.20  
  4092  368.30571364  28294088.40  
  4121  370.91568236  28293698.50  
  4140  372.62565400  28293438.80  
  4169  375.23562307  28293036.20  
  4188  376.94560157  28292766.40  
  4207  378.65609786  28292503.20  
  4217  379.55556429  28292342.50  
  4236  381.26554007  28292050.40  
  4265  383.87550386  28291600.50  
  4284  385.58549929  28291309.90  
  4313  388.19545550  28290845.40  
  4332  389.90542907  28290538.40  
  4361  392.51539236  28290046.80  
  4380  394.22538414  28289719.10  
  4399  395.93537157  28289390.80  
  4409  396.83534421  28289206.50  
  4427  398.45572221  28288874.50  
  4428  398.54533829  28288859.40  
  4447  400.25532107  28288523.90  
  4449  400.43541850  28288473.20  
  4457  401.15529257  28288332.80  
  4476  402.86534743  28287975.80  
  4495  404.57527743  28287616.60  
  4505  405.47524821  28287422.60  
  4543  408.89522529  28286670.10  
  4553  409.79520571  28286476.00  
  4557  410.15529257  28286406.20  
  4591  413.21518650  28285694.90  
  4601  414.11516693  28285490.00  
  4605  414.47519950  28285396.50  
  4639  417.53514814  28284680.20  
  4649  418.43513514  28284471.50  
  4653  418.79536793  28284382.60  
  4687  421.85530293  28283648.30  
  4697  422.75510050  28283414.10  
  4735  426.17508714  28282563.00  
  4745  427.07506179  28282334.10  
  4749  427.43586829  28282208.00  
  4764  428.78561643  28281892.10  
  4783  430.49505943  28281443.80  
  4793  431.39503771  28281210.70  
  4797  431.75506271  28281126.80  
  4831  434.81515886  28280306.60  
  4841  435.71501479  28280058.20  
  4845  436.07521607  28279959.80  
  4889  440.03500271  28278887.20  
  4893  440.39499821  28278785.40  
  4927  443.45498450  28277928.70  
  4935  444.17509457  28277746.70  
  4937  444.35501221  28277688.30  
  4941  444.71496793  28277585.80  
  4975  447.77497636  28276720.00  
  4983  448.49566543  28276532.60  
  4989  449.03494043  28276356.30  
  5023  452.09496993  28275479.30  
  5037  453.35493886  28275114.80  
  5081  457.31500593  28273957.50  
  5085  457.67493536  28273859.20  
  5129  461.63508521  28272690.00  
  5133  461.99492050  28272596.60  
  5177  465.95530271  28271435.80  
  5181  466.31492114  28271326.40  
  5223  470.09492800  28270208.90  
  5225  470.27505557  28270160.20  
  5229  470.63492393  28270045.00  
  5271  474.41492964  28268933.00  
  5277  474.95491871  28268775.00  
  5310  477.92493514  28267909.00  
  5319  478.73494357  28267667.90  
  5325  479.27493050  28267510.40  
  5358  482.24495243  28266650.30  
  5361  482.51524457  28266566.40  
  5373  483.59493871  28266253.10  
  5387  484.85543950  28265886.80  
  5406  486.56496379  28265405.90  
  5409  486.83499429  28265325.00  
  5415  487.37515086  28265172.30  
  5421  487.91495571  28265015.30  
  5454  490.88498529  28264176.60  
  5457  491.15521829  28264107.30  
  5463  491.69497929  28263956.60  
  5469  492.23497214  28263801.50  
  5502  495.20499529  28262972.80  
  5505  495.47501129  28262898.10  
  5508  495.74502257  28262816.10  
  5511  496.01499257  28262752.70  
  5517  496.55501229  28262610.00  
  5550  499.52501857  28261791.20  
  5551  499.61538207  28261760.50  
  5556  500.06561114  28261627.20  
  5559  500.33501257  28261574.00  
  5565  500.87514207  28261441.00  
  5571  501.41514250  28261288.20  
  5579  502.13504464  28261085.60  
  5598  503.84503950  28260644.70  
  5599  503.93513907  28260615.50  
  5607  504.65503707  28260422.40  
  5619  505.73506386  28260143.00  
  5627  506.45506336  28259954.50  
  5646  508.16506879  28259513.50  
  5649  508.43567707  28259439.10  
  5655  508.97506379  28259306.10  
  5658  509.24565879  28259257.40  
  5667  510.05508814  28259023.50  
  5675  510.77509664  28258862.80  
  5694  512.48509393  28258416.70  
  5703  513.29509886  28258217.00  
  5717  514.55579514  28257917.70  
  5723  515.09521700  28257766.60  
  5742  516.80512857  28257362.70  
  5751  517.61513757  28257168.60  
  5754  517.88518557  28257109.90  
  5765  518.87516671  28256869.70  
  5775  519.77520243  28256652.40  
  5790  521.12516686  28256332.00  
  5799  521.93516907  28256153.40  
  5802  522.20519786  28256099.00  
  5813  523.19518964  28255853.30  
  5815  523.37519286  28255805.40  
  5819  523.73521779  28255723.20  
  5823  524.09564436  28255660.10  
  5838  525.44521221  28255350.30  
  5847  526.25521250  28255166.70  
  5859  527.33524050  28254922.00  
  5861  527.51522729  28254891.20  
  5863  527.69524914  28254857.40  
  5867  528.05524957  28254788.50  
  5886  529.76524407  28254391.40  
  5887  529.85543643  28254384.60  
  5895  530.57525943  28254213.50  
  5898  530.84527221  28254166.60  
  5907  531.65528200  28253989.70  
  5909  531.83527264  28253951.80  
  5911  532.01556907  28253913.20  
  5915  532.37527679  28253838.50  
  5919  532.73550029  28253761.70  
  5934  534.08529200  28253481.40  
  5935  534.17539000  28253463.00  
  5943  534.89529057  28253310.50  
  5946  535.16530814  28253251.50  
  5955  535.97531921  28253092.60  
  5957  536.15531586  28253053.10  
  5959  536.33565236  28253003.50  
  5963  536.69532193  28252942.90  
  5967  537.05541321  28252865.30  
  5982  538.40534436  28252599.40  
  5991  539.21534707  28252440.90  
  5994  539.48537336  28252382.10  
  6003  540.29536386  28252227.30  
  6005  540.47537321  28252194.20  
  6007  540.65598436  28252153.90  
  6011  541.01536564  28252085.10  
  6030  542.72539279  28251754.20  
  6039  543.53541321  28251601.70  
  6042  543.80542400  28251550.60  
  6051  544.61543050  28251401.40  
  6053  544.79542900  28251362.40  
  6059  545.33541521  28251262.50  
  6074  546.68544871  28251015.50  
  6078  547.04543779  28250955.00  
  6087  547.85545907  28250792.60  
  6090  548.12547236  28250754.60  
  6101  549.11547529  28250573.60  
  6107  549.65546493  28250481.00  
  6122  551.00560829  28250242.50  
  6126  551.36549386  28250178.60  
  6135  552.17550821  28250036.80  
  6138  552.44553200  28249991.10  
  6149  553.43603214  28249830.20  
  6155  553.97552286  28249735.50  
  6167  555.05556679  28249546.40  
  6170  555.32562300  28249510.90  
  6174  555.68555579  28249436.50  
  6183  556.49557800  28249311.50  
  6186  556.76558286  28249273.40  
  6194  557.48579486  28249161.40  
  6203  558.29557864  28249014.80  
  6215  559.37562379  28248832.70  
  6218  559.64562650  28248806.50  
  6222  560.00561936  28248739.30  
  6231  560.81598621  28248619.90  
  6234  561.08563664  28248575.30  
  6243  561.89621229  28248422.60  
  6251  562.61564064  28248331.40  
  6263  563.69566400  28248165.90  
  6266  563.96568464  28248133.80  
  6270  564.32567800  28248065.40  
  6282  565.40580436  28247886.90  
  6291  566.21571093  28247795.00  
  6299  566.93570043  28247680.10  
  6311  568.01573900  28247521.50  
  6318  568.64573707  28247438.40  
  6330  569.72590821  28247280.50  
  6339  570.53577686  28247152.90  
  6347  571.25576814  28247063.60  
  6359  572.33579621  28246912.90  
  6378  574.04584486  28246677.80  
  6387  574.85582971  28246571.10  
  6395  575.57582414  28246475.50  
  6407  576.65585986  28246330.10  
  6426  578.36617479  28246109.40  
  6435  579.17591086  28246005.30  
  6443  579.89589100  28245908.90  
  6455  580.97593264  28245778.30  
  6474  582.68613836  28245561.50  
  6483  583.49595871  28245460.40  
  6491  584.21596343  28245377.00  
  6503  585.29599457  28245240.10  
  6506  585.56600493  28245226.70  
  6522  587.00602107  28245042.30  
  6531  587.81603707  28244953.90  
  6539  588.53603400  28244869.90  
  6551  589.61610793  28244747.10  
  6554  589.88605914  28244718.20  
  6570  591.32609757  28244545.60  
  6579  592.13610536  28244459.80  
  6587  592.85610807  28244388.30  
  6599  593.93623379  28244267.00  
  6602  594.20612657  28244241.50  
  6618  595.64645193  28244084.30  
  6627  596.45618064  28243993.00  
  6635  597.17617086  28243930.90  
  6647  598.25679257  28243815.00  
  6650  598.52619400  28243794.20  
  6666  599.96655457  28243647.90  
  6683  601.49624800  28243497.70  
  6698  602.84626257  28243368.40  
  6731  605.81632264  28243084.20  
  6746  607.16634029  28242956.40  
  6779  610.13639407  28242690.30  
  6794  611.48641150  28242573.40  
  6827  614.45647243  28242317.40  
  6842  615.80648057  28242207.30  
  6875  618.77655214  28241961.60  
  6890  620.12656200  28241859.00  
  6923  623.09662957  28241632.30  
  6938  624.44664571  28241525.60  
  6971  627.41682129  28241307.60  
  6986  628.76672293  28241214.10  
  7226  650.36714393  28239845.90  
  7830  704.72961857  28306028.50  
  7848  706.34973014  28306000.70  
  7896  710.67006057  28305939.60  
  7976  717.86888557  28237239.70  
  7992  719.30928886  28305842.90  
  8024  722.18859364  28237123.10  
  8070  726.32912979  28305719.00  
  8168  735.14900950  28236832.10  
  8214  739.28886457  28305537.00  
  8216  739.46967100  28236726.40  
  8264  743.78971064  28236623.80  
  8280  745.22882107  28305432.80  
  8332  749.91072386  28274478.30  
  8424  758.18860814  28305168.00  
  8428  758.55068029  28273665.40  
  8502  765.20868836  28305017.60  
  8520  766.82827743  28304977.30  
  8568  771.14818114  28304867.70  
  8712  784.10789979  28304520.30  
  8808  792.74773007  28304271.10  
  8856  797.06764007  28304119.50  
  8952  805.70745279  28303818.50  
  8982  808.40797650  28303709.50  
  9000  810.02736686  28303655.50  
  9030  812.72773743  28303563.30  
  9048  814.34727586  28303480.70  
  9096  818.66718200  28303301.40  
  9126  821.36728471  28303184.60  
  9132  821.90717186  28303171.80  
  9144  822.98711007  28303108.50  
  9192  827.30701071  28302911.80  
  9228  830.54730836  28302764.30  
  9240  831.62692721  28302690.70  
  9288  835.94685107  28302466.30  
  9318  838.64682221  28302317.50  
  9324  839.18680014  28302294.80  
  9336  840.26675714  28302231.50  
  9384  844.58667457  28301984.00  
  9420  847.82663329  28301781.90  
  9432  848.90659221  28301719.90  
  9468  852.14654950  28301523.10  
  9480  853.22651464  28301445.00  
  9516  856.46646064  28301219.90  
  9528  857.54642814  28301146.20  
  9542  858.80651929  28301059.80  
  9564  860.78638400  28300915.00  
  9573  861.59691879  28300855.00  
  9576  861.86634929  28300835.30  
  9590  863.12634164  28300734.70  
  9612  865.10630650  28300588.80  
  9624  866.18627400  28300502.80  
  9638  867.44627564  28300401.80  
  9660  869.42621664  28300244.40  
  9672  870.50619236  28300156.90  
  9686  871.76620271  28300044.70  
  9708  873.74613936  28299880.60  
  9720  874.82611564  28299790.00  
  9734  876.08611114  28299671.00  
  9756  878.06605893  28299495.50  
  9768  879.14604193  28299402.10  
  9782  880.40603214  28299274.80  
  9785  880.67612243  28299249.90  
  9804  882.38598500  28299095.00  
  9816  883.46596464  28298986.80  
  9830  884.72595100  28298870.10  
  9852  886.70590686  28298663.50  
  9864  887.78589443  28298554.30  
  9878  889.04588064  28298421.30  
  9900  891.02583800  28298215.10  
  9912  892.10582564  28298096.00  
  9926  893.36580229  28297952.30  
  9948  895.34576114  28297729.60  
  9960  896.42577257  28297608.00  
  9974  897.68574200  28297452.80  
  9996  899.66569736  28297221.50  
