 16                   1.450654140000000                              28300662.100000001490 
 19                   1.720668290000000                              28300648.000000000000 
 64                   5.770512570000000                              28300433.899999998510 
 67                   6.040548430000000                              28300419.699999999255 
 112                  10.090355570000000                              28300186.699999999255 
 115                  10.360364140000000                              28300161.300000000745 
 160                  14.410171999999999                              28299924.899999998510 
 163                  14.680176710000000                              28299900.000000000000 
 208                  18.730023289999998                              28299651.800000000745 
 211                  19.000021430000000                              28299631.600000001490 
 256                  23.046947140000000                              28299379.699999999255 
 259                  23.316930500000002                              28299348.199999999255 
 270                  24.318982290000001                              28299326.000000000000 
 304                  27.366864860000000                              28299076.600000001490 
 307                  27.636855290000000                              28299060.000000000000 
 318                  28.630129709999999                              28298977.300000000745 
 352                  31.690377290000001                              28298782.699999999255 
 355                  31.956784360000000                              28298749.899999998510 
 366                  32.953264429999997                              28298672.699999999255 
 400                  36.010458000000000                              28298454.800000000745 
 403                  36.276704860000002                              28298429.199999999255 
 414                  37.266832500000000                              28298343.100000001490 
 448                  40.332579140000000                              28298105.500000000000 
 451                  40.596634360000003                              28298089.199999999255 
 462                  41.586651500000002                              28298011.800000000745 
 499                  44.916564569999998                              28297742.399999998510 
 510                  45.910716999999998                              28297629.500000000000 
 544                  48.971289290000001                              28297419.500000000000 
 547                  49.236481929999997                              28297376.800000000745 
 558                  50.233801000000000                              28297292.600000001490 
 564                  50.771095140000000                              28297221.300000000745 
 595                  53.556416859999999                              28296990.199999999255 
 606                  54.551174709999998                              28296897.800000000745 
 702                  63.186813860000001                              28296070.500000000000 
 750                  67.512988570000005                              28295629.000000000000 
 756                  68.053946859999996                              28295592.699999999255 
 798                  71.826157069999994                              28295187.699999999255 
 809                  72.821039859999999                              28295259.600000001490 
 846                  76.146099359999994                              28294702.399999998510 
 894                  80.466022640000006                              28294202.300000000745 
 942                  84.785976710000000                              28293685.000000000000 
 990                  89.105895140000001                              28293136.500000000000 
 1001                  90.104117709999997                              28293015.600000001490 
 1038                  93.425844139999995                              28292580.000000000000 
 1049                  94.416079139999994                              28292445.100000001490 
 1086                  97.745794640000000                              28291977.600000001490 
 1097                  98.736703500000004                              28291841.100000001490 
 1134                 102.065749710000006                              28291382.600000001490 
 1145                 103.060025859999996                              28291254.100000001490 
 1182                 106.385681710000000                              28290732.100000001490 
 1193                 107.375666499999994                              28290582.699999999255 
 1230                 110.705625639999994                              28290070.800000000745 
 1241                 111.695614430000006                              28289920.800000000745 
 1278                 115.025581860000003                              28289393.699999999255 
 1289                 116.015556430000004                              28289226.600000001490 
 1326                 119.346394000000004                              28288677.800000000745 
 1337                 120.335515070000000                              28288510.100000001490 
 1374                 123.666217070000002                              28287951.300000000745 
 1385                 124.655464570000007                              28287784.100000001490 
 1433                 128.975427639999992                              28287002.100000001490 
 1481                 133.295380639999991                              28286207.899999998510 
 1529                 137.615331069999996                              28285398.300000000745 
 1577                 141.935292500000003                              28284548.800000000745 
 1611                 145.004413709999994                              28283906.000000000000 
 1625                 146.255259359999997                              28283677.399999998510 
 1643                 147.875558570000010                              28283327.399999998510 
 1673                 150.575224289999994                              28282788.399999998510 
 1691                 152.195630429999994                              28282454.199999999255 
 1707                 153.635989359999996                              28282147.500000000000 
 1721                 154.895193860000006                              28281869.899999998510 
 1739                 156.520653430000010                              28281534.699999999255 
 1755                 157.956595929999992                              28281208.800000000745 
 1769                 159.215168210000002                              28280933.199999999255 
 1787                 160.835178570000011                              28280573.300000000745 
 1817                 163.535145860000000                              28279970.699999999255 
 1835                 165.155172359999995                              28279615.800000000745 
 1851                 166.595222930000006                              28279304.000000000000 
 1865                 167.855124499999988                              28279001.699999999255 
 1883                 169.475160359999990                              28278619.899999998510 
 1899                 170.921789429999990                              28278282.300000000745 
 1913                 172.175105790000003                              28277993.699999999255 
 1931                 173.795104070000008                              28277628.899999998510 
 1946                 175.151724139999999                              28277316.100000001490 
 1947                 175.242072710000002                              28277300.500000000000 
 1961                 176.495083709999989                              28276993.699999999255 
 1979                 178.115077860000014                              28276614.399999998510 
 1994                 179.475541429999993                              28276436.000000000000 
 1995                 179.562037430000004                              28276286.000000000000 
 2009                 180.815070289999994                              28275976.199999999255 
 2027                 182.435075710000007                              28275584.500000000000 
 2042                 183.785077639999997                              28275266.000000000000 
 2057                 185.135071290000013                              28274937.899999998510 
 2075                 186.755053930000003                              28274543.800000000745 
 2105                 189.455060709999998                              28273887.100000001490 
 2123                 191.075050000000005                              28273494.300000000745 
 2150                 193.514429290000010                              28272903.199999999255 
 2153                 193.775351290000003                              28272853.300000000745 
 2171                 195.395038709999994                              28272435.000000000000 
 2198                 197.826725570000008                              28271842.899999998510 
 2201                 198.095056999999997                              28271796.500000000000 
 2219                 199.715035569999998                              28271385.100000001490 
 2235                 201.156043710000006                              28271051.600000001490 
 2267                 204.035041640000003                              28270330.300000000745 
 2283                 205.475523140000007                              28269980.399999998510 
 2306                 207.550320429999999                              28269475.100000001490 
 2315                 208.355034429999989                              28269266.899999998510 
 2331                 209.801973000000004                              28268903.000000000000 
 2363                 212.675059210000001                              28268221.399999998510 
 2379                 214.126466569999991                              28267683.500000000000 
 2411                 216.995055000000008                              28267171.199999999255 
 2427                 218.440657570000013                              28266789.199999999255 
 2438                 219.426121499999994                              28266590.800000000745 
 2459                 221.315071069999988                              28266133.600000001490 
 2483                 223.484362570000002                              28265605.800000000745 
 2486                 223.745098500000012                              28265529.699999999255 
 2507                 225.635087429999999                              28265093.300000000745 
 2523                 227.081615139999997                              28264754.899999998510 
 2534                 228.065086430000008                              28264524.600000001490 
 2555                 229.955114140000006                              28264081.800000000745 
 2571                 231.403774139999996                              28263749.800000000745 
 2582                 232.385115140000011                              28263504.000000000000 
 2603                 234.275131710000011                              28263078.000000000000 
 2619                 235.716561289999987                              28262756.300000000745 
 2630                 236.705120999999991                              28262529.600000001490 
 2651                 238.595148499999993                              28262103.800000000745 
 2667                 240.035233290000008                              28261775.100000001490 
 2678                 241.025144070000010                              28261553.199999999255 
 2699                 242.915185430000008                              28261151.399999998510 
 2715                 244.355256209999993                              28260829.600000001490 
 2726                 245.345171859999994                              28260607.199999999255 
 2771                 249.402995140000002                              28259736.300000000745 
 2774                 249.665202289999996                              28259670.899999998510 
 2789                 251.016834789999990                              28259387.000000000000 
 2819                 253.726492710000002                              28258779.899999998510 
 2822                 253.985253069999999                              28258766.699999999255 
 2837                 255.341739139999987                              28258473.000000000000 
 2867                 258.035983289999990                              28257913.800000000745 
 2870                 258.305275499999993                              28257877.199999999255 
 2885                 259.661797289999981                              28257604.100000001490 
 2918                 262.625310360000014                              28257009.000000000000 
 2966                 266.945339639999986                              28256170.899999998510 
 3014                 271.265377860000001                              28255354.800000000745 
 3029                 272.620390429999986                              28255117.399999998510 
 3035                 273.156502999999987                              28254987.199999999255 
 3062                 275.585422789999996                              28254570.399999998510 
 3083                 277.482777139999996                              28254234.199999999255 
 3104                 279.365488789999972                              28253895.000000000000 
 3107                 279.636884430000009                              28253855.399999998510 
 3110                 279.905465139999990                              28253809.300000000745 
 3125                 281.266363000000013                              28253441.000000000000 
 3131                 281.796283500000015                              28253489.100000001490 
 3152                 283.692261140000028                              28253167.000000000000 
 3155                 283.955556070000000                              28253115.300000000745 
 3158                 284.225535069999978                              28253080.899999998510 
 3200                 288.005871790000015                              28252448.600000001490 
 3203                 288.275573290000011                              28252393.699999999255 
 3206                 288.545728569999994                              28252359.399999998510 
 3248                 292.325812499999984                              28251751.199999999255 
 3251                 292.595609430000025                              28251722.699999999255 
 3254                 292.865617499999985                              28251676.300000000745 
 3296                 296.645731790000013                              28251094.800000000745 
 3299                 296.915664429999993                              28251063.000000000000 
 3302                 297.185731999999973                              28251019.899999998510 
 3344                 300.966179640000007                              28250457.000000000000 
 3347                 301.235729569999990                              28250432.300000000745 
 3350                 301.510140859999979                              28250381.000000000000 
 3392                 305.294862140000021                              28249848.500000000000 
 3440                 309.605897000000027                              28249258.699999999255 
 3443                 309.876199929999984                              28249226.300000000745 
 3488                 313.926406639999982                              28248693.300000000745 
 3491                 314.196540860000027                              28248675.699999999255 
 3521                 316.896943710000016                              28248301.699999999255 
 3536                 318.245942140000011                              28248149.800000000745 
 3539                 318.516063789999976                              28248094.399999998510 
 3569                 321.215996210000014                              28247782.300000000745 
 3584                 322.573881429999972                              28247629.600000001490 
 3665                 329.856766139999991                              28246781.699999999255 
 3713                 334.176215140000011                              28246312.500000000000 
 3809                 342.824491430000023                              28245458.399999998510 
 3857                 347.136385710000013                              28245033.899999998510 
 3905                 351.464769429999990                              28244656.100000001490 
 4001                 360.096606500000007                              28243910.100000001490 
 4484                 403.575146710000013                              28241038.699999999255 
 4580                 412.216566709999995                              28240615.399999998510 
 4628                 416.533364860000006                              28240398.399999998510 
 4676                 420.855298570000002                              28240116.500000000000 
 4724                 425.174520429999973                              28240034.300000000745 
 4772                 429.497546860000000                              28239828.699999999255 
 4916                 442.452203429999997                              28239352.300000000745 
 4964                 446.772377290000009                              28239182.399999998510 
 5012                 451.095852999999977                              28239050.800000000745 
 5060                 455.414441570000008                              28238879.699999999255 
 5152                 463.703224429999977                              28302718.399999998510 
 5200                 468.019724999999994                              28302599.000000000000 
 5248                 472.334736860000021                              28302483.300000000745 
 5296                 476.658114710000007                              28302369.199999999255 
 5344                 480.975593860000004                              28302232.199999999255 
 5392                 485.293781860000024                              28302091.300000000745 
 5395                 485.569667139999979                              28302073.399999998510 
 5440                 489.613642710000022                              28301939.199999999255 
 5443                 489.883668290000003                              28301932.199999999255 
 5488                 493.938690430000008                              28301796.000000000000 
 5536                 498.253328710000005                              28301632.100000001490 
 5539                 498.523718570000028                              28301628.399999998510 
 5584                 502.573259570000005                              28301479.100000001490 
 5587                 502.845342290000019                              28301445.300000000745 
 5632                 506.892993999999987                              28301316.500000000000 
 5635                 507.162965999999983                              28301288.000000000000 
 5680                 511.212827860000004                              28301141.000000000000 
 5683                 511.482832859999974                              28301128.500000000000 
 5728                 515.532665859999952                              28300945.300000000745 
 5731                 515.802653859999964                              28300946.800000000745 
 5776                 519.852497859999971                              28300754.699999999255 
 5779                 520.122486429999981                              28300754.699999999255 
 5824                 524.172345429999950                              28300575.300000000745 
 5827                 524.442322429999990                              28300558.399999998510 
 5872                 528.492251000000010                              28300379.100000001490 
 5875                 528.762182860000053                              28300358.199999999255 
 5920                 532.813670999999999                              28300141.199999999255 
 5923                 533.082022710000047                              28300141.699999999255 
 5968                 537.137291000000005                              28299932.600000001490 
 5971                 537.401865000000043                              28299926.300000000745 
 6019                 541.721704570000043                              28299688.600000001490 
 6067                 546.041553140000019                              28299458.899999998510 
 6115                 550.361397290000014                              28299222.199999999255 
 6163                 554.681297709999967                              28298955.800000000745 
 6211                 559.001094859999967                              28298697.899999998510 
 6259                 563.320949570000039                              28298424.199999999255 
 6307                 567.640820569999960                              28298128.399999998510 
 6355                 571.960663999999952                              28297830.899999998510 
 6397                 575.741829000000052                              28297568.699999999255 
 6403                 576.280510710000044                              28297527.699999999255 
 6445                 580.060426000000007                              28297253.300000000745 
 6451                 580.600383999999963                              28297204.800000000745 
 6493                 584.380283999999961                              28296923.300000000745 
 6499                 584.920247430000018                              28296859.399999998510 
 6541                 588.700146710000013                              28296570.600000001490 
 6547                 589.240093860000002                              28296520.399999998510 
 6569                 591.220246429999975                              28296364.000000000000 
 6589                 593.016993070000012                              28296205.300000000745 
 6595                 593.556986570000049                              28296162.300000000745 
 6637                 597.336940290000030                              28295842.100000001490 
 6643                 597.876922860000036                              28295795.399999998510 
 6685                 601.656870860000026                              28295452.000000000000 
 6798                 611.835094570000024                              28294485.699999999255 
 6846                 616.150430860000029                              28294036.399999998510 
 6894                 620.466793639999992                              28293600.600000001490 
 6942                 624.791385999999989                              28293123.500000000000 
 6990                 629.114165709999952                              28292636.600000001490 
 7038                 633.434715289999986                              28292136.500000000000 
 7053                 634.788117710000051                              28291976.500000000000 
 7149                 643.416351360000021                              28290888.899999998510 
 7182                 646.394379709999953                              28290509.800000000745 
 7197                 647.736226640000041                              28290321.399999998510 
 7241                 651.705137710000031                              28289796.399999998510 
 7245                 652.056179359999987                              28289739.100000001490 
 7337                 660.341622000000029                              28288571.600000001490 
 7355                 661.956668789999981                              28288341.800000000745 
 7385                 664.656955570000036                              28287929.500000000000 
 7403                 666.283912289999989                              28287654.500000000000 
 7433                 668.976935499999968                              28287266.600000001490 
 7481                 673.295957290000047                              28286583.899999998510 
 7499                 674.916251859999988                              28286329.600000001490 
 7529                 677.616239210000003                              28285883.699999999255 
 7547                 679.236407569999983                              28285625.600000001490 
 7577                 681.935912929999972                              28285164.100000001490 
 7625                 686.255836710000040                              28284426.000000000000 
 7643                 687.876140640000017                              28284140.699999999255 
 7673                 690.575798790000022                              28283668.000000000000 
 7691                 692.196180430000027                              28283390.100000001490 
 7721                 694.895770500000026                              28282904.100000001490 
 7739                 696.516303930000049                              28282600.199999999255 
 7769                 699.215733210000053                              28282103.399999998510 
 7787                 700.835738070000048                              28281788.300000000745 
 7817                 703.535719640000025                              28281305.500000000000 
 7835                 705.155700140000022                              28280987.800000000745 
 7865                 707.855696210000019                              28280457.300000000745 
 7883                 709.475679209999953                              28280157.399999998510 
 7913                 712.175670930000024                              28279627.199999999255 
 7931                 713.795652069999960                              28279316.199999999255 
 7961                 716.495644139999968                              28278774.699999999255 
 7979                 718.115627639999957                              28278450.500000000000 
 8009                 720.816319789999966                              28277908.000000000000 
 8027                 722.435605929999952                              28277574.199999999255 
 8042                 723.785785359999977                              28277301.800000000745 
 8057                 725.135742929999992                              28277038.100000001490 
 8075                 726.755592859999979                              28276689.899999998510 
 8090                 728.105701930000009                              28276410.300000000745 
 8105                 729.462403139999992                              28276108.600000001490 
 8123                 731.075583499999993                              28275795.000000000000 
 8138                 732.425847500000032                              28275522.600000001490 
 8171                 735.395556209999995                              28274892.000000000000 
 8186                 736.745564429999945                              28274605.100000001490 
 8201                 738.102981569999997                              28274328.500000000000 
 8219                 739.715562790000035                              28273985.000000000000 
 8234                 741.065568709999980                              28273697.699999999255 
 8267                 744.035545640000009                              28273067.899999998510 
 8282                 745.385550930000022                              28272783.600000001490 
 8315                 748.355546069999946                              28272142.300000000745 
 8330                 749.706399929999975                              28271864.100000001490 
 8354                 751.865739569999960                              28271382.899999998510 
 8363                 752.675532640000029                              28271229.399999998510 
 8378                 754.030152430000044                              28270946.699999999255 
 8402                 756.185558570000012                              28270476.100000001490 
 8411                 756.995544210000048                              28270302.199999999255 
 8450                 760.505553289999966                              28269558.300000000745 
 8459                 761.315537640000002                              28269381.399999998510 
 8498                 764.825577709999948                              28268640.300000000745 
 8507                 765.635556500000007                              28268459.000000000000 
 8546                 769.146659290000002                              28267709.800000000745 
 8555                 769.966419859999974                              28267588.600000001490 
 8594                 773.465590570000018                              28266806.899999998510 
 8603                 774.275588360000029                              28266640.500000000000 
 8615                 775.360993860000008                              28266412.100000001490 
 8642                 777.785616709999999                              28265896.399999998510 
 8645                 778.062525290000053                              28265857.399999998510 
 8651                 778.595578069999988                              28265740.000000000000 
 8663                 779.680042569999955                              28265512.800000000745 
 8678                 781.036749569999984                              28265249.699999999255 
 8699                 782.915599860000043                              28264841.500000000000 
 8711                 783.995590930000049                              28264628.100000001490 
 8726                 785.346199999999953                              28264354.300000000745 
 8747                 787.235683569999992                              28263962.500000000000 
 8759                 788.315619289999972                              28263744.699999999255 
 8774                 789.665888070000051                              28263461.800000000745 
 8795                 791.555621709999969                              28263100.699999999255 
 8807                 792.635645289999957                              28262880.100000001490 
 8822                 793.985658790000002                              28262608.600000001490 
 8843                 795.875653499999999                              28262230.399999998510 
 8855                 796.955656289999979                              28262027.500000000000 
 8870                 798.305675360000009                              28261752.300000000745 
 8891                 800.195693789999950                              28261392.000000000000 
 8903                 801.275673569999981                              28261185.800000000745 
 8907                 801.636588070000016                              28261142.199999999255 
 8918                 802.625693999999953                              28260931.399999998510 
 8939                 804.522969859999989                              28260547.399999998510 
 8951                 805.595707289999950                              28260364.100000001490 
 8966                 806.945717639999998                              28260103.899999998510 
 8981                 808.303134569999997                              28259845.000000000000 
 8987                 808.836101429999985                              28259756.000000000000 
 8999                 809.915738499999975                              28259546.000000000000 
 9014                 811.266880209999954                              28259308.000000000000 
 9029                 812.615907139999990                              28259050.800000000745 
 9047                 814.235775289999992                              28258761.699999999255 
 9062                 815.590230140000017                              28258512.000000000000 
 9077                 816.936846500000001                              28258296.699999999255 
 9095                 818.563469140000052                              28257994.800000000745 
 9110                 819.911442429999965                              28257762.899999998510 
 9125                 821.255828429999951                              28257522.199999999255 
 9158                 824.234445000000051                              28257006.300000000745 
 9173                 825.575862140000027                              28256771.399999998510 
 9206                 828.545895790000031                              28256275.300000000745 
 9221                 829.895890860000009                              28256057.500000000000 
 9227                 830.440600570000015                              28255952.500000000000 
 9254                 832.865938570000026                              28255575.600000001490 
 9269                 834.215934429999947                              28255355.699999999255 
 9275                 834.763119709999955                              28255264.600000001490 
 9302                 837.190169859999969                              28254866.600000001490 
 9317                 838.535984139999982                              28254660.899999998510 
 9323                 839.076825930000041                              28254556.899999998510 
 9347                 841.236038000000008                              28254251.399999998510 
 9350                 841.506012639999994                              28254204.300000000745 
 9365                 842.856028359999982                              28254001.500000000000 
 9371                 843.400201430000038                              28253908.000000000000 
 9395                 845.556266570000048                              28253594.000000000000 
 9398                 845.826079430000050                              28253547.399999998510 
 9413                 847.176063569999997                              28253347.300000000745 
 9419                 847.720817000000011                              28253288.899999998510 
 9443                 849.876100640000004                              28252956.600000001490 
 9446                 850.146114069999953                              28252914.199999999255 
 9461                 851.496115860000032                              28252730.300000000745 
 9467                 852.036592290000044                              28252645.199999999255 
 9488                 853.931138140000030                              28252377.100000001490 
 9491                 854.196144140000001                              28252344.100000001490 
 9494                 854.466155790000016                              28252304.699999999255 
 9509                 855.816175929999986                              28252131.800000000745 
 9536                 858.246573000000012                              28251795.500000000000 
 9539                 858.516185709999945                              28251755.199999999255 
 9542                 858.786206289999996                              28251723.800000000745 
 9557                 860.136315790000026                              28251534.000000000000 
 9584                 862.570986289999951                              28251215.800000000745 
 9587                 862.836240500000031                              28251179.100000001490 
 9590                 863.106265499999949                              28251151.699999999255 
 9605                 864.464441289999968                              28250960.199999999255 
 9632                 866.891785710000022                              28250652.500000000000 
 9635                 867.156293430000005                              28250622.600000001490 
 9638                 867.434163430000012                              28250597.899999998510 
 9680                 871.213961140000038                              28250122.899999998510 
 9683                 871.476352290000023                              28250089.000000000000 
 9731                 875.796423499999946                              28249563.699999999255 
 9779                 880.116466790000004                              28249057.300000000745 
 9809                 882.824244140000019                              28248770.100000001490 
 9824                 884.166777069999966                              28248623.899999998510 
 9827                 884.436523429999966                              28248577.699999999255 
 9875                 888.756598000000054                              28248130.199999999255 
 9905                 891.456772290000004                              28247825.000000000000 
 9923                 893.076647790000038                              28247671.699999999255 
 9953                 895.776688000000036                              28247391.199999999255 
 9971                 897.396718139999962                              28247228.000000000000 
