    35  3.19004586  28298715.00  
    38  3.46003286  28298688.00  
    41  3.73000843  28298656.70  
    57  5.17000700  28298504.30  
    83  7.50996857  28298232.50  
    86  7.77996257  28298193.10  
    89  8.04993414  28298171.50  
   131  11.82988400  28297739.90  
   137  12.36986814  28297672.20  
   179  16.14982157  28297209.40  
   185  16.68979186  28297149.90  
   227  20.46974029  28296660.20  
   233  21.00972043  28296587.10  
   275  24.78968471  28296074.10  
   281  25.32965686  28295993.10  
   322  29.01962014  28295452.60  
   323  29.10960343  28295435.20  
   326  29.37964657  28295402.00  
   329  29.64959129  28295361.80  
   370  33.34007714  28294793.00  
   371  33.42954629  28294771.10  
   374  33.69954100  28294735.70  
   377  33.96952643  28294699.20  
   418  37.65974600  28294094.30  
   419  37.74949300  28294075.40  
   422  38.01949371  28294032.20  
   425  38.28946843  28293987.80  
   466  41.97948886  28293353.70  
   470  42.33942386  28293288.00  
   473  42.60940986  28293239.60  
   479  43.14940671  28293143.10  
   514  46.29941143  28292569.70  
   518  46.65936286  28292498.10  
   521  46.92935514  28292448.60  
   527  47.46934886  28292346.00  
   562  50.61934129  28291746.80  
   566  50.97931643  28291661.30  
   569  51.24930614  28291615.70  
   575  51.78928743  28291507.00  
   610  54.94003257  28290882.40  
   617  55.56968143  28290730.40  
   623  56.10923400  28290625.30  
   658  59.25928114  28289955.50  
   671  60.42918100  28289694.70  
   717  64.56923700  28288753.90  
   719  64.74912900  28288714.80  
   767  69.06908500  28287684.10  
   806  72.57907086  28286806.60  
   815  73.38904029  28286606.20  
   863  77.70900157  28285491.20  
   898  80.85899814  28284643.00  
   902  81.21981629  28284550.30  
   911  82.02896271  28284324.50  
   959  86.34892986  28283106.10  
