       4 1.594189133928571 2019 10  9 14:56:57.240191996098 28300104.3 29271.3 1.035389e-003
       7 2.854262892857143 2019 10  9 14:56:58.500253558159 28299983.1 29150.1 1.031102e-003
      11 4.294134455357142 2019 10  9 14:56:59.940117001534 28299856.1 29023.1 1.026609e-003
      16 5.914116758928571 2019 10  9 14:57:01.560104191303 28299708.1 28875.1 1.021374e-003
      19 7.174081651785713 2019 10  9 14:57:02.820085287094 28299594.4 28761.4 1.017352e-003
      23 8.614062241071427 2019 10  9 14:57:04.260069429874 28299454.0 28621.0 1.012386e-003
      25 9.154072508928572 2019 10  9 14:57:04.800078570843 28299399.8 28566.8 1.010469e-003
      28 10.234044723214284 2019 10  9 14:57:05.880056619644 28299299.2 28466.2 1.006911e-003
      31 11.494011866071428 2019 10  9 14:57:07.139997482300 28299177.1 28344.1 1.002592e-003
      37 13.474007383928571 2019 10  9 14:57:09.119990766048 28298981.5 28148.5 9.956728e-004
      40 14.553971366071426 2019 10  9 14:57:10.199968814850 28298869.0 28036.0 9.916935e-004
      43 15.813932723214286 2019 10  9 14:57:11.459949910641 28298731.4 27898.4 9.868262e-004
      49 17.793900410714290 2019 10  9 14:57:13.439902961254 28298518.6 27685.6 9.792991e-004
      55 20.133855178571434 2019 10  9 14:57:15.779862105846 28298263.4 27430.4 9.702721e-004
      61 22.113884741071434 2019 10  9 14:57:17.759895622730 28298043.4 27210.4 9.624902e-004
      67 24.453784928571427 2019 10  9 14:57:20.099774301052 28297778.3 26945.3 9.531131e-004
      79 28.773717750000003 2019 10  9 14:57:24.419726729393 28297246.4 26413.4 9.342986e-004
      91 33.093648767857140 2019 10  9 14:57:28.739638924599 28296687.5 25854.5 9.145291e-004
      97 35.074203553571422 2019 10  9 14:57:30.720195472240 28296436.0 25603.0 9.056330e-004
     102 36.783651383928571 2019 10  9 14:57:32.429661154747 28296182.2 25349.2 8.966556e-004
     103 37.413572035714274 2019 10  9 14:57:33.059591352940 28296094.2 25261.2 8.935428e-004
     109 39.393790839285721 2019 10  9 14:57:35.039785802364 28295806.3 24973.3 8.833592e-004
     114 41.103579330357150 2019 10  9 14:57:36.749573349953 28295572.2 24739.2 8.750786e-004
     115 41.733511053571434 2019 10  9 14:57:37.379503548145 28295469.0 24636.0 8.714282e-004
     121 43.713501080357148 2019 10  9 14:57:39.359496831894 28295166.8 24333.8 8.607387e-004
     126 45.423476508928566 2019 10  9 14:57:41.069485545158 28294905.8 24072.8 8.515066e-004
     127 46.053445937500001 2019 10  9 14:57:41.699455976486 28294805.8 23972.8 8.479694e-004
     138 49.743400053571428 2019 10  9 14:57:45.389397740364 28294211.1 23378.1 8.269335e-004
     139 50.373450866071430 2019 10  9 14:57:46.019448637962 28294105.9 23272.9 8.232124e-004
     150 54.063339464285718 2019 10  9 14:57:49.709350168705 28293470.9 22637.9 8.007511e-004
     151 54.693336223214281 2019 10  9 14:57:50.339320600033 28293365.2 22532.2 7.970122e-004
     162 58.383283035714271 2019 10  9 14:57:54.029302597046 28292694.7 21861.7 7.732952e-004
     174 62.703219142857144 2019 10  9 14:57:58.349214792252 28291869.4 21036.4 7.441026e-004
     186 67.023163214285702 2019 10  9 14:58:02.669167220592 28291008.4 20175.4 7.136472e-004
     198 71.343102741071434 2019 10  9 14:58:06.989119648933 28290089.2 19256.2 6.811331e-004
     210 75.663054821428545 2019 10  9 14:58:11.309072077274 28289129.3 18296.3 6.471794e-004
     222 79.983007687500006 2019 10  9 14:58:15.629024505615 28288124.3 17291.3 6.116304e-004
     234 84.302961142857129 2019 10  9 14:58:19.948976933956 28287066.0 16233.0 5.741960e-004
     246 88.622923678571411 2019 10  9 14:58:24.268929362297 28285960.0 15127.0 5.350744e-004
     258 92.942883473214295 2019 10  9 14:58:28.588881790638 28284813.7 13980.7 4.945273e-004
     270 97.262853616071411 2019 10  9 14:58:32.908834218979 28283601.3 12768.3 4.516422e-004
     282 101.582816116071400 2019 10  9 14:58:37.228826880455 28282360.9 11527.9 4.077665e-004
     285 102.842918312499980 2019 10  9 14:58:38.488928675652 28281983.7 11150.7 3.944242e-004
     294 105.902783321428560 2019 10  9 14:58:41.548779308796 28281079.5 10246.5 3.624407e-004
     306 110.222765866071410 2019 10  9 14:58:45.868771970272 28279758.2 8925.2 3.157035e-004
     308 111.122883437499950 2019 10  9 14:58:46.768867671490 28279492.5 8659.5 3.063051e-004
     309 111.303604044642870 2019 10  9 14:58:46.949594914913 28279428.0 8595.0 3.040236e-004
     318 114.542732285714280 2019 10  9 14:58:50.188724398613 28278402.8 7569.8 2.677601e-004
     320 115.442827383928570 2019 10  9 14:58:51.088820099831 28278106.3 7273.3 2.572722e-004
     330 118.862726294642850 2019 10  9 14:58:54.508717060089 28277004.2 6171.2 2.182886e-004
     342 123.182721883928560 2019 10  9 14:58:58.828709721565 28275592.2 4759.2 1.683431e-004
     354 127.502712946428550 2019 10  9 14:59:03.148702383041 28274156.4 3323.4 1.175558e-004
     357 128.762719866071420 2019 10  9 14:59:04.408723711967 28273731.7 2898.7 1.025332e-004
     366 131.822707178571450 2019 10  9 14:59:07.468695044518 28272703.1 1870.1 6.614945e-005
     369 132.992810651785730 2019 10  9 14:59:08.638795316219 28272329.4 1496.4 5.293088e-005
     378 136.142688624999980 2019 10  9 14:59:11.788687705994 28271249.2  416.2 1.472189e-005
     381 137.402684196428540 2019 10  9 14:59:13.048668801785 28270819.1  -13.9 -4.916728e-007
     390 140.463167455357140 2019 10  9 14:59:16.109163165092 28269775.7 -1057.3 -3.739897e-005
     393 141.722684133928540 2019 10  9 14:59:17.368701696396 28269358.2 -1474.8 -5.216684e-005
     405 146.042700651785710 2019 10  9 14:59:21.688694357872 28267907.3 -2925.7 -1.034883e-004
     413 149.012732508928590 2019 10  9 14:59:24.658744633198 28266921.8 -3911.2 -1.383475e-004
     417 150.362701464285750 2019 10  9 14:59:26.008687019348 28266473.0 -4360.0 -1.542226e-004
     425 153.332734821428570 2019 10  9 14:59:28.978737294674 28265485.6 -5347.4 -1.891490e-004
     429 154.682736187500040 2019 10  9 14:59:30.328719913960 28265050.1 -5782.9 -2.045536e-004
     437 157.652721910714290 2019 10  9 14:59:33.298729956150 28264082.0 -6751.0 -2.387973e-004
     441 159.002753562500000 2019 10  9 14:59:34.648752808571 28263646.2 -7186.8 -2.542125e-004
     444 159.992941000000030 2019 10  9 14:59:35.638930499554 28263323.5 -7509.5 -2.656271e-004
     449 161.972740919642830 2019 10  9 14:59:37.618722617626 28262703.2 -8129.8 -2.875685e-004
     453 163.322778017857190 2019 10  9 14:59:38.968785703182 28262282.0 -8551.0 -3.024672e-004
     456 164.312833758928580 2019 10  9 14:59:39.958842694759 28261982.6 -8850.4 -3.130576e-004
     461 166.292764553571400 2019 10  9 14:59:41.938755512238 28261365.7 -9467.3 -3.348787e-004
     465 167.642795419642820 2019 10  9 14:59:43.288778364658 28260949.7 -9883.3 -3.495935e-004
     468 168.632803607142820 2019 10  9 14:59:44.278795123100 28260657.0 -10176.0 -3.599469e-004
     473 170.612787732142810 2019 10  9 14:59:46.258788406849 28260048.8 -10784.2 -3.814603e-004
     485 174.932830946428600 2019 10  9 14:59:50.578821301460 28258789.5 -12043.5 -4.260044e-004
     497 179.252862999999990 2019 10  9 14:59:54.898854196072 28257562.8 -13270.2 -4.693954e-004
     509 183.572899330357160 2019 10  9 14:59:59.218887090683 28256379.3 -14453.7 -5.112584e-004
     521 187.892937410714380 2019 10  9 15:00:03.538919985294 28255244.8 -15588.2 -5.513881e-004
     528 190.233967491071380 2019 10  9 15:00:05.879965424538 28254658.2 -16174.8 -5.721374e-004
     533 192.212979223214260 2019 10  9 15:00:07.858993113041 28254166.9 -16666.1 -5.895157e-004
     545 196.533025267857080 2019 10  9 15:00:12.179026007652 28253127.9 -17705.1 -6.262674e-004
     557 200.853068410714310 2019 10  9 15:00:16.499058902264 28252140.5 -18692.5 -6.611938e-004
     561 202.293108401785730 2019 10  9 15:00:17.939123511314 28251817.5 -19015.5 -6.726190e-004
     569 205.173122267857080 2019 10  9 15:00:20.819132030010 28251199.8 -19633.2 -6.944684e-004
     572 206.253162357142800 2019 10  9 15:00:21.899150311947 28250969.9 -19863.1 -7.026005e-004
     573 206.613172812499980 2019 10  9 15:00:22.259156405926 28250906.0 -19927.0 -7.048607e-004
     581 209.493175607142770 2019 10  9 15:00:25.139164924622 28250306.8 -20526.2 -7.260557e-004
     584 210.573208955357160 2019 10  9 15:00:26.219223439693 28250086.4 -20746.6 -7.338517e-004
     585 210.933225723214260 2019 10  9 15:00:26.579229533672 28250010.4 -20822.6 -7.365400e-004
     588 211.833238821428610 2019 10  9 15:00:27.479244768620 28249840.9 -20992.1 -7.425356e-004
     593 213.813248098214270 2019 10  9 15:00:29.459238052368 28249449.4 -21383.6 -7.563838e-004
     596 214.893258624999990 2019 10  9 15:00:30.539256334305 28249255.5 -21577.5 -7.632425e-004
     597 215.253263428571390 2019 10  9 15:00:30.899262428284 28249180.8 -21652.2 -7.658848e-004
     600 216.153272794642790 2019 10  9 15:00:31.799277663231 28249022.6 -21810.4 -7.714806e-004
     605 218.133315464285720 2019 10  9 15:00:33.779311180115 28248653.6 -22179.4 -7.845329e-004
     608 219.213302946428540 2019 10  9 15:00:34.859289228916 28248464.4 -22368.6 -7.912254e-004
     612 220.473333116071420 2019 10  9 15:00:36.119350790977 28248254.5 -22578.5 -7.986500e-004
     613 220.743334080357130 2019 10  9 15:00:36.389315128326 28248200.9 -22632.1 -8.005459e-004
     617 222.453366857142870 2019 10  9 15:00:38.099384307861 28247896.7 -22936.3 -8.113061e-004
     620 223.533362017857120 2019 10  9 15:00:39.179362356663 28247709.5 -23123.5 -8.179278e-004
     621 223.893390428571450 2019 10  9 15:00:39.539408683777 28247656.0 -23177.0 -8.198202e-004
     624 224.793610616071390 2019 10  9 15:00:40.439625084400 28247506.4 -23326.6 -8.251119e-004
     625 225.063403294642800 2019 10  9 15:00:40.709388256073 28247462.7 -23370.3 -8.266576e-004
     632 227.853423196428570 2019 10  9 15:00:43.499435484409 28247000.6 -23832.4 -8.430031e-004
     633 228.213448196428540 2019 10  9 15:00:43.859441578388 28246955.5 -23877.5 -8.445984e-004
     636 229.113455633928540 2019 10  9 15:00:44.759456813335 28246802.7 -24030.3 -8.500033e-004
     637 229.383455991071400 2019 10  9 15:00:45.029461383820 28246751.5 -24081.5 -8.518143e-004
     644 232.173492267857090 2019 10  9 15:00:47.819508612156 28246330.4 -24502.6 -8.667095e-004
     649 233.703516526785680 2019 10  9 15:00:49.349534511566 28246102.6 -24730.4 -8.747673e-004
     656 236.493556410714290 2019 10  9 15:00:52.139541506767 28245700.1 -25132.9 -8.890046e-004
     661 238.023598633928570 2019 10  9 15:00:53.669607639313 28245495.1 -25337.9 -8.962559e-004
     668 240.813632946428560 2019 10  9 15:00:56.459614634514 28245105.2 -25727.8 -9.100475e-004
     673 242.343663526785690 2019 10  9 15:00:57.989680767059 28244901.8 -25931.2 -9.172422e-004
     680 245.133694848214300 2019 10  9 15:01:00.779687762260 28244540.0 -26293.0 -9.300398e-004
     685 246.663731464285660 2019 10  9 15:01:02.309713661671 28244352.0 -26481.0 -9.366898e-004
     692 249.453770187500000 2019 10  9 15:01:05.099760890007 28244013.6 -26819.4 -9.486597e-004
     697 250.983804241071400 2019 10  9 15:01:06.629786789417 28243829.7 -27003.3 -9.551646e-004
     704 253.773841357142830 2019 10  9 15:01:09.419834017754 28243513.3 -27319.7 -9.663564e-004
     708 255.034056687500000 2019 10  9 15:01:10.680056512356 28243360.6 -27472.4 -9.717577e-004
     709 255.303871598214240 2019 10  9 15:01:10.949859917164 28243337.1 -27495.9 -9.725890e-004
     716 258.093918258928450 2019 10  9 15:01:13.739907145500 28243034.9 -27798.1 -9.832784e-004
     720 259.353952892857190 2019 10  9 15:01:14.999968707561 28242905.4 -27927.6 -9.878591e-004
     721 259.623942026785700 2019 10  9 15:01:15.269933044910 28242879.8 -27953.2 -9.887646e-004
     728 262.413979196428560 2019 10  9 15:01:18.059980273247 28242588.1 -28244.9 -9.990827e-004
     732 263.674010741071360 2019 10  9 15:01:19.320001602173 28242470.4 -28362.6 -1.003246e-003
     733 263.944029866071450 2019 10  9 15:01:19.590046405792 28242430.8 -28402.2 -1.004647e-003
     740 266.734070803571400 2019 10  9 15:01:22.380053400993 28242164.4 -28668.6 -1.014070e-003
     744 267.994084482142740 2019 10  9 15:01:23.640074729919 28242059.0 -28774.0 -1.017798e-003
     745 268.264106544642740 2019 10  9 15:01:23.910119533539 28242030.6 -28802.4 -1.018803e-003
     752 271.054144598214290 2019 10  9 15:01:26.700126528740 28241768.2 -29064.8 -1.028084e-003
     756 272.314166098214290 2019 10  9 15:01:27.960147857666 28241655.4 -29177.6 -1.032074e-003
     757 272.584411187499940 2019 10  9 15:01:28.230393826962 28241648.7 -29184.3 -1.032311e-003
     764 275.374422937500010 2019 10  9 15:01:31.020441055298 28241395.1 -29437.9 -1.041282e-003
     768 276.634800607142950 2019 10  9 15:01:32.280784249306 28241289.2 -29543.8 -1.045028e-003
     780 280.954334830357250 2019 10  9 15:01:36.600334346294 28240942.4 -29890.6 -1.057295e-003
     792 285.274446008928580 2019 10  9 15:01:40.920447707176 28240620.2 -30212.8 -1.068692e-003
     800 288.334472357142830 2019 10  9 15:01:43.980459272861 28240397.0 -30436.0 -1.076587e-003
     802 288.964487178571460 2019 10  9 15:01:44.610469937325 28240348.3 -30484.7 -1.078309e-003
     804 289.594476982142790 2019 10  9 15:01:45.240480601788 28240312.3 -30520.7 -1.079583e-003
     814 293.284676946428590 2019 10  9 15:01:48.930663764477 28240051.1 -30781.9 -1.088822e-003
     816 293.914564455357090 2019 10  9 15:01:49.560553729534 28240018.9 -30814.1 -1.089961e-003
     826 297.604635437500010 2019 10  9 15:01:53.250616192818 28239773.3 -31059.7 -1.098648e-003
     828 298.234647428571350 2019 10  9 15:01:53.880667090416 28239741.2 -31091.8 -1.099784e-003
     836 301.294717187499940 2019 10  9 15:01:56.940718889236 28239551.4 -31281.6 -1.106497e-003
     838 301.924726053571420 2019 10  9 15:01:57.570729553699 28239507.7 -31325.3 -1.108043e-003
     840 302.554721705357170 2019 10  9 15:01:58.200740218163 28239479.5 -31353.5 -1.109041e-003
     844 304.174874080357260 2019 10  9 15:01:59.820888340473 28239376.2 -31456.8 -1.112694e-003
     850 306.244823017857240 2019 10  9 15:02:01.890842914581 28239257.8 -31575.2 -1.116883e-003
     852 306.874810428571440 2019 10  9 15:02:02.520813345909 28239237.8 -31595.2 -1.117590e-003
     862 310.564896098214260 2019 10  9 15:02:06.210916042328 28239024.6 -31808.4 -1.125131e-003
     864 311.194899035714400 2019 10  9 15:02:06.840886473656 28238993.6 -31839.4 -1.126228e-003
     874 314.884976607142850 2019 10  9 15:02:10.530989170074 28238803.7 -32029.3 -1.132945e-003
     876 315.514978866071490 2019 10  9 15:02:11.160959601402 28238776.1 -32056.9 -1.133921e-003
     886 319.205056553571350 2019 10  9 15:02:14.851062297821 28238597.5 -32235.5 -1.140239e-003
     888 319.835064232142830 2019 10  9 15:02:15.481072962284 28238561.0 -32272.0 -1.141530e-003
     898 323.525146267857050 2019 10  9 15:02:19.171135425568 28238394.3 -32438.7 -1.147426e-003
     900 324.155163785714310 2019 10  9 15:02:19.801146090031 28238360.5 -32472.5 -1.148622e-003
     912 328.475470508928540 2019 10  9 15:02:24.121460616589 28238183.3 -32649.7 -1.154890e-003
    1079 388.777518937499910 2019 10  9 15:03:24.423527419567 28306070.9 35237.9 1.246440e-003
    1103 397.417398276785600 2019 10  9 15:03:33.063392043114 28305944.3 35111.3 1.241962e-003
    1175 423.336839187499950 2019 10  9 15:03:58.982824981213 28305560.9 34727.9 1.228400e-003
    1223 440.616354473214190 2019 10  9 15:04:16.262353062630 28305207.2 34374.2 1.215889e-003
    1235 444.936257294642870 2019 10  9 15:04:20.582265257835 28305109.5 34276.5 1.212433e-003
    1247 449.256168526785640 2019 10  9 15:04:24.902177453041 28305008.1 34175.1 1.208847e-003
    1271 457.896023383928590 2019 10  9 15:04:33.542042076588 28304793.3 33960.3 1.201249e-003
    1283 462.215939089285600 2019 10  9 15:04:37.861954271793 28304680.3 33847.3 1.197252e-003
    1295 466.535806982142790 2019 10  9 15:04:42.181826233864 28304541.4 33708.4 1.192338e-003
    1307 470.855719437499890 2019 10  9 15:04:46.501738429070 28304408.0 33575.0 1.187620e-003
    1319 475.175619705357120 2019 10  9 15:04:50.821610391140 28304273.4 33440.4 1.182859e-003
    1327 477.785593741071350 2019 10  9 15:04:53.431574106216 28304184.1 33351.1 1.179700e-003
    1331 479.495530160714280 2019 10  9 15:04:55.141522586346 28304120.3 33287.3 1.177443e-003
    1339 482.105506303571470 2019 10  9 15:04:57.751486301422 28304030.0 33197.0 1.174249e-003
    1343 483.815444142857250 2019 10  9 15:04:59.461434781551 28303977.1 33144.1 1.172378e-003
    1351 486.425399651785650 2019 10  9 15:05:02.071398496628 28303877.8 33044.8 1.168865e-003
    1355 488.135356732142780 2019 10  9 15:05:03.781346976757 28303806.4 32973.4 1.166340e-003
    1363 490.745302098214210 2019 10  9 15:05:06.391310691833 28303701.2 32868.2 1.162619e-003
    1367 492.455268678571430 2019 10  9 15:05:08.101259171963 28303634.7 32801.7 1.160266e-003
    1375 495.065225973214240 2019 10  9 15:05:10.711222887039 28303524.1 32691.1 1.156354e-003
    1379 496.775184428571270 2019 10  9 15:05:12.421171367168 28303454.5 32621.5 1.153892e-003
    1387 499.385131178571380 2019 10  9 15:05:15.031135082245 28303341.7 32508.7 1.149902e-003
    1391 501.095096241071300 2019 10  9 15:05:16.741083562374 28303257.9 32424.9 1.146938e-003
    1399 503.705055285714250 2019 10  9 15:05:19.351047277451 28303142.2 32309.2 1.142846e-003
    1403 505.415012598214100 2019 10  9 15:05:21.060995757580 28303057.0 32224.0 1.139832e-003
    1411 508.024978178571360 2019 10  9 15:05:23.670959472656 28302936.1 32103.1 1.135556e-003
    1415 509.734927687499920 2019 10  9 15:05:25.380907952785 28302845.0 32012.0 1.132333e-003
    1423 512.344882383928390 2019 10  9 15:05:27.990871667862 28302705.1 31872.1 1.127385e-003
    1427 514.054842821428450 2019 10  9 15:05:29.700860381126 28302621.0 31788.0 1.124410e-003
    1435 516.664796026785780 2019 10  9 15:05:32.310783863068 28302485.6 31652.6 1.119620e-003
    1439 518.374751607143030 2019 10  9 15:05:34.020732343197 28302378.8 31545.8 1.115843e-003
    1447 520.984708017857320 2019 10  9 15:05:36.630696058273 28302228.3 31395.3 1.110519e-003
    1451 522.694669232143040 2019 10  9 15:05:38.340684771538 28302125.8 31292.8 1.106893e-003
    1456 524.314862044642840 2019 10  9 15:05:39.960873126984 28302032.0 31199.0 1.103576e-003
    1459 525.304630062500110 2019 10  9 15:05:40.950648486614 28301968.9 31135.9 1.101344e-003
    1463 527.014590133928320 2019 10  9 15:05:42.660596966743 28301866.0 31033.0 1.097704e-003
    1468 528.634868750000010 2019 10  9 15:05:44.280865788460 28301750.7 30917.7 1.093625e-003
    1471 529.624543169642830 2019 10  9 15:05:45.270560681820 28301696.8 30863.8 1.091719e-003
    1475 531.334508098214200 2019 10  9 15:05:46.980509161949 28301578.4 30745.4 1.087531e-003
    1483 533.944460750000080 2019 10  9 15:05:49.590472877026 28301404.2 30571.2 1.081369e-003
    1487 535.654423107142970 2019 10  9 15:05:51.300421357155 28301279.9 30446.9 1.076972e-003
    1490 536.734762241071620 2019 10  9 15:05:52.380761504173 28301198.7 30365.7 1.074100e-003
    1492 537.274651383928470 2019 10  9 15:05:52.920649945736 28301167.1 30334.1 1.072982e-003
    1494 537.994526026785710 2019 10  9 15:05:53.640541434288 28301108.0 30275.0 1.070892e-003
    1495 538.264376187500030 2019 10  9 15:05:53.910385072231 28301090.1 30257.1 1.070259e-003
    1499 539.974347008928590 2019 10  9 15:05:55.620333552361 28300969.9 30136.9 1.066007e-003
    1507 542.584307258928670 2019 10  9 15:05:58.230297267437 28300763.8 29930.8 1.058717e-003
    1511 544.294276294643050 2019 10  9 15:05:59.940285980701 28300622.7 29789.7 1.053726e-003
    1519 546.904245258928540 2019 10  9 15:06:02.550249695778 28300421.8 29588.8 1.046619e-003
    1523 548.614197794642910 2019 10  9 15:06:04.260198175907 28300265.9 29432.9 1.041105e-003
    1531 551.224150937500100 2019 10  9 15:06:06.870161890984 28300044.3 29211.3 1.033266e-003
    1535 552.934129080357020 2019 10  9 15:06:08.580110371113 28299899.9 29066.9 1.028159e-003
    1543 555.544074464285810 2019 10  9 15:06:11.190074086189 28299653.8 28820.8 1.019454e-003
    1547 557.254040517857330 2019 10  9 15:06:12.900022566319 28299500.2 28667.2 1.014020e-003
    1549 557.794133178571540 2019 10  9 15:06:13.440152406693 28299430.1 28597.1 1.011541e-003
    1552 558.874158839285770 2019 10  9 15:06:14.520170688629 28299333.8 28500.8 1.008134e-003
    1554 559.594001607143130 2019 10  9 15:06:15.239981710911 28299279.6 28446.6 1.006217e-003
    1555 559.863990241071520 2019 10  9 15:06:15.509986281395 28299243.8 28410.8 1.004951e-003
    1559 561.573975000000130 2019 10  9 15:06:17.219974994659 28299080.3 28247.3 9.991676e-004
    1561 562.113977303571690 2019 10  9 15:06:17.759984135628 28299024.8 28191.8 9.972044e-004
    1566 563.913929357142930 2019 10  9 15:06:19.559934139252 28298828.5 27995.5 9.902609e-004
    1567 564.183928035714300 2019 10  9 15:06:19.829938709736 28298811.9 27978.9 9.896737e-004
    1571 565.893906857142950 2019 10  9 15:06:21.539887189865 28298636.3 27803.3 9.834624e-004
    1578 568.234300705357210 2019 10  9 15:06:23.880288898945 28298366.4 27533.4 9.739154e-004
    1579 568.505415044643090 2019 10  9 15:06:24.151419997215 28298342.0 27509.0 9.730523e-004
    1591 573.093768741071590 2019 10  9 15:06:28.739767670631 28297820.5 26987.5 9.546058e-004
    1603 577.413698089285620 2019 10  9 15:06:33.059679865837 28297290.8 26457.8 9.358691e-004
    1614 581.194108250000110 2019 10  9 15:06:36.840105950832 28296821.2 25988.2 9.192584e-004
    1615 581.733620973214220 2019 10  9 15:06:37.379632294178 28296732.0 25899.0 9.161032e-004
    1626 585.513595455357290 2019 10  9 15:06:41.159575581551 28296226.8 25393.8 8.982332e-004
    1627 586.053551919643040 2019 10  9 15:06:41.699544489384 28296146.4 25313.4 8.953893e-004
    1638 589.833500276785800 2019 10  9 15:06:45.479487776756 28295602.7 24769.7 8.761574e-004
    1639 590.105710267857380 2019 10  9 15:06:45.751705169678 28295649.3 24816.3 8.778058e-004
    1651 594.423598000000080 2019 10  9 15:06:50.069605708122 28294908.6 24075.6 8.516056e-004
    1663 599.013362616071500 2019 10  9 15:06:54.659361541271 28294161.7 23328.7 8.251862e-004
    1675 603.333307624999970 2019 10  9 15:06:58.979313969612 28293410.1 22577.1 7.986005e-004
    1677 603.873310562500140 2019 10  9 15:06:59.519323110580 28293316.4 22483.4 7.952861e-004
    1687 607.653258008928450 2019 10  9 15:07:03.299266397953 28292625.7 21792.7 7.708545e-004
    1689 608.193236125000000 2019 10  9 15:07:03.839235305786 28292527.8 21694.8 7.673916e-004
    1699 611.973199625000010 2019 10  9 15:07:07.619218826294 28291801.9 20968.9 7.417150e-004
    1701 612.513171473214240 2019 10  9 15:07:08.159187734127 28291698.6 20865.6 7.380610e-004
    1710 615.663167651785670 2019 10  9 15:07:11.309160590172 28291051.0 20218.0 7.151540e-004
    1713 616.833121928571470 2019 10  9 15:07:12.479140162468 28290815.7 19982.7 7.068310e-004
    1722 619.983095651785790 2019 10  9 15:07:15.629113018513 28290137.1 19304.1 6.828274e-004
    1725 621.153060357143090 2019 10  9 15:07:16.799052357674 28289883.4 19050.4 6.738535e-004
    1734 624.303041392857150 2019 10  9 15:07:19.949025213718 28289175.3 18342.3 6.488065e-004
    1737 625.473012428571560 2019 10  9 15:07:21.119004786015 28288911.1 18078.1 6.394612e-004
    1746 628.623005776785820 2019 10  9 15:07:24.269017875195 28288181.3 17348.3 6.136466e-004
    1749 629.792971857143130 2019 10  9 15:07:25.438957214355 28287889.7 17056.7 6.033321e-004
    1758 632.942957348214120 2019 10  9 15:07:28.588970303535 28287109.7 16276.7 5.757418e-004
    1759 633.303035080357290 2019 10  9 15:07:28.949016630650 28287027.0 16194.0 5.728165e-004
    1761 634.112928142857190 2019 10  9 15:07:29.758909642696 28286814.2 15981.2 5.652893e-004
    1770 637.262945696428570 2019 10  9 15:07:32.908962965012 28286005.6 15172.6 5.366874e-004
    1773 638.432892437499960 2019 10  9 15:07:34.078902304173 28285690.7 14857.7 5.255487e-004
    1782 641.582858678571600 2019 10  9 15:07:37.228875160217 28284847.8 14014.8 4.957335e-004
    1785 642.752849767857240 2019 10  9 15:07:38.398854732513 28284525.5 13692.5 4.843331e-004
    1794 645.902911303571390 2019 10  9 15:07:41.548908054829 28283643.6 12810.6 4.531384e-004
    1797 647.072814178571550 2019 10  9 15:07:42.718807160854 28283310.3 12477.3 4.413489e-004
    1805 650.042810982142900 2019 10  9 15:07:45.688817203045 28282435.6 11602.6 4.104088e-004
    1806 650.222819767857230 2019 10  9 15:07:45.868820250034 28282386.4 11553.4 4.086685e-004
    1809 651.392777660714390 2019 10  9 15:07:47.038759589195 28282049.5 11216.5 3.967517e-004
    1817 654.362766249999940 2019 10  9 15:07:50.008769631386 28281153.7 10320.7 3.650653e-004
    1819 654.902768339285790 2019 10  9 15:07:50.548778772354 28280993.8 10160.8 3.594093e-004
    1821 655.712747366071540 2019 10  9 15:07:51.358752250671 28280746.4 9913.4 3.506582e-004
    1829 658.682742991071560 2019 10  9 15:07:54.328762292862 28279833.1 9000.1 3.183528e-004
    1831 659.222770116071620 2019 10  9 15:07:54.868771433830 28279669.0 8836.0 3.125483e-004
    1833 660.032726205357110 2019 10  9 15:07:55.678744912148 28279403.6 8570.6 3.031605e-004
    1843 663.542806758928580 2019 10  9 15:07:59.188804328442 28278284.5 7451.5 2.635755e-004
    1845 664.352706044642900 2019 10  9 15:07:59.998697340488 28278034.8 7201.8 2.547431e-004
    1853 667.322712857143070 2019 10  9 15:08:02.968707382679 28277067.0 6234.0 2.205100e-004
    1857 668.672683812499830 2019 10  9 15:08:04.318690001965 28276623.2 5790.2 2.048118e-004
    1858 669.122885241071460 2019 10  9 15:08:04.768898785114 28276469.2 5636.2 1.993645e-004
    1865 671.642842928571550 2019 10  9 15:08:07.288860976696 28275648.5 4815.5 1.703346e-004
    1869 672.992678874999910 2019 10  9 15:08:08.638682663441 28275199.3 4366.3 1.544454e-004
    1877 675.962721464285660 2019 10  9 15:08:11.608732938766 28274206.6 3373.6 1.193315e-004
    1881 677.312673249999990 2019 10  9 15:08:12.958675324917 28273750.7 2917.7 1.032053e-004
    1889 680.282669035714210 2019 10  9 15:08:15.928685367107 28272750.1 1917.1 6.781194e-005
    1893 681.632683991071420 2019 10  9 15:08:17.278667986393 28272295.3 1462.3 5.172469e-005
    1901 684.602662651785640 2019 10  9 15:08:20.248678028584 28271275.7  442.7 1.565925e-005
    1905 685.952685285714100 2019 10  9 15:08:21.598700881004 28270821.3  -11.7 -4.138541e-007
    1913 688.922660205357030 2019 10  9 15:08:24.568670690060 28269808.1 -1024.9 -3.625291e-005
    1917 690.452668991071280 2019 10  9 15:08:26.098656356335 28269297.4 -1535.6 -5.431747e-005
    1918 690.722691607142910 2019 10  9 15:08:26.368701159954 28269192.3 -1640.7 -5.803508e-005
    1925 693.242667357142980 2019 10  9 15:08:28.888663351536 28268345.1 -2487.9 -8.800236e-005
    1929 694.772672366071670 2019 10  9 15:08:30.418689250946 28267829.7 -3003.3 -1.062332e-004
    1937 697.562684839285680 2019 10  9 15:08:33.208696246147 28266888.8 -3944.2 -1.395148e-004
    1941 699.092679124999790 2019 10  9 15:08:34.738681912422 28266380.5 -4452.5 -1.574945e-004
    1949 701.972880410714200 2019 10  9 15:08:37.618891596794 28265419.2 -5413.8 -1.914977e-004
    1953 703.412698383928270 2019 10  9 15:08:39.058714807034 28264949.4 -5883.6 -2.081156e-004
    1965 707.732712883928340 2019 10  9 15:08:43.378707468510 28263555.0 -7278.0 -2.574385e-004
    1977 712.052731044643000 2019 10  9 15:08:47.698740363121 28262184.1 -8648.9 -3.059301e-004
    1978 712.322838071428580 2019 10  9 15:08:47.968825399876 28262086.6 -8746.4 -3.093789e-004
    1985 714.842763133928430 2019 10  9 15:08:50.488747358322 28261311.8 -9521.2 -3.367853e-004
    1989 716.372753223214320 2019 10  9 15:08:52.018773257732 28260838.2 -9994.8 -3.535375e-004
    1990 716.642795017857220 2019 10  9 15:08:52.288777828217 28260753.5 -10079.5 -3.565335e-004
    1997 719.162779348214370 2019 10  9 15:08:54.808780252934 28259999.8 -10833.2 -3.831935e-004
    2001 720.692783410714240 2019 10  9 15:08:56.338765919209 28259544.5 -11288.5 -3.992985e-004
    2009 723.483054303571520 2019 10  9 15:08:59.129054546356 28258717.7 -12115.3 -4.285441e-004
    2012 724.652885571428560 2019 10  9 15:09:00.298873186111 28258396.6 -12436.4 -4.399021e-004
    2013 725.012817455357090 2019 10  9 15:09:00.658798813820 28258291.0 -12542.0 -4.436374e-004
    2025 729.332853687499890 2019 10  9 15:09:04.978871941566 28257075.3 -13757.7 -4.866394e-004
    2037 733.652892258928430 2019 10  9 15:09:09.298904836178 28255907.5 -14925.5 -5.279469e-004
    2049 737.972940848214190 2019 10  9 15:09:13.618937730789 28254790.3 -16042.7 -5.674647e-004
    2061 742.293004821428670 2019 10  9 15:09:17.939010858536 28253728.4 -17104.6 -6.050264e-004
    2073 746.613034142857150 2019 10  9 15:09:22.259043753147 28252707.1 -18125.9 -6.411520e-004
    2085 750.933069937500020 2019 10  9 15:09:26.579076647758 28251731.2 -19101.8 -6.756716e-004
    2096 754.893126258928420 2019 10  9 15:09:30.539143681526 28250889.7 -19943.3 -7.054373e-004
    2097 755.253133508928500 2019 10  9 15:09:30.899149775505 28250810.9 -20022.1 -7.082246e-004
    2108 759.213177723214240 2019 10  9 15:09:34.859176576138 28250001.9 -20831.1 -7.368407e-004
    2109 759.573180062500110 2019 10  9 15:09:35.219182670116 28249938.8 -20894.2 -7.390727e-004
    2118 762.813527955357130 2019 10  9 15:09:38.459519147873 28249309.1 -21523.9 -7.613465e-004
    2120 763.533239383928390 2019 10  9 15:09:39.179249703884 28249172.4 -21660.6 -7.661819e-004
    2121 763.893233410714290 2019 10  9 15:09:39.539215564728 28249109.5 -21723.5 -7.684068e-004
    2122 764.163363124999820 2019 10  9 15:09:39.809381067753 28249060.0 -21773.0 -7.701577e-004
    2130 767.133314437500080 2019 10  9 15:09:42.779310643673 28248504.9 -22328.1 -7.897928e-004
    2132 767.853298348214140 2019 10  9 15:09:43.499282598495 28248380.2 -22452.8 -7.942037e-004
    2133 768.213307446428640 2019 10  9 15:09:43.859288692474 28248322.0 -22511.0 -7.962624e-004
    2134 768.483728687499930 2019 10  9 15:09:44.129735827446 28248266.1 -22566.9 -7.982397e-004
    2142 771.453349741071520 2019 10  9 15:09:47.099343538284 28247748.5 -23084.5 -8.165483e-004
    2144 772.173348062500170 2019 10  9 15:09:47.819355726242 28247638.5 -23194.5 -8.204392e-004
    2145 772.533363616071710 2019 10  9 15:09:48.179361820221 28247564.5 -23268.5 -8.230568e-004
    2146 772.803406142857170 2019 10  9 15:09:48.449406623840 28247524.5 -23308.5 -8.244716e-004
    2154 775.773444098214440 2019 10  9 15:09:51.419456899166 28247039.1 -23793.9 -8.416413e-004
    2156 776.493415455357190 2019 10  9 15:09:52.139428853989 28246931.1 -23901.9 -8.454615e-004
    2157 776.853438232142930 2019 10  9 15:09:52.499434947968 28246878.3 -23954.7 -8.473291e-004
    2158 777.123430116071630 2019 10  9 15:09:52.769439518452 28246824.0 -24009.0 -8.492498e-004
    2166 780.093487812499920 2019 10  9 15:09:55.739489793777 28246378.3 -24454.7 -8.650152e-004
    2168 780.813471848214250 2019 10  9 15:09:56.459461748600 28246257.5 -24575.5 -8.692881e-004
    2178 784.413553758928400 2019 10  9 15:10:00.059562921524 28245733.5 -25099.5 -8.878231e-004
    2180 785.133544830357210 2019 10  9 15:10:00.779534876347 28245628.9 -25204.1 -8.915231e-004
    2190 788.733821991071520 2019 10  9 15:10:04.379837214947 28245134.0 -25699.0 -9.090288e-004
    2192 789.453608544642980 2019 10  9 15:10:05.099608004093 28245039.1 -25793.9 -9.123856e-004
    2202 793.053688285714200 2019 10  9 15:10:08.699668943882 28244560.0 -26273.0 -9.293324e-004
    2204 793.773675857143300 2019 10  9 15:10:09.419681131840 28244474.3 -26358.7 -9.323638e-004
    2216 798.093754973214350 2019 10  9 15:10:13.739754259586 28243945.1 -26887.9 -9.510827e-004
    2221 799.623862241071610 2019 10  9 15:10:15.269860625267 28243768.8 -27064.2 -9.573188e-004
    2226 801.694105589285750 2019 10  9 15:10:17.340096831322 28243542.2 -27290.8 -9.653341e-004
    2228 802.413831821428520 2019 10  9 15:10:18.059827387333 28243447.7 -27385.3 -9.686768e-004
    2240 806.733896598214300 2019 10  9 15:10:22.379900515079 28242985.7 -27847.3 -9.850187e-004
    2242 807.363937687499970 2019 10  9 15:10:23.009951412678 28242916.0 -27917.0 -9.874842e-004
    2252 811.053980857142960 2019 10  9 15:10:26.699973642826 28242538.6 -28294.4 -1.000834e-003
    2254 811.683995875000050 2019 10  9 15:10:27.329984307289 28242479.1 -28353.9 -1.002938e-003
    2264 815.374050017857140 2019 10  9 15:10:31.020046770573 28242119.3 -28713.7 -1.015665e-003
    2266 816.004065866071530 2019 10  9 15:10:31.650057435036 28242058.8 -28774.2 -1.017805e-003
    2276 819.694133669643070 2019 10  9 15:10:35.340119898319 28241726.4 -29106.6 -1.029563e-003
    2278 820.324136642857300 2019 10  9 15:10:35.970130562782 28241672.1 -29160.9 -1.031484e-003
    2288 824.014210928571520 2019 10  9 15:10:39.660193026066 28241353.5 -29479.5 -1.042753e-003
    2290 824.644218553571480 2019 10  9 15:10:40.290203690529 28241296.7 -29536.3 -1.044762e-003
    2302 828.964317044642830 2019 10  9 15:10:44.610317051411 28240958.4 -29874.6 -1.056729e-003
    2312 832.654380375000190 2019 10  9 15:10:48.300379514694 28240688.3 -30144.7 -1.066283e-003
    2314 833.284381276786010 2019 10  9 15:10:48.930390179157 28240631.4 -30201.6 -1.068295e-003
    2326 837.604448607143130 2019 10  9 15:10:53.250463306904 28240317.7 -30515.3 -1.079392e-003
    2336 841.294967428571570 2019 10  9 15:10:56.940968334675 28240075.2 -30757.8 -1.087969e-003
    2338 841.924530321428390 2019 10  9 15:10:57.570536434650 28240025.2 -30807.8 -1.089738e-003
    2350 846.244627035714190 2019 10  9 15:11:01.890609562397 28239754.9 -31078.1 -1.099299e-003
    2362 850.564693758928570 2019 10  9 15:11:06.210682690144 28239489.9 -31343.1 -1.108673e-003
    2374 854.884784758928620 2019 10  9 15:11:10.530796051025 28239246.2 -31586.8 -1.117293e-003
    2386 859.204868133928580 2019 10  9 15:11:14.850869178772 28239017.2 -31815.8 -1.125393e-003
    2398 863.524949660714240 2019 10  9 15:11:19.170942306519 28238788.0 -32045.0 -1.133500e-003
    2410 867.845086910714260 2019 10  9 15:11:23.491095900536 28238583.5 -32249.5 -1.140734e-003
    2422 872.165132732142980 2019 10  9 15:11:27.811128795147 28238373.0 -32460.0 -1.148180e-003
    2434 876.485229705357030 2019 10  9 15:11:32.131242156029 28238197.3 -32635.7 -1.154395e-003
    2446 880.805328285713930 2019 10  9 15:11:36.451315283775 28238009.7 -32823.3 -1.161031e-003
    2482 893.765568651785660 2019 10  9 15:11:49.411574900150 28237552.1 -33280.9 -1.177217e-003
    2779 1000.506193401785600 2019 10  9 15:13:36.152174770832 28304528.3 33695.3 1.191875e-003
    2791 1004.826140312499900 2019 10  9 15:13:40.472127199173 28304402.7 33569.7 1.187432e-003
    2803 1009.146016035714200 2019 10  9 15:13:44.791999161243 28304282.3 33449.3 1.183173e-003
    2815 1013.465935991071400 2019 10  9 15:13:49.111951589584 28304151.2 33318.2 1.178536e-003
    2827 1017.785847098214400 2019 10  9 15:13:53.431863784790 28304003.0 33170.0 1.173294e-003
    2839 1022.105757535714200 2019 10  9 15:13:57.751775979996 28303857.9 33024.9 1.168162e-003
    2851 1026.425660348214700 2019 10  9 15:14:02.071647942066 28303705.1 32872.1 1.162757e-003
    2863 1030.745566973214900 2019 10  9 15:14:06.391560137272 28303543.1 32710.1 1.157026e-003
    2875 1035.065485026786100 2019 10  9 15:14:10.711472332478 28303371.0 32538.0 1.150939e-003
    2887 1039.385394571428400 2019 10  9 15:14:15.031384527683 28303191.1 32358.1 1.144575e-003
    2899 1043.705307223214700 2019 10  9 15:14:19.351296722889 28303008.6 32175.6 1.138120e-003
    2911 1048.025225339285700 2019 10  9 15:14:23.671208918095 28302803.5 31970.5 1.130865e-003
    2923 1052.345138312499800 2019 10  9 15:14:27.991121113300 28302593.1 31760.1 1.123423e-003
    2935 1056.665060607143000 2019 10  9 15:14:32.311073541641 28302377.1 31544.1 1.115782e-003
    2947 1060.984978008928500 2019 10  9 15:14:36.630985736847 28302139.7 31306.7 1.107385e-003
    2959 1065.304896410714300 2019 10  9 15:14:40.950897932053 28301897.7 31064.7 1.098825e-003
    2971 1069.624817732142900 2019 10  9 15:14:45.270810127258 28301641.1 30808.1 1.089749e-003
    2982 1073.674809928571200 2019 10  9 15:14:49.320798218250 28301375.1 30542.1 1.080340e-003
    2983 1073.944728535714400 2019 10  9 15:14:49.590722322464 28301361.6 30528.6 1.079862e-003
    2990 1076.734887910714600 2019 10  9 15:14:52.380890250206 28301172.1 30339.1 1.073159e-003
    2994 1077.994663794643000 2019 10  9 15:14:53.640670180321 28301090.6 30257.6 1.070276e-003
    2995 1078.264643348214300 2019 10  9 15:14:53.910634517670 28301074.4 30241.4 1.069703e-003
    3002 1081.054613401785900 2019 10  9 15:14:56.700601279736 28300876.1 30043.1 1.062689e-003
    3003 1081.324992624999800 2019 10  9 15:14:56.971008181572 28300855.5 30022.5 1.061960e-003
    3006 1082.314579848214400 2019 10  9 15:14:57.960582375526 28300774.3 29941.3 1.059088e-003
    3007 1082.584564035714300 2019 10  9 15:14:58.230546712875 28300771.7 29938.7 1.058996e-003
    3014 1085.374519473214600 2019 10  9 15:15:01.020513474941 28300555.3 29722.3 1.051342e-003
    3015 1085.644519285714300 2019 10  9 15:15:01.290518045425 28300545.2 29712.2 1.050984e-003
    3018 1086.634493723214300 2019 10  9 15:15:02.280494570732 28300472.4 29639.4 1.048409e-003
    3019 1086.904482794642700 2019 10  9 15:15:02.550499141216 28300448.2 29615.2 1.047553e-003
    3026 1089.694437732142400 2019 10  9 15:15:05.340425670147 28300229.2 29396.2 1.039807e-003
    3027 1089.964457196428600 2019 10  9 15:15:05.610470473766 28300201.4 29368.4 1.038823e-003
    3030 1090.954411482143100 2019 10  9 15:15:06.600406765938 28300131.2 29298.2 1.036340e-003
    3031 1091.224410062499800 2019 10  9 15:15:06.870411336422 28300109.1 29276.1 1.035558e-003
    3038 1094.014365473214600 2019 10  9 15:15:09.660378098488 28299880.9 29047.9 1.027487e-003
    3042 1095.274333348214200 2019 10  9 15:15:10.920318961143 28299771.4 28938.4 1.023613e-003
    3043 1095.544329482143000 2019 10  9 15:15:11.190323531628 28299745.3 28912.3 1.022690e-003
    3050 1098.334292696428100 2019 10  9 15:15:13.980290293694 28299503.4 28670.4 1.014134e-003
    3054 1099.594261794643000 2019 10  9 15:15:15.240271389484 28299394.5 28561.5 1.010282e-003
    3055 1099.864254160714400 2019 10  9 15:15:15.510235726833 28299370.7 28537.7 1.009440e-003
    3062 1102.654214660714400 2019 10  9 15:15:18.300202488899 28299122.7 28289.7 1.000667e-003
    3066 1103.914193107143100 2019 10  9 15:15:19.560183584690 28298994.0 28161.0 9.961150e-004
    3067 1104.184205562499800 2019 10  9 15:15:19.830188155174 28298971.2 28138.2 9.953085e-004
    3078 1108.234106785714400 2019 10  9 15:15:23.880095779896 28298571.8 27738.8 9.811809e-004
    3079 1108.504116883928400 2019 10  9 15:15:24.150100350380 28298542.1 27709.1 9.801303e-004
    3090 1112.554032223214100 2019 10  9 15:15:28.200048208237 28298127.9 27294.9 9.654792e-004
    3091 1112.824090321428200 2019 10  9 15:15:28.470093011856 28298093.0 27260.0 9.642447e-004
    3102 1116.873962214285700 2019 10  9 15:15:32.519960403442 28297653.3 26820.3 9.486915e-004
    3103 1117.144530553571000 2019 10  9 15:15:32.790528237820 28297621.0 26788.0 9.475490e-004
    3114 1121.193894580357000 2019 10  9 15:15:36.839912831783 28297159.5 26326.5 9.312248e-004
    3115 1121.733946982142900 2019 10  9 15:15:37.379962205887 28297086.6 26253.6 9.286461e-004
    3126 1125.513820999999800 2019 10  9 15:15:41.159825026989 28296624.7 25791.7 9.123077e-004
    3127 1126.053846535714200 2019 10  9 15:15:41.699834167957 28296557.7 25724.7 9.099378e-004
    3138 1129.833756982143100 2019 10  9 15:15:45.479737222195 28296073.4 25240.4 8.928071e-004
    3139 1130.373758232142800 2019 10  9 15:15:46.019746363163 28296002.1 25169.1 8.902851e-004
    3150 1134.153693946428600 2019 10  9 15:15:49.799689650536 28295480.8 24647.8 8.718456e-004
    3151 1134.693712348214400 2019 10  9 15:15:50.339698791504 28295398.3 24565.3 8.689273e-004
    3162 1138.473625517856800 2019 10  9 15:15:54.119642078876 28294858.9 24025.9 8.498476e-004
    3163 1139.013623553571300 2019 10  9 15:15:54.659610986710 28294777.0 23944.0 8.469506e-004
    3174 1142.793560428571500 2019 10  9 15:15:58.439554274082 28294198.6 23365.6 8.264914e-004
    3175 1143.333559401786000 2019 10  9 15:15:58.979563415051 28294117.6 23284.6 8.236262e-004
    3186 1147.113507580357200 2019 10  9 15:16:02.759506702423 28293516.2 22683.2 8.023534e-004
    3187 1147.653501830356800 2019 10  9 15:16:03.299515843391 28293420.7 22587.7 7.989754e-004
    3189 1148.193494857142200 2019 10  9 15:16:03.839484751225 28293353.1 22520.1 7.965842e-004
    3198 1151.433463232142900 2019 10  9 15:16:07.079459130764 28292781.3 21948.3 7.763584e-004
    3199 1151.973448669642700 2019 10  9 15:16:07.619468271732 28292682.8 21849.8 7.728743e-004
    3201 1152.513451294642700 2019 10  9 15:16:08.159437179565 28292599.7 21766.7 7.699349e-004
    3210 1155.753398794642600 2019 10  9 15:16:11.399411559105 28292020.4 21187.4 7.494438e-004
    3211 1156.293388901785600 2019 10  9 15:16:11.939380466938 28291911.9 21078.9 7.456059e-004
    3213 1156.833381839285500 2019 10  9 15:16:12.479389607906 28291819.9 20986.9 7.423517e-004
    3222 1160.073346446428300 2019 10  9 15:16:15.719363987446 28291210.2 20377.2 7.207853e-004
    3223 1160.613328491070900 2019 10  9 15:16:16.259332895279 28291102.7 20269.7 7.169828e-004
    3225 1161.153336312499500 2019 10  9 15:16:16.799342036247 28291001.1 20168.1 7.133890e-004
    3234 1164.393284883928300 2019 10  9 15:16:20.039276182652 28290353.5 19520.5 6.904820e-004
    3235 1164.933272428571400 2019 10  9 15:16:20.579285323620 28290251.0 19418.0 6.868563e-004
    3246 1168.713239428571100 2019 10  9 15:16:24.359228610992 28289461.3 18628.3 6.589229e-004
    3247 1169.253239267856800 2019 10  9 15:16:24.899237751961 28289354.1 18521.1 6.551310e-004
    3249 1169.703764598214500 2019 10  9 15:16:25.349768400192 28289243.1 18410.1 6.512047e-004
    3261 1174.023188446428300 2019 10  9 15:16:29.669197797775 28288309.7 17476.7 6.181884e-004
    3273 1178.343138767857000 2019 10  9 15:16:33.989150226116 28287318.0 16485.0 5.831098e-004
    3285 1182.663106285714100 2019 10  9 15:16:38.309102654457 28286292.7 15459.7 5.468427e-004
    3297 1186.983440276785600 2019 10  9 15:16:42.629457414150 28285220.9 14387.9 5.089309e-004
    3309 1191.304422919642500 2019 10  9 15:16:46.950415670872 28284331.3 13498.3 4.774638e-004
    3321 1195.712969562500100 2019 10  9 15:16:51.358961462975 28282929.2 12096.2 4.278685e-004
    3333 1200.032946267857100 2019 10  9 15:16:55.678954124451 28281726.1 10893.1 3.853123e-004
    3345 1204.352912892856700 2019 10  9 15:16:59.998906552792 28280491.3 9658.3 3.416348e-004
    3357 1208.672892205356700 2019 10  9 15:17:04.318899214268 28279230.4 8397.4 2.970340e-004
    3365 1211.642887776786000 2019 10  9 15:17:07.288869023323 28278341.2 7508.2 2.655811e-004
    3369 1212.902893678571200 2019 10  9 15:17:08.548890352249 28277953.8 7120.8 2.518780e-004
    3377 1215.962855392857100 2019 10  9 15:17:11.608861684799 28277030.3 6197.3 2.192118e-004
    3381 1217.223731571428500 2019 10  9 15:17:12.869727909565 28276636.2 5803.2 2.052716e-004
    3389 1220.282841410714600 2019 10  9 15:17:15.928854346275 28275686.3 4853.3 1.716716e-004
    3393 1221.543643660714500 2019 10  9 15:17:17.189640104771 28275287.8 4454.8 1.575758e-004
    3401 1224.602828991071000 2019 10  9 15:17:20.248847007751 28274335.6 3502.6 1.238945e-004
    3413 1228.922819651785900 2019 10  9 15:17:24.568839669228 28272965.5 2132.5 7.543110e-005
    3425 1233.242819830357100 2019 10  9 15:17:28.888832330704 28271583.8  750.8 2.655741e-005
    3434 1236.393076223214200 2019 10  9 15:17:32.039086818695 28270579.8 -253.2 -8.956227e-006
    3437 1237.562822589285800 2019 10  9 15:17:33.208824992180 28270210.2 -622.8 -2.202977e-005
    3446 1240.712947098214300 2019 10  9 15:17:36.358958780766 28269220.0 -1613.0 -5.705527e-005
    3449 1241.882826901785800 2019 10  9 15:17:37.528817653656 28268829.8 -2003.2 -7.085748e-005
    3461 1246.202826839285800 2019 10  9 15:17:41.848810315132 28267459.9 -3373.1 -1.193138e-004
    3473 1250.522837776785500 2019 10  9 15:17:46.168843209744 28266104.5 -4728.5 -1.672572e-004
    3485 1254.842848928571100 2019 10  9 15:17:50.488835871220 28264760.0 -6073.0 -2.148150e-004
    3497 1259.162869874999800 2019 10  9 15:17:54.808868765831 28263449.5 -7383.5 -2.611702e-004
    3500 1260.153070098213900 2019 10  9 15:17:55.799086689949 28263144.5 -7688.5 -2.719587e-004
    3501 1260.692887598214200 2019 10  9 15:17:56.338894665241 28262987.6 -7845.4 -2.775086e-004
    3509 1263.482896348214100 2019 10  9 15:17:59.128901660442 28262165.2 -8667.8 -3.065987e-004
    3512 1264.472929741071500 2019 10  9 15:18:00.118918418884 28261871.2 -8961.8 -3.169981e-004
    3513 1265.012924383928300 2019 10  9 15:18:00.658927559853 28261717.3 -9115.7 -3.224419e-004
    3521 1267.802936008928300 2019 10  9 15:18:03.448934555054 28260898.0 -9935.0 -3.514223e-004
    3524 1268.793690446428600 2019 10  9 15:18:04.439675509930 28260598.8 -10234.2 -3.620056e-004
    3525 1269.332929151785700 2019 10  9 15:18:04.978920221329 28260464.1 -10368.9 -3.667702e-004
    3537 1273.652959874999900 2019 10  9 15:18:09.298953115940 28259252.4 -11580.6 -4.096307e-004
    3549 1277.972993017857100 2019 10  9 15:18:13.618986010551 28258078.4 -12754.6 -4.511576e-004
    3561 1282.293022616071100 2019 10  9 15:18:17.939018905163 28256945.1 -13887.9 -4.912448e-004
    3573 1286.613065410714400 2019 10  9 15:18:22.259051799774 28255859.0 -14974.0 -5.296625e-004
    3585 1290.933100955356800 2019 10  9 15:18:26.579084694386 28254817.0 -16016.0 -5.665203e-004
    3597 1295.253146071428100 2019 10  9 15:18:30.899157822132 28253801.2 -17031.8 -6.024513e-004
    3606 1298.493348249999800 2019 10  9 15:18:34.139333367348 28253077.4 -17755.6 -6.280537e-004
    3608 1299.033217374999800 2019 10  9 15:18:34.679221808910 28252967.4 -17865.6 -6.319446e-004
    3609 1299.573200428571200 2019 10  9 15:18:35.219190716743 28252840.9 -17992.1 -6.364192e-004
    3618 1302.813336928570800 2019 10  9 15:18:38.459326028824 28252145.1 -18687.9 -6.610311e-004
    3621 1303.893236151785500 2019 10  9 15:18:39.539223611355 28251924.4 -18908.6 -6.688377e-004
    3630 1307.133294446428200 2019 10  9 15:18:42.779278457165 28251267.6 -19565.4 -6.920702e-004
    3633 1308.213294455357100 2019 10  9 15:18:43.859296739101 28251045.7 -19787.3 -6.999192e-004
    3642 1311.453349178571200 2019 10  9 15:18:47.099351584911 28250425.7 -20407.3 -7.218500e-004
    3645 1312.533358223214200 2019 10  9 15:18:48.179369866848 28250210.8 -20622.2 -7.294514e-004
    3654 1315.773425080356900 2019 10  9 15:18:51.419424712658 28249603.6 -21229.4 -7.509294e-004
    3657 1316.853405598214100 2019 10  9 15:18:52.499402761459 28249425.7 -21407.3 -7.572221e-004
    3666 1320.093454767856900 2019 10  9 15:18:55.739457607269 28248851.2 -21981.8 -7.775434e-004
    3669 1321.173471482143000 2019 10  9 15:18:56.819475889206 28248664.5 -22168.5 -7.841474e-004
    3678 1324.413517982143000 2019 10  9 15:19:00.059530735016 28248122.8 -22710.2 -8.033085e-004
    3681 1325.493530241071100 2019 10  9 15:19:01.139549016953 28247952.3 -22880.7 -8.093394e-004
    3690 1328.733582625000100 2019 10  9 15:19:04.379563629627 28247433.1 -23399.9 -8.277047e-004
    3702 1333.053628089285700 2019 10  9 15:19:08.699636757374 28246785.8 -24047.2 -8.506010e-004
    3714 1337.373701178571300 2019 10  9 15:19:13.019709885120 28246168.1 -24664.9 -8.724504e-004
    3726 1341.693770973214200 2019 10  9 15:19:17.339783012867 28245588.6 -25244.4 -8.929486e-004
    3735 1344.664174491071000 2019 10  9 15:19:20.310155153275 28245195.8 -25637.2 -9.068428e-004
    3738 1346.013842008928300 2019 10  9 15:19:21.659856140614 28245034.1 -25798.9 -9.125624e-004
    3750 1350.333907053571200 2019 10  9 15:19:25.979889035225 28244508.1 -26324.9 -9.311682e-004
    3762 1354.653975883928300 2019 10  9 15:19:30.299962162971 28244012.9 -26820.1 -9.486845e-004
    3774 1358.974039312499800 2019 10  9 15:19:34.620035290718 28243547.6 -27285.4 -9.651431e-004
    3786 1363.294131955357000 2019 10  9 15:19:38.940148651600 28243096.0 -27737.0 -9.811172e-004
    3794 1365.994187089286000 2019 10  9 15:19:41.640194356441 28242844.5 -27988.5 -9.900133e-004
    3798 1367.614202660714500 2019 10  9 15:19:43.260221779346 28242682.3 -28150.7 -9.957506e-004
    3818 1374.634324776785400 2019 10  9 15:19:50.280340611935 28242048.9 -28784.1 -1.018155e-003
    3822 1376.254361982143100 2019 10  9 15:19:51.900368034840 28241906.5 -28926.5 -1.023192e-003
    3830 1378.954394821428200 2019 10  9 15:19:54.600413739681 28241688.7 -29144.3 -1.030896e-003
    3834 1380.574436151785400 2019 10  9 15:19:56.220441162586 28241552.7 -29280.3 -1.035707e-003
    3842 1383.274473419642800 2019 10  9 15:19:58.920486867428 28241344.9 -29488.1 -1.043057e-003
    3854 1387.594553473214500 2019 10  9 15:20:03.240559995174 28241022.6 -29810.4 -1.054458e-003
    3866 1391.914626142857100 2019 10  9 15:20:07.560633122921 28240708.4 -30124.6 -1.065572e-003
    3878 1396.234709035714100 2019 10  9 15:20:11.880706250668 28240415.9 -30417.1 -1.075918e-003
    3890 1400.554793750000300 2019 10  9 15:20:16.200779378414 28240148.7 -30684.3 -1.085370e-003
    3902 1404.874878562499800 2019 10  9 15:20:20.520892739296 28239880.1 -30952.9 -1.094870e-003
    3914 1409.194948767856700 2019 10  9 15:20:24.840965867043 28239637.6 -31195.4 -1.103448e-003
    3926 1413.515034669643000 2019 10  9 15:20:29.161038994789 28239398.0 -31435.0 -1.111923e-003
    3962 1426.475355187500300 2019 10  9 15:20:42.121338844299 28238781.3 -32051.7 -1.133737e-003
    3974 1430.795381107143200 2019 10  9 15:20:46.441371738911 28238578.9 -32254.1 -1.140897e-003
    3986 1435.115473178571600 2019 10  9 15:20:50.761485099792 28238388.5 -32444.5 -1.147632e-003
    3998 1439.435568714286100 2019 10  9 15:20:55.081558227539 28238228.0 -32605.0 -1.153309e-003
    4010 1443.755638169642900 2019 10  9 15:20:59.401631355286 28238070.1 -32762.9 -1.158894e-003
    4022 1448.075727419643000 2019 10  9 15:21:03.721744716167 28237911.3 -32921.7 -1.164511e-003
    4058 1461.036002107143100 2019 10  9 15:21:16.682004332542 28237479.0 -33354.0 -1.179803e-003
    4070 1465.356099580357300 2019 10  9 15:21:21.002117693424 28237367.1 -33465.9 -1.183761e-003
    4082 1469.676187044643000 2019 10  9 15:21:25.322190821171 28237241.0 -33592.0 -1.188221e-003
    4094 1473.996320196428300 2019 10  9 15:21:29.642304182053 28237120.9 -33712.1 -1.192469e-003
    4279 1540.506556383928900 2019 10  9 15:22:36.152544915676 28303970.6 33137.6 1.172148e-003
    4291 1544.826507794643200 2019 10  9 15:22:40.472497344017 28303852.0 33019.0 1.167953e-003
    4303 1549.146384607142600 2019 10  9 15:22:44.792369306087 28303735.2 32902.2 1.163821e-003
    4315 1553.466287633928700 2019 10  9 15:22:49.112281501293 28303586.6 32753.6 1.158565e-003
    4322 1556.256426669642900 2019 10  9 15:22:51.902409195900 28303492.0 32659.0 1.155219e-003
    4327 1557.786189500000100 2019 10  9 15:22:53.432193696499 28303449.3 32616.3 1.153708e-003
    4334 1560.576130910714300 2019 10  9 15:22:56.222120225430 28303344.6 32511.6 1.150005e-003
    4339 1562.106093803571200 2019 10  9 15:22:57.752105891705 28303292.6 32459.6 1.148166e-003
    4346 1564.896044767856900 2019 10  9 15:23:00.542032420635 28303189.3 32356.3 1.144512e-003
    4351 1566.426009991071600 2019 10  9 15:23:02.072018086910 28303138.4 32305.4 1.142711e-003
    4358 1569.215965848214900 2019 10  9 15:23:04.861984848976 28303027.6 32194.6 1.138792e-003
    4363 1570.745953741072100 2019 10  9 15:23:06.391970515251 28302971.1 32138.1 1.136794e-003
    4370 1573.535870919643000 2019 10  9 15:23:09.181856811047 28302857.9 32024.9 1.132789e-003
    4375 1575.065861071428800 2019 10  9 15:23:10.711842477322 28302794.3 31961.3 1.130540e-003
    4382 1577.855783339285800 2019 10  9 15:23:13.501769006252 28302679.4 31846.4 1.126475e-003
    4387 1579.385994526785700 2019 10  9 15:23:15.031996071339 28302610.3 31777.3 1.124031e-003
    4394 1582.175695089285900 2019 10  9 15:23:17.821681201458 28302492.3 31659.3 1.119857e-003
    4399 1583.705681053571900 2019 10  9 15:23:19.351666867733 28302432.8 31599.8 1.117753e-003
    4406 1586.495619776786300 2019 10  9 15:23:22.141633629799 28302302.4 31469.4 1.113140e-003
    4418 1590.815532214285700 2019 10  9 15:23:26.461545825005 28302095.6 31262.6 1.105825e-003
    4423 1592.345514553571300 2019 10  9 15:23:27.991531491280 28302018.0 31185.0 1.103080e-003
    4430 1595.135449437499800 2019 10  9 15:23:30.781458020210 28301874.1 31041.1 1.097990e-003
    4435 1596.665555866071600 2019 10  9 15:23:32.311564385891 28301800.3 30967.3 1.095380e-003
    4442 1599.455363205356900 2019 10  9 15:23:35.101370215416 28301649.0 30816.0 1.090028e-003
    4446 1600.715349223214400 2019 10  9 15:23:36.361351311207 28301574.7 30741.7 1.087400e-003
    4447 1600.985361892857100 2019 10  9 15:23:36.631355881691 28301572.4 30739.4 1.087319e-003
    4454 1603.775287410714600 2019 10  9 15:23:39.421282410622 28301414.8 30581.8 1.081744e-003
    4466 1608.095203401786000 2019 10  9 15:23:43.741194605827 28301159.7 30326.7 1.072720e-003
    4470 1609.355209526786000 2019 10  9 15:23:45.001215934753 28301082.1 30249.1 1.069976e-003
    4478 1612.415121241071300 2019 10  9 15:23:48.061106801033 28300897.0 30064.0 1.063428e-003
    4482 1613.675116714285700 2019 10  9 15:23:49.321128129959 28300814.8 29981.8 1.060521e-003
    4490 1616.735047633928600 2019 10  9 15:23:52.381059229374 28300624.2 29791.2 1.053779e-003
    4502 1621.054965214285600 2019 10  9 15:23:56.700971424580 28300335.5 29502.5 1.043567e-003
    4506 1622.315225535714500 2019 10  9 15:23:57.961234152317 28300249.4 29416.4 1.040521e-003
    4514 1625.374880901785700 2019 10  9 15:24:01.020883619785 28300030.9 29197.9 1.032792e-003
    4518 1626.634885633928400 2019 10  9 15:24:02.280904948711 28299932.3 29099.3 1.029305e-003
    4526 1629.694811142856900 2019 10  9 15:24:05.340795814991 28299710.8 28877.8 1.021470e-003
    4530 1630.954808839285300 2019 10  9 15:24:06.600817143917 28299617.9 28784.9 1.018184e-003
    4538 1634.014734491071100 2019 10  9 15:24:09.660748243332 28299376.6 28543.6 1.009648e-003
    4542 1635.274726008928200 2019 10  9 15:24:10.920729339123 28299273.6 28440.6 1.006005e-003
    4550 1638.334660616071200 2019 10  9 15:24:13.980660438538 28299024.0 28191.0 9.971761e-004
    4554 1639.594653723214600 2019 10  9 15:24:15.240641534328 28298912.7 28079.7 9.932392e-004
    4562 1642.654597910714300 2019 10  9 15:24:18.300612866879 28298650.8 27817.8 9.839753e-004
    4566 1643.914581723214700 2019 10  9 15:24:19.560593962669 28298533.0 27700.0 9.798084e-004
    4574 1646.974512562500200 2019 10  9 15:24:22.620525062084 28298259.6 27426.6 9.701377e-004
    4578 1648.234500866071400 2019 10  9 15:24:23.880506157875 28298133.7 27300.7 9.656843e-004
    4586 1651.294453732143000 2019 10  9 15:24:26.940437257290 28297850.4 27017.4 9.556634e-004
    4590 1652.554419178571200 2019 10  9 15:24:28.200418353081 28297718.7 26885.7 9.510049e-004
    4602 1656.874349258927900 2019 10  9 15:24:32.520330548286 28297286.5 26453.5 9.357170e-004
    4614 1661.194286098214000 2019 10  9 15:24:36.840282976627 28296820.8 25987.8 9.192442e-004
    4626 1665.514212687499800 2019 10  9 15:24:41.160195171833 28296344.2 25511.2 9.023859e-004
    4638 1669.834145651785800 2019 10  9 15:24:45.480147600174 28295838.0 25005.0 8.844805e-004
    4650 1674.154074535714000 2019 10  9 15:24:49.800059795380 28295290.2 24457.2 8.651036e-004
    4662 1678.474013339285600 2019 10  9 15:24:54.120012223721 28294732.6 23899.6 8.453801e-004
    4663 1679.014486044642800 2019 10  9 15:24:54.660504162312 28294667.8 23834.8 8.430880e-004
    4674 1682.793946526785700 2019 10  9 15:24:58.439964652061 28294152.0 23319.0 8.248430e-004
    4675 1683.334098169642900 2019 10  9 15:24:58.980094492435 28294071.2 23238.2 8.219850e-004
    4686 1687.113886330357000 2019 10  9 15:25:02.759876847267 28293529.5 22696.5 8.028239e-004
    4687 1687.654376874999600 2019 10  9 15:25:03.300368785858 28293450.0 22617.0 8.000118e-004
    4698 1691.433829241071400 2019 10  9 15:25:07.079829275608 28292881.6 22048.6 7.799063e-004
    4699 1691.973842705357400 2019 10  9 15:25:07.619838416576 28292812.0 21979.0 7.774444e-004
    4710 1695.753773660714600 2019 10  9 15:25:11.399781703949 28292195.9 21362.9 7.556516e-004
    4713 1696.743987410714500 2019 10  9 15:25:12.389999628067 28292049.1 21216.1 7.504590e-004
    4722 1700.073713741071500 2019 10  9 15:25:15.719693899155 28291493.6 20660.6 7.308097e-004
    4725 1701.063736303571200 2019 10  9 15:25:16.709750890732 28291321.0 20488.0 7.247045e-004
    4734 1704.393665089286100 2019 10  9 15:25:20.039646327496 28290747.9 19914.9 7.044327e-004
    4737 1705.383660616071200 2019 10  9 15:25:21.029663085938 28290568.7 19735.7 6.980940e-004
    4746 1708.713614919642600 2019 10  9 15:25:24.359598755836 28289969.0 19136.0 6.768814e-004
    4749 1709.703615160714900 2019 10  9 15:25:25.349615514278 28289783.6 18950.6 6.703234e-004
    4758 1713.033574339285900 2019 10  9 15:25:28.679591417313 28289157.2 18324.2 6.481663e-004
    4761 1714.023550607143100 2019 10  9 15:25:29.669567942619 28288966.3 18133.3 6.414137e-004
    4770 1717.353514008928400 2019 10  9 15:25:32.999503612518 28288315.4 17482.4 6.183900e-004
    4773 1718.343506687499900 2019 10  9 15:25:33.989520370960 28288112.1 17279.1 6.111988e-004
    4782 1721.673538580356800 2019 10  9 15:25:37.319536507130 28287427.7 16594.7 5.869901e-004
    4785 1722.663460848213800 2019 10  9 15:25:38.309472799301 28287217.4 16384.4 5.795514e-004
    4797 1726.983425151785900 2019 10  9 15:25:42.629425227642 28286300.5 15467.5 5.471187e-004
    4809 1731.303380508928100 2019 10  9 15:25:46.949377655983 28285339.8 14506.8 5.131366e-004
    4821 1735.623345553571000 2019 10  9 15:25:51.269330084324 28284343.5 13510.5 4.778954e-004
    4833 1739.943309374999900 2019 10  9 15:25:55.589322745800 28283311.7 12478.7 4.413984e-004
    4845 1744.263278758928400 2019 10  9 15:25:59.909275174141 28282259.4 11426.4 4.041763e-004
    4857 1748.583255285714100 2019 10  9 15:26:04.229267835617 28281175.3 10342.3 3.658293e-004
    4869 1752.903240232142500 2019 10  9 15:26:08.549220263958 28280054.1 9221.1 3.261701e-004
    4881 1757.223196107142900 2019 10  9 15:26:12.869212925434 28278919.6 8086.6 2.860404e-004
    4889 1760.283191232142800 2019 10  9 15:26:15.929184257984 28278085.8 7252.8 2.565471e-004
    4893 1761.543243633928600 2019 10  9 15:26:17.189245820045 28277754.5 6921.5 2.448283e-004
    4901 1764.603169437499900 2019 10  9 15:26:20.249176919460 28276908.1 6075.1 2.148893e-004
    4913 1768.923147491071600 2019 10  9 15:26:24.569129347801 28275705.2 4872.2 1.723402e-004
    4917 1770.183161160714500 2019 10  9 15:26:25.829150676727 28275366.6 4533.6 1.603632e-004
    4925 1773.243141008928400 2019 10  9 15:26:28.889122009277 28274494.5 3661.5 1.295151e-004
    4929 1774.503149553570900 2019 10  9 15:26:30.149143338203 28274140.8 3307.8 1.170040e-004
    4937 1777.563129991071000 2019 10  9 15:26:33.209114670753 28273265.8 2432.8 8.605335e-005
    4941 1778.823130946428400 2019 10  9 15:26:34.469135999680 28272909.7 2076.7 7.345733e-005
    4949 1781.883128169642800 2019 10  9 15:26:37.529147565365 28272032.4 1199.4 4.242535e-005
    4953 1783.143131160714100 2019 10  9 15:26:38.789128661156 28271668.9  835.9 2.956758e-005
    4961 1786.203126330357000 2019 10  9 15:26:41.849140226841 28270793.0  -40.0 -1.414886e-006
    4965 1787.463156232142900 2019 10  9 15:26:43.109161555767 28270423.5 -409.5 -1.448489e-005
    4973 1790.523125232142800 2019 10  9 15:26:46.169132888317 28269561.1 -1271.9 -4.498983e-005
    4985 1794.843138973214100 2019 10  9 15:26:50.489125549793 28268326.5 -2506.5 -8.866028e-005
    4997 1799.163140723214400 2019 10  9 15:26:54.809158444405 28267101.3 -3731.7 -1.319982e-004
